t	POSX	POSY	PHIS	SDOT	blank	w	ori
0	0	0	3.1415926	10	0	0	0
-10	-10	0	3.1415926	10	0	0	0
-20	-20	0	3.1415926	10	0	0	0
-40	-40	0	3.1415926	10	0	0	0
-50	-50	0	3.1415926	10	0	0	0
-70	-70	0	3.1415926	10	0	0	0
-80	-80	0	3.1415926	10	0	0	0
-90	-90	0	3.1415926	10	0	0	0
-110	-110	0	3.1415926	10	0	0	0
-120	-120	0	3.1415926	10	0	0	0
-140	-140	0	3.1415926	10	0	0	0
-150	-150	0	3.1415926	10	0	0	0
-160	-160	0	3.1415926	10	0	0	0
-180	-180	0	3.1415926	10	0	0	0
-190	-190	0	3.1415926	10	0	0	0
-210	-210	0	3.1415926	10	0	0	0
-220	-220	0	3.1415926	10	0	0	0
-230	-230	0	3.1415926	10	0	0	0
-250	-250	0	3.1415926	10	0	0	0
-260	-260	0	3.1415926	10	0	0	0
-280	-280	0	3.1415926	10	0	0	0
-290	-290	0	3.1415926	10	0	0	0
-300	-300	0	3.1415926	10	0	0	0
-320	-320	0	3.1415926	10	0	0	0
-330	-330	0	3.1415926	10	0	0	0
-340	-340	0	3.1415926	10	0	0	0
-360	-360	0	3.1415926	10	0	0	0
-370	-370	0	3.1415926	10	0	0	0
-390	-390	0	3.1415926	10	0	0	0
-400	-400	0	3.1415926	10	0	0	0
-410	-410	0	3.1415926	10	0	0	0
-430	-430	0	3.1415926	10	0	0	0
-440	-440	0	3.1415926	10	0	0	0
-460	-460	0	3.1415926	10	0	0	0
-470	-470	0	3.1415926	10	0	0	0
-490	-490	0	3.1415926	10	0	0	0
-500	-500	0	3.1415926	10	0	0	0
-520	-520	0	3.1415926	10	0	0	0
-530	-530	0	3.1415926	10	0	0	0
-540	-540	0	3.1415926	10	0	0	0
-560	-560	0	3.1415926	10	0	0	0
-570	-570	0	3.1415926	10	0	0	0
-590	-590	0	3.1415926	10	0	0	0
-600	-600	0	3.1415926	10	0	0	0
-610	-610	0	3.1415926	10	0	0	0
-630	-630	0	3.1415926	10	0	0	0
-640	-640	0	3.1415926	10	0	0	0
-660	-660	0	3.1415926	10	0	0	0
-670	-670	0	3.1415926	10	0	0	0
-680	-680	0	3.1415926	10	0	0	0
-700	-700	0	3.1415926	10	0	0	0
-710	-710	0	3.1415926	10	0	0	0
-730	-730	0	3.1415926	10	0	0	0
-740	-740	0	3.1415926	10	0	0	0
-750	-750	0	3.1415926	10	0	0	0
-770	-770	0	3.1415926	10	0	0	0
-780	-780	0	3.1415926	10	0	0	0
-790	-790	0	3.1415926	10	0	0	0
-810	-810	0	3.1415926	10	0	0	0
-820	-820	0	3.1415926	10	0	0	0
-840	-840	0	3.1415926	10	0	0	0
-850	-850	0	3.1415926	10	0	0	0
-860	-860	0	3.1415926	10	0	0	0
-880	-880	0	3.1415926	10	0	0	0
-890	-890	0	3.1415926	10	0	0	0
-900	-900	0	3.1415926	10	0	0	0
-920	-920	0	3.1415926	10	0	0	0
-930	-930	0	3.1415926	10	0	0	0
-950	-950	0	3.1415926	10	0	0	0
-960	-960	0	3.1415926	10	0	0	0
-970	-970	0	3.1415926	10	0	0	0
-990	-990	0	3.1415926	10	0	0	0
-1000	-1000	0	3.1415926	10	0	0	0
-1020	-1020	0	3.1415926	10	0	0	0.5
-1030	-1030	0	3.1415926	10	0	0	1
-1040	-1040	0	3.1415926	10	0	0	1.5
-1060	-1060	0	3.1415926	10	0	0	2
-1070	-1070	0	3.1415926	10	0	0	2.5
-1090	-1090	0	3.1415926	10	0	0	3
-1100	-1100	0	3.1415926	10	0	0	3.5
-1110	-1110	0	3.1415926	10	0	0	4
-1130	-1130	0	3.1415926	10	0	0	4.5
-1140	-1140	0	3.1415926	10	0	0	5
-1160	-1160	0	3.1415926	10	0	0	5.5
-1170	-1170	0	3.1415926	10	0	0	6
-1180	-1180	0	3.1415926	10	0	0	6.5
-1200	-1200	0	3.1415926	10	0	0	7
-1210	-1210	0	3.1415926	10	0	0	7.5
-1230	-1230	0	3.1415926	10	0	0	8
-1240	-1240	0	3.1415926	10	0	0	8.5
-1250	-1250	0	3.1415926	10	0	0	9
-1270	-1270	0	3.1415926	10	0	0	9.5
-1280	-1280	0	3.1415926	10	0	0	10
-1300	-1300	0	3.1415926	10	0	0	10.5
-1310	-1310	0	3.1415926	10	0	0	11
-1320	-1320	0	3.1415926	10	0	0	11.5
-1340	-1340	0	3.1415926	10	0	0	12
-1350	-1350	0	3.1415926	10	0	0	12.5
-1370	-1370	0	3.1415926	10	0	0	13
-1380	-1380	0	3.1415926	10	0	0	13.5
-1390	-1390	0	3.1415926	10	0	0	14
-1410	-1410	0	3.1415926	10	0	0	14.5
-1420	-1420	0	3.1415926	10	0	0	15
-1430	-1430	0	3.1415926	10	0	0	15.5
-1450	-1450	0	3.1415926	10	0	0	16
-1460	-1460	0	3.1415926	10	0	0	16.5
-1480	-1480	0	3.1415926	10	0	0	17
-1490	-1490	0	3.1415926	10	0	0	17.5
-1500	-1500	0	3.1415926	10	0	0	18
-1520	-1520	0	3.1415926	10	0	0	18.5
-1530	-1530	0	3.1415926	10	0	0	19
-1550	-1550	0	3.1415926	10	0	0	19.5
-1560	-1560	0	3.1415926	10	0	0	20
-1570	-1570	0	3.1415926	10	0	0	20.5
-1590	-1590	0	3.1415926	10	0	0	21
-1600	-1600	0	3.1415926	10	0	0	21.5
-1620	-1620	0	3.1415926	10	0	0	22
-1630	-1630	0	3.1415926	10	0	0	22.5
-1640	-1640	0	3.1415926	10	0	0	23
-1660	-1660	0	3.1415926	10	0	0	23.5
-1670	-1670	0	3.1415926	10	0	0	24
-1690	-1690	0	3.1415926	10	0	0	24.5
-1700	-1700	0	3.1415926	10	0	0	25
-1710	-1710	0	3.1415926	10	0	0	25.5
-1730	-1730	0	3.1415926	10	0	0	26
-1740	-1740	0	3.1415926	10	0	0	26.5
-1760	-1760	0	3.1415926	10	0	0	27
-1770	-1770	0	3.1415926	10	0	0	27.5
-1780	-1780	0	3.1415926	10	0	0	28
-1800	-1800	0	3.1415926	10	0	0	28.5
-1810	-1810	0	3.1415926	10	0	0	29
-1830	-1830	0	3.1415926	10	0	0	29.5
-1840	-1840	0	3.1415926	10	0	0	30
-1850	-1850	0	3.1415926	10	0	0	30.5
-1870	-1870	0	3.1415926	10	0	0	31
-1880	-1880	0	3.1415926	10	0	0	31.5
-1890	-1890	0	3.1415926	10	0	0	32
-1910	-1910	0	3.1415926	10	0	0	32.5
-1920	-1920	0	3.1415926	10	0	0	33
-1940	-1940	0	3.1415926	10	0	0	33.5
-1950	-1950	0	3.1415926	10	0	0	34
-1960	-1960	0	3.1415926	10	0	0	34.5
-1980	-1980	0	3.1415926	10	0	0	35
-1990	-1990	0	3.1415926	10	0	0	35.5
-2010	-2010	0	3.1415926	10	0	0	36
-2020	-2020	0	3.1415926	10	0	0	36.5
-2030	-2030	0	3.1415926	10	0	0	37
-2050	-2050	0	3.1415926	10	0	0	37.5
-2060	-2060	0	3.1415926	10	0	0	38
-2080	-2080	0	3.1415926	10	0	0	38.5
-2090	-2090	0	3.1415926	10	0	0	39
-2100	-2100	0	3.1415926	10	0	0	39.5
-2120	-2120	0	3.1415926	10	0	0	40
-2130	-2130	0	3.1415926	10	0	0	40.5
-2140	-2140	0	3.1415926	10	0	0	41
-2160	-2160	0	3.1415926	10	0	0	41.5
-2170	-2170	0	3.1415926	10	0	0	42
-2190	-2190	0	3.1415926	10	0	0	42.5
-2200	-2200	0	3.1415926	10	0	0	43
-2210	-2210	0	3.1415926	10	0	0	43.5
-2230	-2230	0	3.1415926	10	0	0	44
-2240	-2240	0	3.1415926	10	0	0	44.5
-2260	-2260	0	3.1415926	10	0	0	45
-2270	-2270	0	3.1415926	10	0	0	45
-2280	-2280	0	3.1415926	10	0	0	45
-2300	-2300	0	3.1415926	10	0	0	45
-2310	-2310	0	3.1415926	10	0	0	45
-2330	-2330	0	3.1415926	10	0	0	45
-2340	-2340	0	3.1415926	10	0	0	45
-2350	-2350	0	3.1415926	10	0	0	45
-2370	-2370	0	3.1415926	10	0	0	45
-2380	-2380	0	3.1415926	10	0	0	45
-2400	-2400	0	3.1415926	10	0	0	45
-2410	-2410	0	3.1415926	10	0	0	45
-2420	-2420	0	3.1415926	10	0	0	45
-2440	-2440	0	3.1415926	10	0	0	45
-2450	-2450	0	3.1415926	10	0	0	45
-2470	-2470	0	3.1415926	10	0	0	45
-2480	-2480	0	3.1415926	10	0	0	45
-2490	-2490	0	3.1415926	10	0	0	45
-2510	-2510	0	3.1415926	10	0	0	45
-2520	-2520	0	3.1415926	10	0	0	45
-2540	-2540	0	3.1415926	10	0	0	45
-2550	-2550	0	3.1415926	10	0	0	45
-2560	-2560	0	3.1415926	10	0	0	45
-2580	-2580	0	3.1415926	10	0	0	45
-2590	-2590	0	3.1415926	10	0	0	45
-2610	-2610	0	3.1415926	10	0	0	45
-2620	-2620	0	3.1415926	10	0	0	45
-2630	-2630	0	3.1415926	10	0	0	45
-2650	-2650	0	3.1415926	10	0	0	45
-2660	-2660	0	3.1415926	10	0	0	45
-2670	-2670	0	3.1415926	10	0	0	45
-2690	-2690	0	3.1415926	10	0	0	45
-2700	-2700	0	3.1415926	10	0	0	45
-2720	-2720	0	3.1415926	10	0	0	45
-2730	-2730	0	3.1415926	10	0	0	45
-2740	-2740	0	3.1415926	10	0	0	45
-2760	-2760	0	3.1415926	10	0	0	45
-2770	-2770	0	3.1415926	10	0	0	45
-2790	-2790	0	3.1415926	10	0	0	45
-2800	-2800	0	3.1415926	10	0	0	45
-2810	-2810	0	3.1415926	10	0	0	45
-2830	-2830	0	3.1415926	10	0	0	45
-2840	-2840	0	3.1415926	10	0	0	45
-2860	-2860	0	3.1415926	10	0	0	45
-2870	-2870	0	3.1415926	10	0	0	45
-2880	-2880	0	3.1415926	10	0	0	45
-2900	-2900	0	3.1415926	10	0	0	45
-2910	-2910	0	3.1415926	10	0	0	45
-2930	-2930	0	3.1415926	10	0	0	45
-2940	-2940	0	3.1415926	10	0	0	45
-2950	-2950	0	3.1415926	10	0	0	45
-2970	-2970	0	3.1415926	10	0	0	45
-2980	-2980	0	3.1415926	10	0	0	45
-2980	-2980	0	3.1415926	10	0	0	45
-2980	-2980	0	3.1415926	10	0	0	45
-2980	-2980	0	3.1415926	10	0	0	45
1	-3000	0	3.1415926	10	0	0.02	45
2	-3009.999333	0.099996667	3.121592654	10	0	0.02	45.6
3	-3019.994667	0.39994667	3.101592654	10	0	0.02	46.2
4	-3029.982003	0.899730032	3.081592654	10	0	0.02	46.8
5	-3039.957347	1.599146849	3.061592654	10	0	0.02	47.4
6	-3049.916708	2.497917361	3.041592654	10	0	0.02	48
7	-3059.856104	3.595682073	3.021592654	10	0	0.02	48.6
8	-3069.771557	4.892001894	3.001592654	10	0	0.02	49.2
9	-3079.659103	6.386358312	2.981592654	10	0	0.02	49.8
10	-3089.514787	8.078153606	2.961592654	10	0	0.02	50.4
11	-3099.334665	9.966711079	2.941592654	10	0	0.02	51
12	-3109.114812	12.05127533	2.921592654	10	0	0.02	51.6
13	-3118.851313	14.33101257	2.901592654	10	0	0.02	52.2
14	-3128.540276	16.80501093	2.881592654	10	0	0.02	52.8
15	-3138.177824	19.47228084	2.861592654	10	0	0.02	53.4
16	-3147.760103	22.33175544	2.841592654	10	0	0.02	54
17	-3157.28328	25.38229096	2.821592654	10	0	0.02	54.6
18	-3166.743546	28.62266724	2.801592654	10	0	0.02	55.2
19	-3176.137117	32.05158816	2.781592654	10	0	0.02	55.8
20	-3185.460235	35.66768221	2.761592654	10	0	0.02	56.4
21	-3194.709171	39.469503	2.741592654	10	0	0.02	57
22	-3203.880227	43.45552984	2.721592654	10	0	0.02	57.6
23	-3212.969733	47.62416839	2.701592654	10	0	0.02	58.2
24	-3221.974053	51.97375124	2.681592654	10	0	0.02	58.8
25	-3230.889588	56.50253861	2.661592654	10	0	0.02	59.4
26	-3239.712769	61.20871905	2.641592654	10	0	0.02	60
27	-3248.440069	66.09041016	2.621592654	10	0	0.02	60.6
28	-3257.067996	71.14565932	2.601592654	10	0	0.02	61.2
29	-3265.593099	76.37244449	2.581592654	10	0	0.02	61.8
30	-3274.011968	81.76867504	2.561592654	10	0	0.02	62.4
31	-3282.321237	87.33219255	2.541592654	10	0	0.02	63
32	-3290.51758	93.06077167	2.521592654	10	0	0.02	63.6
33	-3298.597721	98.95212106	2.501592654	10	0	0.02	64.2
34	-3306.558426	105.0038843	2.481592654	10	0	0.02	64.8
35	-3314.396512	111.2136406	2.461592654	10	0	0.02	65.4
36	-3322.108844	117.5789064	2.441592654	10	0	0.02	66
37	-3329.692336	124.0971354	2.421592654	10	0	0.02	66.6
38	-3337.143956	130.7657206	2.401592654	10	0	0.02	67.2
39	-3344.460723	137.5819946	2.381592654	10	0	0.02	67.8
40	-3351.63971	144.543231	2.361592654	10	0	0.02	68.4
41	-3358.678045	151.6466453	2.341592654	10	0	0.02	69
42	-3365.572915	158.8893964	2.321592654	10	0	0.02	69.6
43	-3372.32156	166.2685871	2.301592654	10	0	0.02	70.2
44	-3378.921281	173.7812659	2.281592654	10	0	0.02	70.8
45	-3385.369439	181.4244279	2.261592654	10	0	0.02	71.4
46	-3391.663455	189.1950159	2.241592654	10	0	0.02	72
47	-3397.80081	197.0899217	2.221592654	10	0	0.02	72.6
48	-3403.77905	205.1059875	2.201592654	10	0	0.02	73.2
49	-3409.595784	213.240007	2.181592654	10	0	0.02	73.8
50	-3415.248685	221.4887266	2.161592654	10	0	0.02	74.4
51	-3420.735492	229.8488471	2.141592654	10	0	0.02	75
52	-3426.054011	238.3170244	2.121592654	10	0	0.02	75.6
53	-3431.202114	246.8898714	2.101592654	10	0	0.02	76.2
54	-3436.177741	255.5639591	2.081592654	10	0	0.02	76.8
55	-3440.978903	264.3358179	2.061592654	10	0	0.02	77.4
56	-3445.60368	273.2019393	2.041592654	10	0	0.02	78
57	-3450.050221	282.1587769	2.021592654	10	0	0.02	78.6
58	-3454.316748	291.202748	2.001592654	10	0	0.02	79.2
59	-3458.401554	300.3302353	1.981592654	10	0	0.02	79.8
60	-3462.303006	309.5375878	1.961592654	10	0	0.02	80.4
61	-3466.019543	318.8211228	1.941592654	10	0	0.02	81
62	-3469.549678	328.1771268	1.921592654	10	0	0.02	81.6
63	-3472.892	337.6018578	1.901592654	10	0	0.02	82.2
64	-3476.045171	347.0915458	1.881592654	10	0	0.02	82.8
65	-3479.00793	356.6423952	1.861592654	10	0	0.02	83.4
66	-3481.779093	366.2505857	1.841592654	10	0	0.02	84
67	-3484.35755	375.9122742	1.821592654	10	0	0.02	84.6
68	-3486.742271	385.6235961	1.801592654	10	0	0.02	85.2
69	-3488.932301	395.3806671	1.781592654	10	0	0.02	85.8
70	-3490.926765	405.1795844	1.761592654	10	0	0.02	86.4
71	-3492.724865	415.0164285	1.741592654	10	0	0.02	87
72	-3494.325881	424.887265	1.721592654	10	0	0.02	87.6
73	-3495.729174	434.7881456	1.701592654	10	0	0.02	88.2
74	-3496.934182	444.7151101	1.681592654	10	0	0.02	88.8
75	-3497.940422	454.6641878	1.661592654	10	0	0.02	89.4
76	-3498.747493	464.6313992	1.641592654	10	0	0.02	90
77	-3499.355072	474.6127575	1.621592654	10	0	0.02	90
78	-3499.762915	484.6042705	1.601592654	10	0	0.02	90
79	-3499.97086	494.6019415	1.581592654	10	0	0.02	90
500	-3500	500	1.57079	10	0	0	90
510	-3500	510	1.57079	10	0	0	90
520	-3500	520	1.57079	10	0	0	90
530	-3500	530	1.57079	10	0	0	90
540	-3500	540	1.57079	10	0	0	90
550	-3500	550	1.57079	10	0	0	90
560	-3500	560	1.57079	10	0	0	90
570	-3500	570	1.57079	10	0	0	90
580	-3500	580	1.57079	10	0	0	90
590	-3500	590	1.57079	10	0	0	90
600	-3500	600	1.57079	10	0	0	90
610	-3500	610	1.57079	10	0	0	90
620	-3500	620	1.57079	10	0	0	90
630	-3500	630	1.57079	10	0	0	90
640	-3500	640	1.57079	10	0	0	90
650	-3500	650	1.57079	10	0	0	90
660	-3500	660	1.57079	10	0	0	90
670	-3500	670	1.57079	10	0	0	90
680	-3500	680	1.57079	10	0	0	90
690	-3500	690	1.57079	10	0	0	90
700	-3500	700	1.57079	10	0	0	90
710	-3500	710	1.57079	10	0	0	90
720	-3500	720	1.57079	10	0	0	90
730	-3500	730	1.57079	10	0	0	90
740	-3500	740	1.57079	10	0	0	90
750	-3500	750	1.57079	10	0	0	90
760	-3500	760	1.57079	10	0	0	90
770	-3500	770	1.57079	10	0	0	90
780	-3500	780	1.57079	10	0	0	90
790	-3500	790	1.57079	10	0	0	90
800	-3500	800	1.57079	10	0	0	90
810	-3500	810	1.57079	10	0	0	90
820	-3500	820	1.57079	10	0	0	90
830	-3500	830	1.57079	10	0	0	90
840	-3500	840	1.57079	10	0	0	90
850	-3500	850	1.57079	10	0	0	90
860	-3500	860	1.57079	10	0	0	90
870	-3500	870	1.57079	10	0	0	90
880	-3500	880	1.57079	10	0	0	90
890	-3500	890	1.57079	10	0	0	90
900	-3500	900	1.57079	10	0	0	90
910	-3500	910	1.57079	10	0	0	90
920	-3500	920	1.57079	10	0	0	90
930	-3500	930	1.57079	10	0	0	90
940	-3500	940	1.57079	10	0	0	90
950	-3500	950	1.57079	10	0	0	90
960	-3500	960	1.57079	10	0	0	90
970	-3500	970	1.57079	10	0	0	90
980	-3500	980	1.57079	10	0	0	90
990	-3500	990	1.57079	10	0	0	90
1000	-3500	1000	1.57079	10	0	0	90
1010	-3500	1010	1.57079	10	0	0	90
1020	-3500	1020	1.57079	10	0	0	90
1030	-3500	1030	1.57079	10	0	0	90
1040	-3500	1040	1.57079	10	0	0	90
1050	-3500	1050	1.57079	10	0	0	90
1060	-3500	1060	1.57079	10	0	0	90
1070	-3500	1070	1.57079	10	0	0	90
1080	-3500	1080	1.57079	10	0	0	90
1090	-3500	1090	1.57079	10	0	0	90
1100	-3500	1100	1.57079	10	0	0	90
1110	-3500	1110	1.57079	10	0	0	90
1120	-3500	1120	1.57079	10	0	0	90
1130	-3500	1130	1.57079	10	0	0	90
1140	-3500	1140	1.57079	10	0	0	90
1150	-3500	1150	1.57079	10	0	0	90
1160	-3500	1160	1.57079	10	0	0	90
1170	-3500	1170	1.57079	10	0	0	90
1180	-3500	1180	1.57079	10	0	0	90
1190	-3500	1190	1.57079	10	0	0	90
1200	-3500	1200	1.57079	10	0	0	90
1210	-3500	1210	1.57079	10	0	0	90
1220	-3500	1220	1.57079	10	0	0	90
1230	-3500	1230	1.57079	10	0	0	90
1240	-3500	1240	1.57079	10	0	0	90
1250	-3500	1250	1.57079	10	0	0	90
1260	-3500	1260	1.57079	10	0	0	90
1270	-3500	1270	1.57079	10	0	0	90
1280	-3500	1280	1.57079	10	0	0	90
1290	-3500	1290	1.57079	10	0	0	90
1300	-3500	1300	1.57079	10	0	0	90
1310	-3500	1310	1.57079	10	0	0	90
1320	-3500	1320	1.57079	10	0	0	90
1330	-3500	1330	1.57079	10	0	0	90
1340	-3500	1340	1.57079	10	0	0	90
1350	-3500	1350	1.57079	10	0	0	90
1360	-3500	1360	1.57079	10	0	0	90
1370	-3500	1370	1.57079	10	0	0	90
1380	-3500	1380	1.57079	10	0	0	90
1390	-3500	1390	1.57079	10	0	0	90
1400	-3500	1400	1.57079	10	0	0	90
1410	-3500	1410	1.57079	10	0	0	90
1420	-3500	1420	1.57079	10	0	0	90
1430	-3500	1430	1.57079	10	0	0	90
1440	-3500	1440	1.57079	10	0	0	90
1450	-3500	1450	1.57079	10	0	0	90
1460	-3500	1460	1.57079	10	0	0	90
1470	-3500	1470	1.57079	10	0	0	90
1480	-3500	1480	1.57079	10	0	0	90
1490	-3500	1490	1.57079	10	0	0	90
1500	-3500	1500	1.57079	10	0	0	90
