t	xPos	yPos	phi	sDot	blank	w
0	0	-285.6605775	0	72.22490978	0	0.018819854
-10	-10	-267.7243132	0	71.52443505	0	0.019217559
-45	-45	-206.7548756	0	69.08367309	0	0.020674055
-80	-80	-148.6040445	0	66.66618566	0	0.022235305
-115	-115	-93.27623616	0	64.28032613	0	0.022815106
-150	-150	-40.77026055	0	61.93452674	0	0.021982508
-185	-185	8.920519781	0	59.6373023	0	0.021167151
-220	-220	55.80803035	0	57.39724656	0	0.020372085
-255	-255	99.90932553	0	55.22301788	0	0.019600383
-290	-290	141.2464293	0	53.12331062	0	0.018855131
-325	-325	179.8461762	0	51.10680763	0	0.018139411
-360	-360	215.7400518	0	49.1821088	0	0.017456274
-395	-395	248.9640338	0	47.35763067	0	0.01680871
-430	-430	279.5584324	0	45.64147246	0	0.016199591
-465	-465	307.5677316	0	44.04124562	0	0.015631621
-500	-500	333.0404297	0	42.56386694	0	0.015107253
-535	-535	356.0288798	0	41.21531955	0	0.014628611
-570	-570	376.5891311	0	40.00039235	0	0.014197395
-605	-605	394.7807695	0	38.92241458	0	0.013814787
-640	-640	410.6667582	0	37.98300889	0	0.013481362
-675	-675	424.3132785	0	37.18189003	0	0.01319702
-710	-710	435.7895709	0	36.51673653	0	0.012960936
-745	-745	445.1677755	0	35.98315792	0	0.012771552
-780	-780	452.522773	0	35.57476993	0	0.012626603
-815	-815	457.9320253	0	35.28337721	0	0.012523178
-850	-850	461.4754165	0	35.09924875	0	0.012457825
-885	-885	463.2350935	0	35.01146017	0	0.012426666
-920	-920	463.2953069	0	35.00827089	0	0.012425534
-955	-955	461.7422517	0	35.07750343	0	0.012450107
-990	-990	458.663908	0	35.20689707	0	0.012496033
-1025	-1025	454.149882	0	35.38441592	0	0.01255904
-1060	-1060	448.2912466	0	35.59850024	0	0.012635025
-1095	-1095	441.1803823	0	35.83825814	0	0.012720123
-1130	-1130	432.9108176	0	36.0936007	0	0.012810752
-1165	-1165	423.5770706	0	36.35532775	0	0.012903647
-1200	-1200	413.2744888	0	36.61517318	0	0.012995874
-1235	-1235	402.0990905	0	36.86581928	0	0.013084837
-1270	-1270	390.1474055	0	37.1008885	0	0.01316827
-1305	-1305	377.5163158	0	37.31492033	0	0.013244237
-1340	-1340	364.3028962	0	37.50333902	0	0.013311112
-1375	-1375	350.6042554	0	37.66241689	0	0.013367574
-1410	-1410	336.5173765	0	37.7892366	0	0.013412586
-1445	-1445	322.1389581	0	37.88165462	0	0.013445389
-1480	-1480	307.5652547	0	37.93826757	0	0.013465482
-1515	-1515	292.8919177	0	37.9583822	0	0.013472622
-1550	-1550	278.2138362	0	37.94198945	0	0.013466803
-1585	-1585	263.6249777	0	37.88974256	0	0.013448259
-1620	-1620	249.2182288	0	37.80293895	0	0.01341745
-1655	-1655	235.0852362	0	37.68350529	0	0.013375059
-1690	-1690	221.3162472	0	37.53398476	0	0.01332199
-1725	-1725	207.9999509	0	37.35752561	0	0.013259359
-1760	-1760	195.2233183	0	37.15786942	0	0.013188494
-1795	-1795	183.0714439	0	36.93933734	0	0.013110931
-1830	-1830	171.6273857	0	36.7068124	0	0.0130284
-1865	-1865	160.9720066	0	36.46571524	0	0.012942827
-1900	-1900	151.1838148	0	36.22197068	0	0.012856315
-1935	-1935	142.3388047	0	35.98196208	0	0.012771128
-1970	-1970	134.5102976	0	35.75247032	0	0.012689674
-2005	-2005	127.7687827	0	35.54059461	0	0.012614473
-2040	-2040	122.1817576	0	35.35365256	0	0.012548121
-2075	-2075	117.8135693	0	35.19905814	0	0.012493251
-2110	-2110	114.7252547	0	35.08417753	0	0.012452476
-2145	-2145	112.9743819	0	35.01616487	0	0.012428336
-2180	-2180	112.6148902	0	35.0017825	0	0.012423231
-2215	-2215	113.6969317	0	35.04721261	0	0.012439356
-2250	-2250	116.2667115	0	35.15786964	0	0.012478632
-2285	-2285	120.3663286	0	35.33822447	0	0.012542645
-2320	-2320	126.0336169	0	35.59165179	0	0.012632595
-2355	-2355	133.3019858	0	35.92031109	0	0.012749246
-2390	-2390	142.2002609	0	36.32506922	0	0.012892907
-2425	-2425	152.752525	0	36.80546912	0	0.013063416
-2460	-2460	164.9779586	0	37.35974476	0	0.013260146
-2495	-2495	178.8906811	0	37.98487844	0	0.013482026
-2530	-2530	194.499591	0	38.67669318	0	0.013727573
-2565	-2565	211.8082072	0	39.4299709	0	0.013994935
-2600	-2600	230.8145094	0	40.23858603	0	0.014281937
-2635	-2635	251.5107794	0	41.09564502	0	0.014586135
-2670	-2670	273.883441	0	41.99362347	0	0.014904855
-2705	-2705	297.9129017	0	42.92449453	0	0.015235251
-2740	-2740	323.573393	0	43.87984446	0	0.015574334
-2775	-2775	350.8328111	0	44.85097311	0	0.015919018
-2810	-2810	379.652558	0	45.82897872	0	0.016266143
-2845	-2845	409.987382	0	46.8048276	0	0.016612503
-2880	-2880	441.7852187	0	47.76941029	0	0.016954863
-2915	-2915	474.9870315	0	48.71358594	0	0.017289981
-2950	-2950	509.5266528	0	49.62821718	0	0.017614612
-2985	-2985	545.3306242	0	50.50419759	0	0.017925525
-3020	-3020	582.318038	0	51.33247386	0	0.018219507
-3055	-3055	620.4003771	0	52.10406471	0	0.018493368
-3090	-3090	659.4813566	0	52.81007834	0	0.018743955
-3125	-3125	699.4567642	0	53.44173024	0	0.018968148
-3160	-3160	740.2143008	0	53.99036313	0	0.019162875
-3195	-3195	781.6334218	0	54.44747088	0	0.019325117
-3230	-3230	823.5851772	0	54.80472831	0	0.019451919
-3265	-3265	865.9320531	0	55.05402939	0	0.019540403
-3300	-3300	908.5278119	0	55.18753649	0	0.019587789
-3335	-3335	951.2173333	0	55.19774435	0	0.019591412
-3370	-3370	993.8364552	0	55.07756346	0	0.019548756
-3440	-3440	1078.160687	0	54.42044384	0	0.019315524
-3475	-3475	1119.49083	0	53.87256686	0	0.019121065
-3510	-3510	1160.00032	0	53.17286285	0	0.018872718
-3545	-3545	1199.477399	0	52.31883581	0	0.018569597
-3580	-3580	1237.700309	0	51.30987681	0	0.018211486
-3615	-3615	1274.437135	0	50.14786989	0	0.017799053
-3650	-3650	1309.445648	0	48.83801717	0	0.017334146
-3685	-3685	1342.473144	0	47.38996742	0	0.016820187
-3720	-3720	1373.256284	0	45.81936275	0	0.01626273
-3755	-3755	1401.520936	0	44.14995011	0	0.015670203
-3790	-3790	1426.982016	0	42.41642653	0	0.015054921
-3825	-3825	1449.343326	0	40.66816069	0	0.014434407
-3860	-3860	1468.2974	0	38.97377368	0	0.013833016
-3895	-3895	1483.52534	0	37.42610264	0	0.013283699
-3930	-3930	1494.696658	0	36.14608394	0	0.01282938
-3965	-3965	1501.469119	0	35.28251409	0	0.012522872
-3965	-3965	1501.469119	0	35.28251409	0	0.012522872
