x_pos	y_pos	psi	fspeed	blank	ws	ori
0	0	3.1415927	45	0	0	0
-45	0	3.1415927	45	0	0	0
-90	0	3.1415927	45	0	0	0
-135	0	3.1415927	45	0	0	0
-180	0	3.1415927	45	0	0	0
-225	0	3.1415927	45	0	0	0
-270	0	3.1415927	45	0	0	0
-315	0	3.1415927	45	0	0	0
-360	0	3.1415927	45	0	0	0
-405	0	3.1415927	45	0	0	0
-450	0	3.1415927	45	0	0	0
-495	0	3.1415927	45	0	0	0
-540	0	3.1415927	45	0	0	0
-585	0	3.1415927	45	0	0	0
-630	0	3.1415927	45	0	0	0
-675	0	3.1415927	45	0	0	0
-720	0	3.1415927	45	0	0	0
-765	0	3.1415927	45	0	0	0
-810	0	3.1415927	45	0	0	0
-855	0	3.1415927	45	0	0	0
-900	0	3.1415927	45	0	0	0
-945	0	3.1415927	45	0	0	0
-990	0	3.1415927	45	0	0	0
-1035	0	3.1415927	45	0	0	2
-1080	0	3.1415927	45	0	0	4
-1125	0	3.1415927	45	0	0	6
-1170	0	3.1415927	45	0	0	8
-1215	0	3.1415927	45	0	0	10
-1260	0	3.1415927	45	0	0	12
-1305	0	3.1415927	45	0	0	14
-1350	0	3.1415927	45	0	0	16
-1395	0	3.1415927	45	0	0	18
-1440	0	3.1415927	45	0	0	20
-1485	0	3.1415927	45	0	0	22
-1530	0	3.1415927	45	0	0	24
-1575	0	3.1415927	45	0	0	26
-1620	0	3.1415927	45	0	0	28
-1665	0	3.1415927	45	0	0	30
-1710	0	3.1415927	45	0	0	32
-1755	0	3.1415927	45	0	0	34
-1800	0	3.1415927	45	0	0	36
-1845	0	3.1415927	45	0	0	38
-1890	0	3.1415927	45	0	0	40
-1935	0	3.1415927	45	0	0	42
-1980	0	3.1415927	45	0	0	44
-2025	0	3.1415927	45	0	0	45
-2070	0	3.1415927	45	0	0	45
-2115	0	3.1415927	45	0	0	45
-2160	0	3.1415927	45	0	0	45
-2205	0	3.1415927	45	0	0	45
-2250	0	3.1415927	45	0	0	45
-2295	0	3.1415927	45	0	0	45
-2340	0	3.1415927	45	0	0	45
-2385	0	3.1415927	45	0	0	45
-2430	0	3.1415927	45	0	0	45
-2475	0	3.1415927	45	0	0	45
-2520	0	3.1415927	45	0	0	45
-2565	0	3.1415927	45	0	0	45
-2610	0	3.1415927	45	0	0	45
-2655	0	3.1415927	45	0	0	45
-2700	0	3.1415927	45	0	0	45
-2745	0	3.1415927	45	0	0	45
-2790	0	3.1415927	45	0	0	45
-2835	0	3.1415927	45	0	0	45
-2880	0	3.1415927	45	0	0	45
-2925	0	3.1415927	45	0	0	45
-2970	0	3.1415927	45	0	0	45
-3000	0	3.1415927	45	0	-0.09	47.5
-3044.9393	2.0236335	3.0515927	45	0	-0.09	50
-3089.5148	8.0781536	2.9615927	45	0	-0.09	52.5
-3133.3657	18.114552	2.8715927	45	0	-0.09	55
-3176.1371	32.051588	2.7815927	45	0	-0.09	57.5
-3217.4828	49.776449	2.6915927	45	0	-0.09	60
-3257.068	71.145659	2.6015927	45	0	-0.09	62.5
-3294.5724	95.986246	2.5115927	45	0	-0.09	65
-3329.6923	124.09714	2.4215927	45	0	-0.09	67.5
-3362.1436	155.25078	2.3315927	45	0	-0.09	70
-3391.6635	189.19502	2.2415927	45	0	-0.09	72.5
-3418.013	225.65507	2.1515927	45	0	-0.09	75
-3440.9789	264.33582	2.0615927	45	0	-0.09	77.5
-3460.3753	304.92416	1.9715927	45	0	-0.09	80
-3476.0452	347.09155	1.8815927	45	0	-0.09	82.5
-3487.8617	390.49666	1.7915927	45	0	-0.09	85
-3495.7292	434.78815	1.7015927	45	0	-0.09	87.5
-3499.584	479.60749	1.6115927	45	0	-0.09	90
-3500	500	1.5707963	45	0	0	90.00007448
-3500	545	1.5707963	45	0	0	90.00007448
-3500	590	1.5707963	45	0	0	90.00007448
-3500	635	1.5707963	45	0	0	90.00007448
-3500	680	1.5707963	45	0	0	90.00007448
-3500	725	1.5707963	45	0	0	90.00007448
-3500	770	1.5707963	45	0	0	90.00007448
-3500	815	1.5707963	45	0	0	90.00007448
-3500	860	1.5707963	45	0	0	90.00007448
-3500	905	1.5707963	45	0	0	90.00007448
-3500	950	1.5707963	45	0	0	90.00007448
-3500	995	1.5707963	45	0	0	90.00007448
-3500	1040	1.5707963	45	0	0	90.00007448
-3500	1085	1.5707963	45	0	0	90.00007448
-3500	1130	1.5707963	45	0	0	90.00007448
-3500	1175	1.5707963	45	0	0	90.00007448
-3500	1220	1.5707963	45	0	0	90.00007448
-3500	1265	1.5707963	45	0	0	90.00007448
-3500	1310	1.5707963	45	0	0	90.00007448
-3500	1355	1.5707963	45	0	0	90.00007448
-3500	1400	1.5707963	45	0	0	90.00007448
-3500	1445	1.5707963	45	0	0	90.00007448
-3500	1490	1.5707963	45	0	0	90.00007448
-3500	1500	1.5707963	45	0	0	90.00007448
-3500	1545	1.5707963	45	0	0	90.00007448
-3500	1590	1.5707963	45	0	0	90.00007448
-3500	1635	1.5707963	45	0	0	90.00007448
-3500	1680	1.5707963	45	0	0	90.00007448
-3500	1725	1.5707963	45	0	0	90.00007448
-3500	1770	1.5707963	45	0	0	90.00007448
-3500	1815	1.5707963	45	0	0	90.00007448
-3500	1860	1.5707963	45	0	0	90.00007448
-3500	1905	1.5707963	45	0	0	90.00007448
-3500	1950	1.5707963	45	0	0	90.00007448
-3500	1995	1.5707963	45	0	0	90.00007448
-3500	2040	1.5707963	45	0	0	90.00007448
-3500	2085	1.5707963	45	0	0	90.00007448
-3500	2130	1.5707963	45	0	0	90.00007448
-3500	2175	1.5707963	45	0	0	90.00007448
-3500	2220	1.5707963	45	0	0	90.00007448
-3500	2265	1.5707963	45	0	0	90.00007448
-3500	2310	1.5707963	45	0	0	90.00007448
-3500	2355	1.5707963	45	0	0	90.00007448
-3500	2400	1.5707963	45	0	0	90.00007448
-3500	2445	1.5707963	45	0	0	90.00007448
-3500	2490	1.5707963	45	0	0	90.00007448
-3500	2535	1.5707963	45	0	0	90.00007448
-3500	2580	1.5707963	45	0	0	90.00007448
-3500	2625	1.5707963	45	0	0	90.00007448
-3500	2670	1.5707963	45	0	0	90.00007448
-3500	2715	1.5707963	45	0	0	90.00007448
-3500	2760	1.5707963	45	0	0	90.00007448
-3500	2805	1.5707963	45	0	0	90.00007448
-3500	2850	1.5707963	45	0	0	90.00007448
-3500	2895	1.5707963	45	0	0	90.00007448
-3500	2940	1.5707963	45	0	0	90.00007448
-3500	2985	1.5707963	45	0	0	90.00007448
-3500	3030	1.5707963	45	0	0	90.00007448
-3500	3075	1.5707963	45	0	0	90.00007448
-3500	3120	1.5707963	45	0	0	90.00007448
-3500	3165	1.5707963	45	0	0	90.00007448
-3500	3210	1.5707963	45	0	0	90.00007448
-3500	3255	1.5707963	45	0	0	90.00007448
-3500	3300	1.5707963	45	0	0	90.00007448
-3500	3345	1.5707963	45	0	0	90.00007448
-3500	3390	1.5707963	45	0	0	90.00007448
-3500	3435	1.5707963	45	0	0	90.00007448
-3500	3480	1.5707963	45	0	0	90.00007448
-3500	3525	1.5707963	45	0	0	90.00007448
-3500	3570	1.5707963	45	0	0	90.00007448
-3500	3615	1.5707963	45	0	0	90.00007448
-3500	3660	1.5707963	45	0	0	90.00007448
-3500	3705	1.5707963	45	0	0	90.00007448
-3500	3750	1.5707963	45	0	0	90.00007448
-3500	3795	1.5707963	45	0	0	90.00007448
-3500	3840	1.5707963	45	0	0	90.00007448
-3500	3885	1.5707963	45	0	0	90.00007448
-3500	3930	1.5707963	45	0	0	90.00007448
-3500	3975	1.5707963	45	0	0	90.00007448
-3500	4020	1.5707963	45	0	0	90.00007448
-3500	4065	1.5707963	45	0	0	90.00007448
-3500	4110	1.5707963	45	0	0	90.00007448
-3500	4155	1.5707963	45	0	0	90.00007448
-3500	4200	1.5707963	45	0	0	90.00007448
-3500	4245	1.5707963	45	0	0	90.00007448
-3500	4290	1.5707963	45	0	0	90.00007448
-3500	4335	1.5707963	45	0	0	90.00007448
-3500	4380	1.5707963	45	0	0	90.00007448
-3500	4425	1.5707963	45	0	0	90.00007448
-3500	4470	1.5707963	45	0	0	90.00007448
-3500	4515	1.5707963	45	0	0	90.00007448
-3500	4560	1.5707963	45	0	0	90.00007448
-3500	4605	1.5707963	45	0	0	90.00007448
-3500	4650	1.5707963	45	0	0	90.00007448
-3500	4695	1.5707963	45	0	0	90.00007448
-3500	4740	1.5707963	45	0	0	90.00007448
-3500	4785	1.5707963	45	0	0	90.00007448
-3500	4830	1.5707963	45	0	0	90.00007448
-3500	4875	1.5707963	45	0	0	90.00007448
-3500	4920	1.5707963	45	0	0	90.00007448
-3500	4965	1.5707963	45	0	0	90.00007448
-3500	5010	1.5707963	45	0	0	90.00007448
-3500	5055	1.5707963	45	0	0	90.00007448
-3500	5100	1.5707963	45	0	0	90.00007448
-3500	5145	1.5707963	45	0	0	90.00007448
-3500	5190	1.5707963	45	0	0	90.00007448
-3500	5235	1.5707963	45	0	0	90.00007448
-3500	5280	1.5707963	45	0	0	90.00007448
-3500	5325	1.5707963	45	0	0	90.00007448
-3500	5370	1.5707963	45	0	0	90.00007448
-3500	5415	1.5707963	45	0	0	90.00007448
-3500	5460	1.5707963	45	0	0	90.00007448
-3500	5500	1.5707963	45	0	-0.12	90.00007448
-3497.3032	5544.8921	1.4507963	45	0	-0.12	83.12457514
-3489.2517	5589.1385	1.3307963	45	0	-0.12	76.24907579
-3475.9613	5632.1028	1.2107963	45	0	-0.12	69.37357644
-3457.6231	5673.1672	1.0907963	45	0	-0.12	62.49807709
-3434.5009	5711.7409	0.97079633	45	0	-0.12	55.62257946
-3406.9271	5747.2693	0.85079633	45	0	-0.12	48.74708011
-3375.2986	5779.2412	0.73079633	45	0	-0.12	41.87158076
-3340.07	5807.1968	0.61079633	45	0	-0.12	34.99608141
-3301.7481	5830.7342	0.49079633	45	0	-0.12	28.12058206
-3260.8842	5849.5147	0.37079633	45	0	-0.12	21.24508271
-3218.0658	5863.2682	0.25079633	45	0	-0.12	14.36958336
-3173.9089	5871.7969	0.13079633	45	0	-0.12	7.494084015
-3129.0485	5874.9781	0.010796327	45	0	-0.12	0.618584494
-3084.13	5872.7662	-0.10920367	45	0	-0.12	-6.256914683
-3039.7992	5865.1929	-0.22920367	45	0	-0.12	-13.13241403
-2996.6939	5852.3671	-0.34920367	45	0	-0.12	-20.00791338
-2955.4339	5834.4732	-0.46920367	45	0	-0.12	-26.88341273
-2916.6128	5811.7688	-0.58920367	45	0	-0.12	-33.75891208
-2880.7889	5784.5803	-0.70920367	45	0	-0.12	-40.63441143
-2848.4774	5753.2987	-0.82920367	45	0	-0.12	-47.50991078
-2820.143	5718.374	-0.94920367	45	0	-0.12	-54.38541013
-2796.1933	5680.3085	-1.0692037	45	0	-0.12	-61.26091119
-2776.9727	5639.6496	-1.1892037	45	0	-0.12	-68.13641054
-2762.7578	5596.9823	-1.3092037	45	0	-0.12	-75.01190989
-2753.7528	5552.92	-1.4292037	45	0	-0.12	-81.88740924
-2750.0874	5508.0966	-1.5492037	45	0	-0.12	-88.76290859
-2750	5500	-1.5707963	45	0	0	-90.00007448
-2750	5455	-1.5707963	45	0	0	-90.00007448
-2750	5410	-1.5707963	45	0	0	-90.00007448
-2750	5365	-1.5707963	45	0	0	-90.00007448
-2750	5320	-1.5707963	45	0	0	-90.00007448
-2750	5275	-1.5707963	45	0	0	-90.00007448
-2750	5230	-1.5707963	45	0	0	-90.00007448
-2750	5185	-1.5707963	45	0	0	-90.00007448
-2750	5140	-1.5707963	45	0	0	-90.00007448
-2750	5095	-1.5707963	45	0	0	-90.00007448
-2750	5050	-1.5707963	45	0	0	-90.00007448
-2750	5005	-1.5707963	45	0	0	-90.00007448
-2750	4960	-1.5707963	45	0	0	-90.00007448
-2750	4915	-1.5707963	45	0	0	-90.00007448
-2750	4870	-1.5707963	45	0	0	-90.00007448
-2750	4825	-1.5707963	45	0	0	-90.00007448
-2750	4780	-1.5707963	45	0	0	-90.00007448
-2750	4735	-1.5707963	45	0	0	-90.00007448
-2750	4690	-1.5707963	45	0	0	-90.00007448
-2750	4645	-1.5707963	45	0	0	-90.00007448
-2750	4600	-1.5707963	45	0	0	-90.00007448
-2750	4555	-1.5707963	45	0	0	-90.00007448
-2750	4510	-1.5707963	45	0	0	-90.00007448
-2750	4465	-1.5707963	45	0	0	-90.00007448
-2750	4420	-1.5707963	45	0	0	-90.00007448
-2750	4375	-1.5707963	45	0	0	-90.00007448
-2750	4330	-1.5707963	45	0	0	-90.00007448
-2750	4285	-1.5707963	45	0	0	-90.00007448
-2750	4240	-1.5707963	45	0	0	-90.00007448
-2750	4195	-1.5707963	45	0	0	-90.00007448
-2750	4150	-1.5707963	45	0	0	-90.00007448
-2750	4105	-1.5707963	45	0	0	-90.00007448
-2750	4060	-1.5707963	45	0	0	-90.00007448
-2750	4015	-1.5707963	45	0	0	-90.00007448
-2750	3970	-1.5707963	45	0	0	-90.00007448
-2750	3925	-1.5707963	45	0	0	-90.00007448
-2750	3880	-1.5707963	45	0	0	-90.00007448
-2750	3835	-1.5707963	45	0	0	-90.00007448
-2750	3790	-1.5707963	45	0	0	-90.00007448
-2750	3745	-1.5707963	45	0	0	-90.00007448
-2750	3700	-1.5707963	45	0	0	-90.00007448
-2750	3655	-1.5707963	45	0	0	-90.00007448
-2750	3610	-1.5707963	45	0	0	-90.00007448
-2750	3565	-1.5707963	45	0	0	-90.00007448
-2750	3520	-1.5707963	45	0	0	-90.00007448
-2750	3475	-1.5707963	45	0	0	-90.00007448
-2750	3430	-1.5707963	45	0	0	-90.00007448
-2750	3385	-1.5707963	45	0	0	-90.00007448
-2750	3340	-1.5707963	45	0	0	-90.00007448
-2750	3295	-1.5707963	45	0	0	-90.00007448
-2750	3250	-1.5707963	45	0	0	-90.00007448
-2750	3205	-1.5707963	45	0	0	-90.00007448
-2750	3160	-1.5707963	45	0	0	-90.00007448
-2750	3115	-1.5707963	45	0	0	-90.00007448
-2750	3070	-1.5707963	45	0	0	-90.00007448
-2750	3025	-1.5707963	45	0	0	-90.00007448
-2750	2980	-1.5707963	45	0	0	-90.00007448
-2750	2935	-1.5707963	45	0	0	-90.00007448
-2750	2890	-1.5707963	45	0	0	-90.00007448
-2750	2845	-1.5707963	45	0	0	-90.00007448
-2750	2800	-1.5707963	45	0	0	-90.00007448
-2750	2755	-1.5707963	45	0	0	-90.00007448
-2750	2710	-1.5707963	45	0	0	-90.00007448
-2750	2665	-1.5707963	45	0	0	-90.00007448
-2750	2620	-1.5707963	45	0	0	-90.00007448
-2750	2575	-1.5707963	45	0	0	-90.00007448
-2750	2530	-1.5707963	45	0	0	-90.00007448
-2750	2485	-1.5707963	45	0	0	-90.00007448
-2750	2440	-1.5707963	45	0	0	-90.00007448
-2750	2395	-1.5707963	45	0	0	-90.00007448
-2750	2350	-1.5707963	45	0	0	-90.00007448
-2750	2305	-1.5707963	45	0	0	-90.00007448
-2750	2260	-1.5707963	45	0	0	-90.00007448
-2750	2215	-1.5707963	45	0	0	-90.00007448
-2750	2170	-1.5707963	45	0	0	-90.00007448
-2750	2125	-1.5707963	45	0	0	-90.00007448
-2750	2080	-1.5707963	45	0	0	-90.00007448
-2750	2035	-1.5707963	45	0	0	-90.00007448
-2750	1990	-1.5707963	45	0	0	-90.00007448
-2750	1945	-1.5707963	45	0	0	-90.00007448
-2750	1900	-1.5707963	45	0	0	-90.00007448
-2750	1855	-1.5707963	45	0	0	-90.00007448
-2750	1810	-1.5707963	45	0	0	-90.00007448
-2750	1765	-1.5707963	45	0	0	-90.00007448
-2750	1720	-1.5707963	45	0	0	-90.00007448
-2750	1675	-1.5707963	45	0	0	-90.00007448
-2750	1630	-1.5707963	45	0	0	-90.00007448
-2750	1585	-1.5707963	45	0	0	-90.00007448
-2750	1540	-1.5707963	45	0	0	-90.00007448
-2750	1495	-1.5707963	45	0	0	-90.00007448
-2750	1450	-1.5707963	45	0	0	-90.00007448
-2750	1405	-1.5707963	45	0	0	-90.00007448
-2750	1360	-1.5707963	45	0	0	-90.00007448
-2750	1315	-1.5707963	45	0	0	-90.00007448
-2750	1270	-1.5707963	45	0	0	-90.00007448
-2750	1225	-1.5707963	45	0	0	-90.00007448
-2750	1180	-1.5707963	45	0	0	-90.00007448
-2750	1135	-1.5707963	45	0	0	-90.00007448
-2750	1100	-1.5707963	45	0	0.45	-90.00007448
-2740.0447	1056.5034	-1.1207963	45	0	0.45	-64.21695193
-2712.161	1021.6673	-0.67079633	45	0	0.45	-38.43383109
-2671.9007	1002.4277	-0.22079633	45	0	0.45	-12.65070853
-2650	1000	0	45	0	0	0
-2605	1000	0	45	0	0	0
-2560	1000	0	45	0	0	0
-2515	1000	0	45	0	0	0
-2470	1000	0	45	0	0	0
-2425	1000	0	45	0	0	0
-2380	1000	0	45	0	0	0
-2335	1000	0	45	0	0	0
-2290	1000	0	45	0	0	0
-2245	1000	0	45	0	0	0
-2200	1000	0	45	0	0	0
-2155	1000	0	45	0	0	0
-2110	1000	0	45	0	0	0
-2065	1000	0	45	0	0	0
-2020	1000	0	45	0	0	0
-1975	1000	0	45	0	0	0
-1930	1000	0	45	0	0	0
-1885	1000	0	45	0	0	0
-1840	1000	0	45	0	0	0
-1795	1000	0	45	0	0	0
-1750	1000	0	45	0	0	0
-1705	1000	0	45	0	0	0
-1660	1000	0	45	0	0	0
-1615	1000	0	45	0	0	0
-1570	1000	0	45	0	0	0
-1525	1000	0	45	0	0	0
-1480	1000	0	45	0	0	0
-1435	1000	0	45	0	0	0
-1390	1000	0	45	0	0	0
-1345	1000	0	45	0	0	0
-1300	1000	0	45	0	0	0
-1255	1000	0	45	0	0	0
-1210	1000	0	45	0	0	0
-1165	1000	0	45	0	0	0
-1120	1000	0	45	0	0	0
-1075	1000	0	45	0	0	0
-1030	1000	0	45	0	0	0
-985	1000	0	45	0	0	0
-940	1000	0	45	0	0	0
-895	1000	0	45	0	0	0
-850	1000	0	45	0	0	0
-805	1000	0	45	0	0	0
-760	1000	0	45	0	0	0
-715	1000	0	45	0	0	0
-670	1000	0	45	0	0	0
-625	1000	0	45	0	0	0
-580	1000	0	45	0	0	0
-535	1000	0	45	0	0	0
-490	1000	0	45	0	0	0
-445	1000	0	45	0	0	0
-400	1000	0	45	0	0	0
-355	1000	0	45	0	0	0
-310	1000	0	45	0	0	0
-265	1000	0	45	0	0	0
-220	1000	0	45	0	0	0
-175	1000	0	45	0	0	0
-130	1000	0	45	0	0	0
-85	1000	0	45	0	0	0
-40	1000	0	45	0	0	0
0	1000	-1.570796	45	0	0	0
0	955	-1.570796	45	0	0	0
0	910	-1.570796	45	0	0	0
0	865	-1.570796	45	0	0	0
0	820	-1.570796	45	0	0	0
0	775	-1.570796	45	0	0	0
0	730	-1.570796	45	0	0	0
0	685	-1.570796	45	0	0	0
0	640	-1.570796	45	0	0	0
0	595	-1.570796	45	0	0	0
0	550	-1.570796	45	0	0	0
0	505	-1.570796	45	0	0	0
0	460	-1.570796	45	0	0	0
0	415	-1.570796	45	0	0	0
0	370	-1.570796	45	0	0	0
0	325	-1.570796	45	0	0	0
0	280	-1.570796	45	0	0	0
0	235	-1.570796	45	0	0	0
0	190	-1.570796	45	0	0	0
0	145	-1.570796	45	0	0	0
0	100	-1.570796	45	0	0	0
0	55	-1.570796	45	0	0	0
0	10	-1.570796	45	0	0	0
