x_pos	y_pos	psi	fspeed	blank	ws	ori
0	0	3.1415927	60	0	0	0
-60	0	3.1415927	60	0	0	0
-120	0	3.1415927	60	0	0	0
-180	0	3.1415927	60	0	0	0
-240	0	3.1415927	60	0	0	0
-300	0	3.1415927	60	0	0	0
-360	0	3.1415927	60	0	0	0
-420	0	3.1415927	60	0	0	0
-480	0	3.1415927	60	0	0	0
-540	0	3.1415927	60	0	0	0
-600	0	3.1415927	60	0	0	0
-660	0	3.1415927	60	0	0	0
-720	0	3.1415927	60	0	0	0
-780	0	3.1415927	60	0	0	0
-840	0	3.1415927	60	0	0	0
-900	0	3.1415927	60	0	0	0
-960	0	3.1415927	60	0	0	0
-1020	0	3.1415927	60	0	0	2
-1080	0	3.1415927	60	0	0	4.5
-1140	0	3.1415927	60	0	0	7
-1200	0	3.1415927	60	0	0	9.5
-1260	0	3.1415927	60	0	0	12
-1320	0	3.1415927	60	0	0	14.5
-1380	0	3.1415927	60	0	0	17
-1440	0	3.1415927	60	0	0	19.5
-1500	0	3.1415927	60	0	0	22
-1560	0	3.1415927	60	0	0	24.5
-1620	0	3.1415927	60	0	0	27
-1680	0	3.1415927	60	0	0	29.5
-1740	0	3.1415927	60	0	0	32
-1800	0	3.1415927	60	0	0	34.5
-1860	0	3.1415927	60	0	0	37
-1920	0	3.1415927	60	0	0	39.5
-1980	0	3.1415927	60	0	0	42
-2040	0	3.1415927	60	0	0	44.5
-2100	0	3.1415927	60	0	0	45
-2160	0	3.1415927	60	0	0	45
-2220	0	3.1415927	60	0	0	45
-2280	0	3.1415927	60	0	0	45
-2340	0	3.1415927	60	0	0	45
-2400	0	3.1415927	60	0	0	45
-2460	0	3.1415927	60	0	0	45
-2520	0	3.1415927	60	0	0	45
-2580	0	3.1415927	60	0	0	45
-2640	0	3.1415927	60	0	0	45
-2700	0	3.1415927	60	0	0	45
-2760	0	3.1415927	60	0	0	45
-2820	0	3.1415927	60	0	0	45
-2880	0	3.1415927	60	0	0	45
-2940	0	3.1415927	60	0	0	45
-3000	0	3.1415927	60	0	-0.12	45
-3059.8561	3.5956821	3.0215927	60	0	-0.12	48.5
-3118.8513	14.331013	2.9015927	60	0	-0.12	52
-3176.1371	32.051588	2.7815927	60	0	-0.12	55.5
-3230.8896	56.502539	2.6615927	60	0	-0.12	59
-3282.3212	87.332193	2.5415927	60	0	-0.12	62.5
-3329.6923	124.09714	2.4215927	60	0	-0.12	66
-3372.3216	166.26859	2.3015927	60	0	-0.12	69.5
-3409.5958	213.24001	2.1815927	60	0	-0.12	73
-3440.9789	264.33582	2.0615927	60	0	-0.12	76.5
-3466.0195	318.82112	1.9415927	60	0	-0.12	80
-3484.3576	375.91227	1.8215927	60	0	-0.12	83.5
-3495.7292	434.78815	1.7015927	60	0	-0.12	87
-3499.9709	494.60194	1.5815927	60	0	-0.12	90
-3500	500	1.5707963	60	0	0	90
-3500	560	1.5707963	60	0	0	90
-3500	620	1.5707963	60	0	0	90
-3500	680	1.5707963	60	0	0	90
-3500	740	1.5707963	60	0	0	90
-3500	800	1.5707963	60	0	0	90
-3500	860	1.5707963	60	0	0	90
-3500	920	1.5707963	60	0	0	90
-3500	980	1.5707963	60	0	0	90
-3500	1040	1.5707963	60	0	0	90
-3500	1100	1.5707963	60	0	0	90
-3500	1160	1.5707963	60	0	0	90
-3500	1220	1.5707963	60	0	0	90
-3500	1280	1.5707963	60	0	0	90
-3500	1340	1.5707963	60	0	0	90
-3500	1400	1.5707963	60	0	0	90
-3500	1460	1.5707963	60	0	0	90
-3500	1500	1.5707963	60	0	0	90
-3500	1560	1.5707963	60	0	0	90
-3500	1620	1.5707963	60	0	0	90
-3500	1680	1.5707963	60	0	0	90
-3500	1740	1.5707963	60	0	0	90
-3500	1800	1.5707963	60	0	0	90
-3500	1860	1.5707963	60	0	0	90
-3500	1920	1.5707963	60	0	0	90
-3500	1980	1.5707963	60	0	0	90
-3500	2040	1.5707963	60	0	0	90
-3500	2100	1.5707963	60	0	0	90
-3500	2160	1.5707963	60	0	0	90
-3500	2220	1.5707963	60	0	0	90
-3500	2280	1.5707963	60	0	0	90
-3500	2340	1.5707963	60	0	0	90
-3500	2400	1.5707963	60	0	0	90
-3500	2460	1.5707963	60	0	0	90
-3500	2520	1.5707963	60	0	0	90
-3500	2580	1.5707963	60	0	0	90
-3500	2640	1.5707963	60	0	0	90
-3500	2700	1.5707963	60	0	0	90
-3500	2760	1.5707963	60	0	0	90
-3500	2820	1.5707963	60	0	0	90
-3500	2880	1.5707963	60	0	0	90
-3500	2940	1.5707963	60	0	0	90
-3500	3000	1.5707963	60	0	0	90
-3500	3060	1.5707963	60	0	0	90
-3500	3120	1.5707963	60	0	0	90
-3500	3180	1.5707963	60	0	0	90
-3500	3240	1.5707963	60	0	0	90
-3500	3300	1.5707963	60	0	0	90
-3500	3360	1.5707963	60	0	0	90
-3500	3420	1.5707963	60	0	0	90
-3500	3480	1.5707963	60	0	0	90
-3500	3540	1.5707963	60	0	0	90
-3500	3600	1.5707963	60	0	0	90
-3500	3660	1.5707963	60	0	0	90
-3500	3720	1.5707963	60	0	0	90
-3500	3780	1.5707963	60	0	0	90
-3500	3840	1.5707963	60	0	0	90
-3500	3900	1.5707963	60	0	0	90
-3500	3960	1.5707963	60	0	0	90
-3500	4020	1.5707963	60	0	0	90
-3500	4080	1.5707963	60	0	0	90
-3500	4140	1.5707963	60	0	0	90
-3500	4200	1.5707963	60	0	0	90
-3500	4260	1.5707963	60	0	0	90
-3500	4320	1.5707963	60	0	0	90
-3500	4380	1.5707963	60	0	0	90
-3500	4440	1.5707963	60	0	0	90
-3500	4500	1.5707963	60	0	0	90
-3500	4560	1.5707963	60	0	0	90
-3500	4620	1.5707963	60	0	0	90
-3500	4680	1.5707963	60	0	0	90
-3500	4740	1.5707963	60	0	0	90
-3500	4800	1.5707963	60	0	0	90
-3500	4860	1.5707963	60	0	0	90
-3500	4920	1.5707963	60	0	0	90
-3500	4980	1.5707963	60	0	0	90
-3500	5040	1.5707963	60	0	0	90
-3500	5100	1.5707963	60	0	0	90
-3500	5160	1.5707963	60	0	0	90
-3500	5220	1.5707963	60	0	0	90
-3500	5280	1.5707963	60	0	0	90
-3500	5340	1.5707963	60	0	0	90
-3500	5400	1.5707963	60	0	0	90
-3500	5460	1.5707963	60	0	0	90
-3500	5500	1.5707963	60	0	-0.16	90
-3495.2102	5559.7443	1.4107963	60	0	-0.16	80.83274202
-3480.9633	5617.9625	1.2507963	60	0	-0.16	71.66540955
-3457.6231	5673.1672	1.0907963	60	0	-0.16	62.49807709
-3425.7859	5723.9483	0.93079633	60	0	-0.16	53.33074634
-3386.265	5769.0085	0.77079633	60	0	-0.16	44.16341388
-3340.07	5807.1968	0.61079633	60	0	-0.16	34.99608141
-3288.3809	5837.5377	0.45079633	60	0	-0.16	25.82874895
-3232.5182	5859.2559	0.29079633	60	0	-0.16	16.66141648
-3173.9089	5871.7969	0.13079633	60	0	-0.16	7.494084015
-3114.0502	5874.8401	-0.029203673	60	0	-0.16	-1.673248623
-3054.4712	5868.3079	-0.18920367	60	0	-0.16	-10.84058092
-2996.6939	5852.3671	-0.34920367	60	0	-0.16	-20.00791338
-2942.1942	5827.4249	-0.50920367	60	0	-0.16	-29.17524585
-2892.3644	5794.1185	-0.66920367	60	0	-0.16	-38.34257831
-2848.4774	5753.2987	-0.82920367	60	0	-0.16	-47.50991078
-2811.6542	5706.0083	-0.98920367	60	0	-0.16	-56.67724324
-2782.8356	5653.4553	-1.1492037	60	0	-0.16	-65.84457743
-2762.7578	5596.9823	-1.3092037	60	0	-0.16	-75.01190989
-2751.9335	5538.0317	-1.4692037	60	0	-0.16	-84.17924236
-2750	5500	-1.5707963	60	0	0	-90.00007448
-2750	5440	-1.5707963	60	0	0	-90
-2750	5380	-1.5707963	60	0	0	-90
-2750	5320	-1.5707963	60	0	0	-90
-2750	5260	-1.5707963	60	0	0	-90
-2750	5200	-1.5707963	60	0	0	-90
-2750	5140	-1.5707963	60	0	0	-90
-2750	5080	-1.5707963	60	0	0	-90
-2750	5020	-1.5707963	60	0	0	-90
-2750	4960	-1.5707963	60	0	0	-90
-2750	4900	-1.5707963	60	0	0	-90
-2750	4840	-1.5707963	60	0	0	-90
-2750	4780	-1.5707963	60	0	0	-90
-2750	4720	-1.5707963	60	0	0	-90
-2750	4660	-1.5707963	60	0	0	-90
-2750	4600	-1.5707963	60	0	0	-90
-2750	4540	-1.5707963	60	0	0	-90
-2750	4480	-1.5707963	60	0	0	-90
-2750	4420	-1.5707963	60	0	0	-90
-2750	4360	-1.5707963	60	0	0	-90
-2750	4300	-1.5707963	60	0	0	-90
-2750	4240	-1.5707963	60	0	0	-90
-2750	4180	-1.5707963	60	0	0	-90
-2750	4120	-1.5707963	60	0	0	-90
-2750	4060	-1.5707963	60	0	0	-90
-2750	4000	-1.5707963	60	0	0	-90
-2750	3940	-1.5707963	60	0	0	-90
-2750	3880	-1.5707963	60	0	0	-90
-2750	3820	-1.5707963	60	0	0	-90
-2750	3760	-1.5707963	60	0	0	-90
-2750	3700	-1.5707963	60	0	0	-90
-2750	3640	-1.5707963	60	0	0	-90
-2750	3580	-1.5707963	60	0	0	-90
-2750	3520	-1.5707963	60	0	0	-90
-2750	3460	-1.5707963	60	0	0	-90
-2750	3400	-1.5707963	60	0	0	-90
-2750	3340	-1.5707963	60	0	0	-90
-2750	3280	-1.5707963	60	0	0	-90
-2750	3220	-1.5707963	60	0	0	-90
-2750	3160	-1.5707963	60	0	0	-90
-2750	3100	-1.5707963	60	0	0	-90
-2750	3040	-1.5707963	60	0	0	-90
-2750	2980	-1.5707963	60	0	0	-90
-2750	2920	-1.5707963	60	0	0	-90
-2750	2860	-1.5707963	60	0	0	-90
-2750	2800	-1.5707963	60	0	0	-90
-2750	2740	-1.5707963	60	0	0	-90
-2750	2680	-1.5707963	60	0	0	-90
-2750	2620	-1.5707963	60	0	0	-90
-2750	2560	-1.5707963	60	0	0	-90
-2750	2500	-1.5707963	60	0	0	-90
-2750	2440	-1.5707963	60	0	0	-90
-2750	2380	-1.5707963	60	0	0	-90
-2750	2320	-1.5707963	60	0	0	-90
-2750	2260	-1.5707963	60	0	0	-90
-2750	2200	-1.5707963	60	0	0	-90
-2750	2140	-1.5707963	60	0	0	-90
-2750	2080	-1.5707963	60	0	0	-90
-2750	2020	-1.5707963	60	0	0	-90
-2750	1960	-1.5707963	60	0	0	-90
-2750	1900	-1.5707963	60	0	0	-90
-2750	1840	-1.5707963	60	0	0	-90
-2750	1780	-1.5707963	60	0	0	-90
-2750	1720	-1.5707963	60	0	0	-90
-2750	1660	-1.5707963	60	0	0	-90
-2750	1600	-1.5707963	60	0	0	-90
-2750	1540	-1.5707963	60	0	0	-90
-2750	1480	-1.5707963	60	0	0	-90
-2750	1420	-1.5707963	60	0	0	-90
-2750	1360	-1.5707963	60	0	0	-90
-2750	1300	-1.5707963	60	0	0	-90
-2750	1240	-1.5707963	60	0	0	-90
-2750	1180	-1.5707963	60	0	0	-90
-2750	1120	-1.5707963	60	0	0	-90
-2750	1100	-1.5707963	60	0	0.6	-90
-2732.5336	1043.5358	-0.97079633	60	0	0.6	-64
-2686.2358	1006.7961	-0.37079633	60	0	0.6	-38
-2650	1000	0	60	0	0	-12
-2590	1000	0	60	0	0	0
-2530	1000	0	60	0	0	0
-2470	1000	0	60	0	0	0
-2410	1000	0	60	0	0	0
-2350	1000	0	60	0	0	0
-2290	1000	0	60	0	0	0
-2230	1000	0	60	0	0	0
-2170	1000	0	60	0	0	0
-2110	1000	0	60	0	0	0
-2050	1000	0	60	0	0	0
-1990	1000	0	60	0	0	0
-1930	1000	0	60	0	0	0
-1870	1000	0	60	0	0	0
-1810	1000	0	60	0	0	0
-1750	1000	0	60	0	0	0
-1690	1000	0	60	0	0	0
-1630	1000	0	60	0	0	0
-1570	1000	0	60	0	0	0
-1510	1000	0	60	0	0	0
-1450	1000	0	60	0	0	0
-1390	1000	0	60	0	0	0
-1330	1000	0	60	0	0	0
-1270	1000	0	60	0	0	0
-1210	1000	0	60	0	0	0
-1150	1000	0	60	0	0	0
-1090	1000	0	60	0	0	0
-1030	1000	0	60	0	0	0
-970	1000	0	60	0	0	0
-910	1000	0	60	0	0	0
-850	1000	0	60	0	0	0
-790	1000	0	60	0	0	0
-730	1000	0	60	0	0	0
-670	1000	0	60	0	0	0
-610	1000	0	60	0	0	0
-550	1000	0	60	0	0	0
-490	1000	0	60	0	0	0
-430	1000	0	60	0	0	0
-370	1000	0	60	0	0	0
-310	1000	0	60	0	0	0
-250	1000	0	60	0	0	0
-190	1000	0	60	0	0	0
-130	1000	0	60	0	0	0
-70	1000	0	60	0	0	0
-10	1000	0	60	0	0	0
0	1000	-1.570796	60	0	0	0
0	940	-1.570796	60	0	0	0
0	880	-1.570796	60	0	0	0
0	820	-1.570796	60	0	0	0
0	760	-1.570796	60	0	0	0
0	700	-1.570796	60	0	0	0
0	640	-1.570796	60	0	0	0
0	580	-1.570796	60	0	0	0
0	520	-1.570796	60	0	0	0
0	460	-1.570796	60	0	0	0
0	400	-1.570796	60	0	0	0
0	340	-1.570796	60	0	0	0
0	280	-1.570796	60	0	0	0
0	220	-1.570796	60	0	0	0
0	160	-1.570796	60	0	0	0
0	100	-1.570796	60	0	0	0
0	40	-1.570796	60	0	0	0
