t	POSX	POSY	PHIS	SDOT	blank	w	ori
1	0	0	3.141592654	45	0	0	0
2	-45	0	3.141592654	45	0	0	0
3	-90	0	3.141592654	45	0	0	0
4	-135	0	3.141592654	45	0	0	0
5	-180	0	3.141592654	45	0	0	0
6	-225	0	3.141592654	45	0	0	0
7	-270	0	3.141592654	45	0	0	0
8	-315	0	3.141592654	45	0	0	0
9	-360	0	3.141592654	45	0	0	0
10	-405	0	3.141592654	45	0	0	0
11	-450	0	3.141592654	45	0	0	0
12	-495	0	3.141592654	45	0	0	0
13	-540	0	3.141592654	45	0	0	0
14	-585	0	3.141592654	45	0	0	0
15	-630	0	3.141592654	45	0	0	0
16	-675	0	3.141592654	45	0	0	0
17	-720	0	3.141592654	45	0	0	0
18	-765	0	3.141592654	45	0	0	0
19	-810	0	3.141592654	45	0	0	0
20	-855	0	3.141592654	45	0	0	0
21	-900	0	3.141592654	45	0	0	0
22	-945	0	3.141592654	45	0	0	0
23	-990	0	3.141592654	45	0	0	0
24	-1035	0	3.141592654	45	0	0	2
25	-1080	0	3.141592654	45	0	0	4
26	-1125	0	3.141592654	45	0	0	6
27	-1170	0	3.141592654	45	0	0	8
28	-1215	0	3.141592654	45	0	0	10
29	-1260	0	3.141592654	45	0	0	12
30	-1305	0	3.141592654	45	0	0	14
31	-1350	0	3.141592654	45	0	0	16
32	-1395	0	3.141592654	45	0	0	18
33	-1440	0	3.141592654	45	0	0	20
34	-1485	0	3.141592654	45	0	0	22
35	-1530	0	3.141592654	45	0	0	24
36	-1575	0	3.141592654	45	0	0	26
37	-1620	0	3.141592654	45	0	0	28
38	-1665	0	3.141592654	45	0	0	30
39	-1710	0	3.141592654	45	0	0	32
40	-1755	0	3.141592654	45	0	0	34
41	-1800	0	3.141592654	45	0	0	36
42	-1845	0	3.141592654	45	0	0	38
43	-1890	0	3.141592654	45	0	0	40
44	-1935	0	3.141592654	45	0	0	42
45	-1980	0	3.141592654	45	0	0	44
46	-2025	0	3.141592654	45	0	0	45
47	-2070	0	3.141592654	45	0	0	45
48	-2115	0	3.141592654	45	0	0	45
49	-2160	0	3.141592654	45	0	0	45
50	-2205	0	3.141592654	45	0	0	45
51	-2250	0	3.141592654	45	0	0	45
52	-2295	0	3.141592654	45	0	0	45
53	-2340	0	3.141592654	45	0	0	45
54	-2385	0	3.141592654	45	0	0	45
55	-2430	0	3.141592654	45	0	0	45
56	-2475	0	3.141592654	45	0	0	45
57	-2520	0	3.141592654	45	0	0	45
58	-2565	0	3.141592654	45	0	0	45
59	-2610	0	3.141592654	45	0	0	45
60	-2655	0	3.141592654	45	0	0	45
61	-2700	0	3.141592654	45	0	0	45
62	-2745	0	3.141592654	45	0	0	45
63	-2790	0	3.141592654	45	0	0	45
64	-2835	0	3.141592654	45	0	0	45
65	-2880	0	3.141592654	45	0	0	45
66	-2925	0	3.141592654	45	0	0	45
67	-2970	0	3.141592654	45	0	0	45
68	-3000	0	3.141592654	45	0	-0.09	47.5
69	-3044.939275	2.023633494	3.051592654	45	0	-0.09	50
70	-3089.514787	8.078153606	2.961592654	45	0	-0.09	52.5
71	-3133.365718	18.11455182	2.871592654	45	0	-0.09	55
72	-3176.137117	32.05158816	2.781592654	45	0	-0.09	57.5
73	-3217.482767	49.77644882	2.691592654	45	0	-0.09	60
74	-3257.067996	71.14565932	2.601592654	45	0	-0.09	62.5
75	-3294.572379	95.98624584	2.511592654	45	0	-0.09	65
76	-3329.692336	124.0971354	2.421592654	45	0	-0.09	67.5
77	-3362.143587	155.2507835	2.331592654	45	0	-0.09	70
78	-3391.663455	189.1950159	2.241592654	45	0	-0.09	72.5
79	-3418.012989	225.6550697	2.151592654	45	0	-0.09	75
80	-3440.978903	264.3358179	2.061592654	45	0	-0.09	77.5
81	-3460.375299	304.9241578	1.971592654	45	0	-0.09	80
82	-3476.045171	347.0915458	1.881592654	45	0	-0.09	82.5
83	-3487.861679	390.4966565	1.791592654	45	0	-0.09	85
84	-3495.729174	434.7881456	1.701592654	45	0	-0.09	87.5
85	-3499.583973	479.6074944	1.611592654	45	0	-0.09	90
86	-3500	500	1.570796327	45	0	0	90.00007602
87	-3500	545	1.570796327	45	0	0	90.00007602
88	-3500	590	1.570796327	45	0	0	90.00007602
89	-3500	635	1.570796327	45	0	0	90.00007602
90	-3500	680	1.570796327	45	0	0	90.00007602
91	-3500	725	1.570796327	45	0	0	90.00007602
92	-3500	770	1.570796327	45	0	0	90.00007602
93	-3500	815	1.570796327	45	0	0	90.00007602
94	-3500	860	1.570796327	45	0	0	90.00007602
95	-3500	905	1.570796327	45	0	0	90.00007602
96	-3500	950	1.570796327	45	0	0	90.00007602
97	-3500	995	1.570796327	45	0	0	90.00007602
98	-3500	1040	1.570796327	45	0	0	90.00007602
99	-3500	1085	1.570796327	45	0	0	90.00007602
100	-3500	1130	1.570796327	45	0	0	90.00007602
101	-3500	1175	1.570796327	45	0	0	90.00007602
102	-3500	1220	1.570796327	45	0	0	90.00007602
103	-3500	1265	1.570796327	45	0	0	90.00007602
104	-3500	1310	1.570796327	45	0	0	90.00007602
105	-3500	1355	1.570796327	45	0	0	90.00007602
106	-3500	1400	1.570796327	45	0	0	90.00007602
107	-3500	1445	1.570796327	45	0	0	90.00007602
108	-3500	1490	1.570796327	45	0	0	90.00007602
109	-3500	1500	1.570796327	45	0	0	90.00007602
110	-3500	1545	1.570796327	45	0	0	90.00007602
111	-3500	1590	1.570796327	45	0	0	90.00007602
112	-3500	1635	1.570796327	45	0	0	90.00007602
113	-3500	1680	1.570796327	45	0	0	90.00007602
114	-3500	1725	1.570796327	45	0	0	90.00007602
115	-3500	1770	1.570796327	45	0	0	90.00007602
116	-3500	1815	1.570796327	45	0	0	90.00007602
117	-3500	1860	1.570796327	45	0	0	90.00007602
118	-3500	1905	1.570796327	45	0	0	90.00007602
119	-3500	1950	1.570796327	45	0	0	90.00007602
120	-3500	1995	1.570796327	45	0	0	90.00007602
121	-3500	2040	1.570796327	45	0	0	90.00007602
122	-3500	2085	1.570796327	45	0	0	90.00007602
123	-3500	2130	1.570796327	45	0	0	90.00007602
124	-3500	2175	1.570796327	45	0	0	90.00007602
125	-3500	2220	1.570796327	45	0	0	90.00007602
126	-3500	2265	1.570796327	45	0	0	90.00007602
127	-3500	2310	1.570796327	45	0	0	90.00007602
128	-3500	2355	1.570796327	45	0	0	90.00007602
129	-3500	2400	1.570796327	45	0	0	90.00007602
130	-3500	2445	1.570796327	45	0	0	90.00007602
131	-3500	2490	1.570796327	45	0	0	90.00007602
132	-3500	2535	1.570796327	45	0	0	90.00007602
133	-3500	2580	1.570796327	45	0	0	90.00007602
134	-3500	2625	1.570796327	45	0	0	90.00007602
135	-3500	2670	1.570796327	45	0	0	90.00007602
136	-3500	2715	1.570796327	45	0	0	90.00007602
137	-3500	2760	1.570796327	45	0	0	90.00007602
138	-3500	2805	1.570796327	45	0	0	90.00007602
139	-3500	2850	1.570796327	45	0	0	90.00007602
140	-3500	2895	1.570796327	45	0	0	90.00007602
141	-3500	2940	1.570796327	45	0	0	90.00007602
142	-3500	2985	1.570796327	45	0	0	90.00007602
143	-3500	3030	1.570796327	45	0	0	90.00007602
144	-3500	3075	1.570796327	45	0	0	90.00007602
145	-3500	3120	1.570796327	45	0	0	90.00007602
146	-3500	3165	1.570796327	45	0	0	90.00007602
147	-3500	3210	1.570796327	45	0	0	90.00007602
148	-3500	3255	1.570796327	45	0	0	90.00007602
149	-3500	3300	1.570796327	45	0	0	90.00007602
150	-3500	3345	1.570796327	45	0	0	90.00007602
151	-3500	3390	1.570796327	45	0	0	90.00007602
152	-3500	3435	1.570796327	45	0	0	90.00007602
153	-3500	3480	1.570796327	45	0	0	90.00007602
154	-3500	3525	1.570796327	45	0	0	90.00007602
155	-3500	3570	1.570796327	45	0	0	90.00007602
156	-3500	3615	1.570796327	45	0	0	90.00007602
157	-3500	3660	1.570796327	45	0	0	90.00007602
158	-3500	3705	1.570796327	45	0	0	90.00007602
159	-3500	3750	1.570796327	45	0	0	90.00007602
160	-3500	3795	1.570796327	45	0	0	90.00007602
161	-3500	3840	1.570796327	45	0	0	90.00007602
162	-3500	3885	1.570796327	45	0	0	90.00007602
163	-3500	3930	1.570796327	45	0	0	90.00007602
164	-3500	3975	1.570796327	45	0	0	90.00007602
165	-3500	4020	1.570796327	45	0	0	90.00007602
166	-3500	4065	1.570796327	45	0	0	90.00007602
167	-3500	4110	1.570796327	45	0	0	90.00007602
168	-3500	4155	1.570796327	45	0	0	90.00007602
169	-3500	4200	1.570796327	45	0	0	90.00007602
170	-3500	4245	1.570796327	45	0	0	90.00007602
171	-3500	4290	1.570796327	45	0	0	90.00007602
172	-3500	4335	1.570796327	45	0	0	90.00007602
173	-3500	4380	1.570796327	45	0	0	90.00007602
174	-3500	4425	1.570796327	45	0	0	90.00007602
175	-3500	4470	1.570796327	45	0	0	90.00007602
176	-3500	4515	1.570796327	45	0	0	90.00007602
177	-3500	4560	1.570796327	45	0	0	90.00007602
178	-3500	4605	1.570796327	45	0	0	90.00007602
179	-3500	4650	1.570796327	45	0	0	90.00007602
180	-3500	4695	1.570796327	45	0	0	90.00007602
181	-3500	4740	1.570796327	45	0	0	90.00007602
182	-3500	4785	1.570796327	45	0	0	90.00007602
183	-3500	4830	1.570796327	45	0	0	90.00007602
184	-3500	4875	1.570796327	45	0	0	90.00007602
185	-3500	4920	1.570796327	45	0	0	90.00007602
186	-3500	4965	1.570796327	45	0	0	90.00007602
187	-3500	5010	1.570796327	45	0	0	90.00007602
188	-3500	5055	1.570796327	45	0	0	90.00007602
189	-3500	5100	1.570796327	45	0	0	90.00007602
190	-3500	5145	1.570796327	45	0	0	90.00007602
191	-3500	5190	1.570796327	45	0	0	90.00007602
192	-3500	5235	1.570796327	45	0	0	90.00007602
193	-3500	5280	1.570796327	45	0	0	90.00007602
194	-3500	5325	1.570796327	45	0	0	90.00007602
195	-3500	5370	1.570796327	45	0	0	90.00007602
196	-3500	5415	1.570796327	45	0	0	90.00007602
197	-3500	5460	1.570796327	45	0	0	90.00007602
198	-3500	5500	1.570796327	45	0	-0.12	90.00007602
199	-3497.303238	5544.892078	1.450796327	45	0	-0.12	83.12457667
200	-3489.251741	5589.138485	1.330796327	45	0	-0.12	76.24907732
201	-3475.961309	5632.102837	1.210796327	45	0	-0.12	69.37357797
202	-3457.623096	5673.167191	1.090796327	45	0	-0.12	62.49807862
203	-3434.500856	5711.740928	0.970796327	45	0	-0.12	55.62257927
204	-3406.927148	5747.269252	0.850796327	45	0	-0.12	48.74707993
205	-3375.29856	5779.24117	0.730796327	45	0	-0.12	41.87158058
206	-3340.069995	5807.196838	0.610796327	45	0	-0.12	34.99608123
207	-3301.748137	5830.734178	0.490796327	45	0	-0.12	28.12058188
208	-3260.884158	5849.514657	0.370796327	45	0	-0.12	21.24508253
209	-3218.065794	5863.268163	0.250796327	45	0	-0.12	14.36958318
210	-3173.908891	5871.796881	0.130796327	45	0	-0.12	7.494083831
211	-3129.048544	5874.978145	0.010796327	45	0	-0.12	0.618584482
212	-3084.129968	5872.766201	-0.109203673	45	0	-0.12	-6.256914867
213	-3039.799214	5865.192862	-0.229203673	45	0	-0.12	-13.13241422
214	-2996.693881	5852.367053	-0.349203673	45	0	-0.12	-20.00791357
215	-2955.433939	5834.473244	-0.469203673	45	0	-0.12	-26.88341291
216	-2916.61282	5811.768798	-0.589203673	45	0	-0.12	-33.75891226
217	-2880.788877	5784.580266	-0.709203673	45	0	-0.12	-40.63441161
218	-2848.477357	5753.298693	-0.829203673	45	0	-0.12	-47.50991096
219	-2820.142986	5718.373994	-0.949203673	45	0	-0.12	-54.38541031
220	-2796.193291	5680.308481	-1.069203673	45	0	-0.12	-61.26090966
221	-2776.972734	5639.64964	-1.189203673	45	0	-0.12	-68.13640901
222	-2762.757758	5596.982256	-1.309203673	45	0	-0.12	-75.01190836
223	-2753.752814	5552.920003	-1.429203673	45	0	-0.12	-81.88740771
224	-2750.087417	5508.096616	-1.549203673	45	0	-0.12	-88.76290706
225	-2750	5500	-1.570796327	45	0	0	-90.00007602
226	-2750	5455	-1.570796327	45	0	0	-90.00007602
227	-2750	5410	-1.570796327	45	0	0	-90.00007602
228	-2750	5365	-1.570796327	45	0	0	-90.00007602
229	-2750	5320	-1.570796327	45	0	0	-90.00007602
230	-2750	5275	-1.570796327	45	0	0	-90.00007602
231	-2750	5230	-1.570796327	45	0	0	-90.00007602
232	-2750	5185	-1.570796327	45	0	0	-90.00007602
233	-2750	5140	-1.570796327	45	0	0	-90.00007602
234	-2750	5095	-1.570796327	45	0	0	-90.00007602
235	-2750	5050	-1.570796327	45	0	0	-90.00007602
236	-2750	5005	-1.570796327	45	0	0	-90.00007602
237	-2750	4960	-1.570796327	45	0	0	-90.00007602
238	-2750	4915	-1.570796327	45	0	0	-90.00007602
239	-2750	4870	-1.570796327	45	0	0	-90.00007602
240	-2750	4825	-1.570796327	45	0	0	-90.00007602
241	-2750	4780	-1.570796327	45	0	0	-90.00007602
242	-2750	4735	-1.570796327	45	0	0	-90.00007602
243	-2750	4690	-1.570796327	45	0	0	-90.00007602
244	-2750	4645	-1.570796327	45	0	0	-90.00007602
245	-2750	4600	-1.570796327	45	0	0	-90.00007602
246	-2750	4555	-1.570796327	45	0	0	-90.00007602
247	-2750	4510	-1.570796327	45	0	0	-90.00007602
248	-2750	4465	-1.570796327	45	0	0	-90.00007602
249	-2750	4420	-1.570796327	45	0	0	-90.00007602
250	-2750	4375	-1.570796327	45	0	0	-90.00007602
251	-2750	4330	-1.570796327	45	0	0	-90.00007602
252	-2750	4285	-1.570796327	45	0	0	-90.00007602
253	-2750	4240	-1.570796327	45	0	0	-90.00007602
254	-2750	4195	-1.570796327	45	0	0	-90.00007602
255	-2750	4150	-1.570796327	45	0	0	-90.00007602
256	-2750	4105	-1.570796327	45	0	0	-90.00007602
257	-2750	4060	-1.570796327	45	0	0	-90.00007602
258	-2750	4015	-1.570796327	45	0	0	-90.00007602
259	-2750	3970	-1.570796327	45	0	0	-90.00007602
260	-2750	3925	-1.570796327	45	0	0	-90.00007602
261	-2750	3880	-1.570796327	45	0	0	-90.00007602
262	-2750	3835	-1.570796327	45	0	0	-90.00007602
263	-2750	3790	-1.570796327	45	0	0	-90.00007602
264	-2750	3745	-1.570796327	45	0	0	-90.00007602
265	-2750	3700	-1.570796327	45	0	0	-90.00007602
266	-2750	3655	-1.570796327	45	0	0	-90.00007602
267	-2750	3610	-1.570796327	45	0	0	-90.00007602
268	-2750	3565	-1.570796327	45	0	0	-90.00007602
269	-2750	3520	-1.570796327	45	0	0	-90.00007602
270	-2750	3475	-1.570796327	45	0	0	-90.00007602
271	-2750	3430	-1.570796327	45	0	0	-90.00007602
272	-2750	3385	-1.570796327	45	0	0	-90.00007602
273	-2750	3340	-1.570796327	45	0	0	-90.00007602
274	-2750	3295	-1.570796327	45	0	0	-90.00007602
275	-2750	3250	-1.570796327	45	0	0	-90.00007602
276	-2750	3205	-1.570796327	45	0	0	-90.00007602
277	-2750	3160	-1.570796327	45	0	0	-90.00007602
278	-2750	3115	-1.570796327	45	0	0	-90.00007602
279	-2750	3070	-1.570796327	45	0	0	-90.00007602
280	-2750	3025	-1.570796327	45	0	0	-90.00007602
281	-2750	2980	-1.570796327	45	0	0	-90.00007602
282	-2750	2935	-1.570796327	45	0	0	-90.00007602
283	-2750	2890	-1.570796327	45	0	0	-90.00007602
284	-2750	2845	-1.570796327	45	0	0	-90.00007602
285	-2750	2800	-1.570796327	45	0	0	-90.00007602
286	-2750	2755	-1.570796327	45	0	0	-90.00007602
287	-2750	2710	-1.570796327	45	0	0	-90.00007602
288	-2750	2665	-1.570796327	45	0	0	-90.00007602
289	-2750	2620	-1.570796327	45	0	0	-90.00007602
290	-2750	2575	-1.570796327	45	0	0	-90.00007602
291	-2750	2530	-1.570796327	45	0	0	-90.00007602
292	-2750	2485	-1.570796327	45	0	0	-90.00007602
293	-2750	2440	-1.570796327	45	0	0	-90.00007602
294	-2750	2395	-1.570796327	45	0	0	-90.00007602
295	-2750	2350	-1.570796327	45	0	0	-90.00007602
296	-2750	2305	-1.570796327	45	0	0	-90.00007602
297	-2750	2260	-1.570796327	45	0	0	-90.00007602
298	-2750	2215	-1.570796327	45	0	0	-90.00007602
299	-2750	2170	-1.570796327	45	0	0	-90.00007602
300	-2750	2125	-1.570796327	45	0	0	-90.00007602
301	-2750	2080	-1.570796327	45	0	0	-90.00007602
302	-2750	2035	-1.570796327	45	0	0	-90.00007602
303	-2750	1990	-1.570796327	45	0	0	-90.00007602
304	-2750	1945	-1.570796327	45	0	0	-90.00007602
305	-2750	1900	-1.570796327	45	0	0	-90.00007602
306	-2750	1855	-1.570796327	45	0	0	-90.00007602
307	-2750	1810	-1.570796327	45	0	0	-90.00007602
308	-2750	1765	-1.570796327	45	0	0	-90.00007602
309	-2750	1720	-1.570796327	45	0	0	-90.00007602
310	-2750	1675	-1.570796327	45	0	0	-90.00007602
311	-2750	1630	-1.570796327	45	0	0	-90.00007602
312	-2750	1585	-1.570796327	45	0	0	-90.00007602
313	-2750	1540	-1.570796327	45	0	0	-90.00007602
314	-2750	1495	-1.570796327	45	0	0	-90.00007602
315	-2750	1450	-1.570796327	45	0	0	-90.00007602
316	-2750	1405	-1.570796327	45	0	0	-90.00007602
317	-2750	1360	-1.570796327	45	0	0	-90.00007602
318	-2750	1315	-1.570796327	45	0	0	-90.00007602
319	-2750	1270	-1.570796327	45	0	0	-90.00007602
320	-2750	1225	-1.570796327	45	0	0	-90.00007602
321	-2750	1180	-1.570796327	45	0	0	-90.00007602
322	-2750	1135	-1.570796327	45	0	0	-90.00007602
323	-2750	1100	-1.570796327	45	0	0.45	-90.00007602
324	-2740.04471	1056.503447	-1.120796327	45	0	0.45	-64.21695346
325	-2712.160997	1021.667309	-0.670796327	45	0	0.45	-38.4338309
326	-2671.900669	1002.427664	-0.220796327	45	0	0.45	-12.65070834
327	-2650	1000	0	45	0	0	0
328	-2605	1000	0	45	0	0	0
329	-2560	1000	0	45	0	0	0
330	-2515	1000	0	45	0	0	0
331	-2470	1000	0	45	0	0	0
332	-2425	1000	0	45	0	0	0
333	-2380	1000	0	45	0	0	0
334	-2335	1000	0	45	0	0	0
335	-2290	1000	0	45	0	0	0
336	-2245	1000	0	45	0	0	0
337	-2200	1000	0	45	0	0	0
338	-2155	1000	0	45	0	0	0
339	-2110	1000	0	45	0	0	0
340	-2065	1000	0	45	0	0	0
341	-2020	1000	0	45	0	0	0
342	-1975	1000	0	45	0	0	0
343	-1930	1000	0	45	0	0	0
344	-1885	1000	0	45	0	0	0
345	-1840	1000	0	45	0	0	0
346	-1795	1000	0	45	0	0	0
347	-1750	1000	0	45	0	0	0
348	-1705	1000	0	45	0	0	0
349	-1660	1000	0	45	0	0	0
350	-1615	1000	0	45	0	0	0
351	-1570	1000	0	45	0	0	0
352	-1525	1000	0	45	0	0	0
353	-1480	1000	0	45	0	0	0
354	-1435	1000	0	45	0	0	0
355	-1390	1000	0	45	0	0	0
356	-1345	1000	0	45	0	0	0
357	-1300	1000	0	45	0	0	0
358	-1255	1000	0	45	0	0	0
359	-1210	1000	0	45	0	0	0
360	-1165	1000	0	45	0	0	0
361	-1120	1000	0	45	0	0	0
362	-1075	1000	0	45	0	0	0
363	-1030	1000	0	45	0	0	0
364	-985	1000	0	45	0	0	0
365	-940	1000	0	45	0	0	0
366	-895	1000	0	45	0	0	0
367	-850	1000	0	45	0	0	0
368	-805	1000	0	45	0	0	0
369	-760	1000	0	45	0	0	0
370	-715	1000	0	45	0	0	0
371	-670	1000	0	45	0	0	0
372	-625	1000	0	45	0	0	0
373	-580	1000	0	45	0	0	0
374	-535	1000	0	45	0	0	0
375	-490	1000	0	45	0	0	0
376	-445	1000	0	45	0	0	0
377	-400	1000	0	45	0	0	0
378	-355	1000	0	45	0	0	0
379	-310	1000	0	45	0	0	0
380	-265	1000	0	45	0	0	0
381	-220	1000	0	45	0	0	0
382	-175	1000	0	45	0	0	0
383	-130	1000	0	45	0	0	0
384	-85	1000	0	45	0	0	0
385	-40	1000	0	45	0	0	0
386	0	1000	-1.570796327	45	0	0	0
387	0	955	-1.570796327	45	0	0	0
388	0	910	-1.570796327	45	0	0	0
389	0	865	-1.570796327	45	0	0	0
390	0	820	-1.570796327	45	0	0	0
391	0	775	-1.570796327	45	0	0	0
392	0	730	-1.570796327	45	0	0	0
393	0	685	-1.570796327	45	0	0	0
394	0	640	-1.570796327	45	0	0	0
395	0	595	-1.570796327	45	0	0	0
396	0	550	-1.570796327	45	0	0	0
397	0	505	-1.570796327	45	0	0	0
398	0	460	-1.570796327	45	0	0	0
399	0	415	-1.570796327	45	0	0	0
400	0	370	-1.570796327	45	0	0	0
401	0	325	-1.570796327	45	0	0	0
402	0	280	-1.570796327	45	0	0	0
403	0	235	-1.570796327	45	0	0	0
404	0	190	-1.570796327	45	0	0	0
405	0	145	-1.570796327	45	0	0	0
406	0	100	-1.570796327	45	0	0	0
407	0	55	-1.570796327	45	0	0	0
408	0	10	-1.570796327	45	0	0	0
