t	POSX	POSY	PHIS	SDOT	blank	w	ori
1	0	0	3.141592654	30	0	0	0
2	-30	0	3.141592654	30	0	0	0
3	-60	0	3.141592654	30	0	0	0
4	-90	0	3.141592654	30	0	0	0
5	-120	0	3.141592654	30	0	0	0
6	-150	0	3.141592654	30	0	0	0
7	-180	0	3.141592654	30	0	0	0
8	-210	0	3.141592654	30	0	0	0
9	-240	0	3.141592654	30	0	0	0
10	-270	0	3.141592654	30	0	0	0
11	-300	0	3.141592654	30	0	0	0
12	-330	0	3.141592654	30	0	0	0
13	-360	0	3.141592654	30	0	0	0
14	-390	0	3.141592654	30	0	0	0
15	-420	0	3.141592654	30	0	0	0
16	-450	0	3.141592654	30	0	0	0
17	-480	0	3.141592654	30	0	0	0
18	-510	0	3.141592654	30	0	0	0
19	-540	0	3.141592654	30	0	0	0
20	-570	0	3.141592654	30	0	0	0
21	-600	0	3.141592654	30	0	0	0
22	-630	0	3.141592654	30	0	0	0
23	-660	0	3.141592654	30	0	0	0
24	-690	0	3.141592654	30	0	0	0
25	-720	0	3.141592654	30	0	0	0
26	-750	0	3.141592654	30	0	0	0
27	-780	0	3.141592654	30	0	0	0
28	-810	0	3.141592654	30	0	0	0
29	-840	0	3.141592654	30	0	0	0
30	-870	0	3.141592654	30	0	0	0
31	-900	0	3.141592654	30	0	0	0
32	-930	0	3.141592654	30	0	0	0
33	-960	0	3.141592654	30	0	0	0
34	-990	0	3.141592654	30	0	0	0
35	-1020	0	3.141592654	30	0	0	1
36	-1050	0	3.141592654	30	0	0	2.1
37	-1080	0	3.141592654	30	0	0	3.2
38	-1110	0	3.141592654	30	0	0	4.3
39	-1140	0	3.141592654	30	0	0	5.4
40	-1170	0	3.141592654	30	0	0	6.5
41	-1200	0	3.141592654	30	0	0	7.6
42	-1230	0	3.141592654	30	0	0	8.7
43	-1260	0	3.141592654	30	0	0	9.8
44	-1290	0	3.141592654	30	0	0	10.9
45	-1320	0	3.141592654	30	0	0	12
46	-1350	0	3.141592654	30	0	0	13.1
47	-1380	0	3.141592654	30	0	0	14.2
48	-1410	0	3.141592654	30	0	0	15.3
49	-1440	0	3.141592654	30	0	0	16.4
50	-1470	0	3.141592654	30	0	0	17.5
51	-1500	0	3.141592654	30	0	0	18.6
52	-1530	0	3.141592654	30	0	0	19.7
53	-1560	0	3.141592654	30	0	0	20.8
54	-1590	0	3.141592654	30	0	0	21.9
55	-1620	0	3.141592654	30	0	0	23
56	-1650	0	3.141592654	30	0	0	24.1
57	-1680	0	3.141592654	30	0	0	25.2
58	-1710	0	3.141592654	30	0	0	26.3
59	-1740	0	3.141592654	30	0	0	27.4
60	-1770	0	3.141592654	30	0	0	28.5
61	-1800	0	3.141592654	30	0	0	29.6
62	-1830	0	3.141592654	30	0	0	30.7
63	-1860	0	3.141592654	30	0	0	31.8
64	-1890	0	3.141592654	30	0	0	32.9
65	-1920	0	3.141592654	30	0	0	34
66	-1950	0	3.141592654	30	0	0	35.1
67	-1980	0	3.141592654	30	0	0	36.2
68	-2010	0	3.141592654	30	0	0	37.3
69	-2040	0	3.141592654	30	0	0	38.4
70	-2070	0	3.141592654	30	0	0	39.5
71	-2100	0	3.141592654	30	0	0	40.6
72	-2130	0	3.141592654	30	0	0	41.7
73	-2160	0	3.141592654	30	0	0	42.8
74	-2190	0	3.141592654	30	0	0	43.9
75	-2220	0	3.141592654	30	0	0	45
76	-2250	0	3.141592654	30	0	0	45
77	-2280	0	3.141592654	30	0	0	45
78	-2310	0	3.141592654	30	0	0	45
79	-2340	0	3.141592654	30	0	0	45
80	-2370	0	3.141592654	30	0	0	45
81	-2400	0	3.141592654	30	0	0	45
82	-2430	0	3.141592654	30	0	0	45
83	-2460	0	3.141592654	30	0	0	45
84	-2490	0	3.141592654	30	0	0	45
85	-2520	0	3.141592654	30	0	0	45
86	-2550	0	3.141592654	30	0	0	45
87	-2580	0	3.141592654	30	0	0	45
88	-2610	0	3.141592654	30	0	0	45
89	-2640	0	3.141592654	30	0	0	45
90	-2670	0	3.141592654	30	0	0	45
91	-2700	0	3.141592654	30	0	0	45
92	-2730	0	3.141592654	30	0	0	45
93	-2760	0	3.141592654	30	0	0	45
94	-2790	0	3.141592654	30	0	0	45
95	-2820	0	3.141592654	30	0	0	45
96	-2850	0	3.141592654	30	0	0	45
97	-2880	0	3.141592654	30	0	0	45
98	-2910	0	3.141592654	30	0	0	45
99	-2940	0	3.141592654	30	0	0	45
100	-2970	0	3.141592654	30	0	0	45
101	-3000	0	3.141592654	30	0	-0.06	45
102	-3029.982003	0.899730032	3.081592654	30	0	-0.06	46.8
103	-3059.856104	3.595682073	3.021592654	30	0	-0.06	48.3
104	-3089.514787	8.078153606	2.961592654	30	0	-0.06	50
105	-3118.851313	14.33101257	2.901592654	30	0	-0.06	51.65
106	-3147.760103	22.33175544	2.841592654	30	0	-0.06	53.3
107	-3176.137117	32.05158816	2.781592654	30	0	-0.06	54.95
108	-3203.880227	43.45552984	2.721592654	30	0	-0.06	56.6
109	-3230.889588	56.50253861	2.661592654	30	0	-0.06	58.25
110	-3257.067996	71.14565932	2.601592654	30	0	-0.06	59.9
111	-3282.321237	87.33219255	2.541592654	30	0	-0.06	61.55
112	-3306.558426	105.0038843	2.481592654	30	0	-0.06	63.2
113	-3329.692336	124.0971354	2.421592654	30	0	-0.06	64.85
114	-3351.63971	144.543231	2.361592654	30	0	-0.06	66.5
115	-3372.32156	166.2685871	2.301592654	30	0	-0.06	68.15
116	-3391.663455	189.1950159	2.241592654	30	0	-0.06	69.8
117	-3409.595784	213.240007	2.181592654	30	0	-0.06	71.45
118	-3426.054011	238.3170244	2.121592654	30	0	-0.06	73.1
119	-3440.978903	264.3358179	2.061592654	30	0	-0.06	74.75
120	-3454.316748	291.202748	2.001592654	30	0	-0.06	76.4
121	-3466.019543	318.8211228	1.941592654	30	0	-0.06	78.05
122	-3476.045171	347.0915458	1.881592654	30	0	-0.06	79.7
123	-3484.35755	375.9122742	1.821592654	30	0	-0.06	81.35
124	-3490.926765	405.1795844	1.761592654	30	0	-0.06	83
125	-3495.729174	434.7881456	1.701592654	30	0	-0.06	84.65
126	-3498.747493	464.6313992	1.641592654	30	0	-0.06	86.3
127	-3499.97086	494.6019415	1.581592654	30	0	-0.06	87.95
128	-3500	500	1.570796327	30	0	0	89.6
129	-3500	530	1.570796327	30	0	0	90
130	-3500	560	1.570796327	30	0	0	90
131	-3500	590	1.570796327	30	0	0	90
132	-3500	620	1.570796327	30	0	0	90
133	-3500	650	1.570796327	30	0	0	90
134	-3500	680	1.570796327	30	0	0	90
135	-3500	710	1.570796327	30	0	0	90
136	-3500	740	1.570796327	30	0	0	90
137	-3500	770	1.570796327	30	0	0	90
138	-3500	800	1.570796327	30	0	0	90
139	-3500	830	1.570796327	30	0	0	90
140	-3500	860	1.570796327	30	0	0	90
141	-3500	890	1.570796327	30	0	0	90
142	-3500	920	1.570796327	30	0	0	90
143	-3500	950	1.570796327	30	0	0	90
144	-3500	980	1.570796327	30	0	0	90
145	-3500	1010	1.570796327	30	0	0	90
146	-3500	1040	1.570796327	30	0	0	90
147	-3500	1070	1.570796327	30	0	0	90
148	-3500	1100	1.570796327	30	0	0	90
149	-3500	1130	1.570796327	30	0	0	90
150	-3500	1160	1.570796327	30	0	0	90
151	-3500	1190	1.570796327	30	0	0	90
152	-3500	1220	1.570796327	30	0	0	90
153	-3500	1250	1.570796327	30	0	0	90
154	-3500	1280	1.570796327	30	0	0	90
155	-3500	1310	1.570796327	30	0	0	90
156	-3500	1340	1.570796327	30	0	0	90
157	-3500	1370	1.570796327	30	0	0	90
158	-3500	1400	1.570796327	30	0	0	90
159	-3500	1430	1.570796327	30	0	0	90
160	-3500	1460	1.570796327	30	0	0	90
161	-3500	1490	1.570796327	30	0	0	90
162	-3500	1500	1.570796327	30	0	0	90
163	-3500	1530	1.570796327	30	0	0	90
164	-3500	1560	1.570796327	30	0	0	90
165	-3500	1590	1.570796327	30	0	0	90
166	-3500	1620	1.570796327	30	0	0	90
167	-3500	1650	1.570796327	30	0	0	90
168	-3500	1680	1.570796327	30	0	0	90
169	-3500	1710	1.570796327	30	0	0	90
170	-3500	1740	1.570796327	30	0	0	90
171	-3500	1770	1.570796327	30	0	0	90
172	-3500	1800	1.570796327	30	0	0	90
173	-3500	1830	1.570796327	30	0	0	90
174	-3500	1860	1.570796327	30	0	0	90
175	-3500	1890	1.570796327	30	0	0	90
176	-3500	1920	1.570796327	30	0	0	90
177	-3500	1950	1.570796327	30	0	0	90
178	-3500	1980	1.570796327	30	0	0	90
179	-3500	2010	1.570796327	30	0	0	90
180	-3500	2040	1.570796327	30	0	0	90
181	-3500	2070	1.570796327	30	0	0	90
182	-3500	2100	1.570796327	30	0	0	90
183	-3500	2130	1.570796327	30	0	0	90
184	-3500	2160	1.570796327	30	0	0	90
185	-3500	2190	1.570796327	30	0	0	90
186	-3500	2220	1.570796327	30	0	0	90
187	-3500	2250	1.570796327	30	0	0	90
188	-3500	2280	1.570796327	30	0	0	90
189	-3500	2310	1.570796327	30	0	0	90
190	-3500	2340	1.570796327	30	0	0	90
191	-3500	2370	1.570796327	30	0	0	90
192	-3500	2400	1.570796327	30	0	0	90
193	-3500	2430	1.570796327	30	0	0	90
194	-3500	2460	1.570796327	30	0	0	90
195	-3500	2490	1.570796327	30	0	0	90
196	-3500	2520	1.570796327	30	0	0	90
197	-3500	2550	1.570796327	30	0	0	90
198	-3500	2580	1.570796327	30	0	0	90
199	-3500	2610	1.570796327	30	0	0	90
200	-3500	2640	1.570796327	30	0	0	90
201	-3500	2670	1.570796327	30	0	0	90
202	-3500	2700	1.570796327	30	0	0	90
203	-3500	2730	1.570796327	30	0	0	90
204	-3500	2760	1.570796327	30	0	0	90
205	-3500	2790	1.570796327	30	0	0	90
206	-3500	2820	1.570796327	30	0	0	90
207	-3500	2850	1.570796327	30	0	0	90
208	-3500	2880	1.570796327	30	0	0	90
209	-3500	2910	1.570796327	30	0	0	90
210	-3500	2940	1.570796327	30	0	0	90
211	-3500	2970	1.570796327	30	0	0	90
212	-3500	3000	1.570796327	30	0	0	90
213	-3500	3030	1.570796327	30	0	0	90
214	-3500	3060	1.570796327	30	0	0	90
215	-3500	3090	1.570796327	30	0	0	90
216	-3500	3120	1.570796327	30	0	0	90
217	-3500	3150	1.570796327	30	0	0	90
218	-3500	3180	1.570796327	30	0	0	90
219	-3500	3210	1.570796327	30	0	0	90
220	-3500	3240	1.570796327	30	0	0	90
221	-3500	3270	1.570796327	30	0	0	90
222	-3500	3300	1.570796327	30	0	0	90
223	-3500	3330	1.570796327	30	0	0	90
224	-3500	3360	1.570796327	30	0	0	90
225	-3500	3390	1.570796327	30	0	0	90
226	-3500	3420	1.570796327	30	0	0	90
227	-3500	3450	1.570796327	30	0	0	90
228	-3500	3480	1.570796327	30	0	0	90
229	-3500	3510	1.570796327	30	0	0	90
230	-3500	3540	1.570796327	30	0	0	90
231	-3500	3570	1.570796327	30	0	0	90
232	-3500	3600	1.570796327	30	0	0	90
233	-3500	3630	1.570796327	30	0	0	90
234	-3500	3660	1.570796327	30	0	0	90
235	-3500	3690	1.570796327	30	0	0	90
236	-3500	3720	1.570796327	30	0	0	90
237	-3500	3750	1.570796327	30	0	0	90
238	-3500	3780	1.570796327	30	0	0	90
239	-3500	3810	1.570796327	30	0	0	90
240	-3500	3840	1.570796327	30	0	0	90
241	-3500	3870	1.570796327	30	0	0	90
242	-3500	3900	1.570796327	30	0	0	90
243	-3500	3930	1.570796327	30	0	0	90
244	-3500	3960	1.570796327	30	0	0	90
245	-3500	3990	1.570796327	30	0	0	90
246	-3500	4020	1.570796327	30	0	0	90
247	-3500	4050	1.570796327	30	0	0	90
248	-3500	4080	1.570796327	30	0	0	90
249	-3500	4110	1.570796327	30	0	0	90
250	-3500	4140	1.570796327	30	0	0	90
251	-3500	4170	1.570796327	30	0	0	90
252	-3500	4200	1.570796327	30	0	0	90
253	-3500	4230	1.570796327	30	0	0	90
254	-3500	4260	1.570796327	30	0	0	90
255	-3500	4290	1.570796327	30	0	0	90
256	-3500	4320	1.570796327	30	0	0	90
257	-3500	4350	1.570796327	30	0	0	90
258	-3500	4380	1.570796327	30	0	0	90
259	-3500	4410	1.570796327	30	0	0	90
260	-3500	4440	1.570796327	30	0	0	90
261	-3500	4470	1.570796327	30	0	0	90
262	-3500	4500	1.570796327	30	0	0	90
263	-3500	4530	1.570796327	30	0	0	90.00007602
264	-3500	4560	1.570796327	30	0	0	90.00007602
265	-3500	4590	1.570796327	30	0	0	90.00007602
266	-3500	4620	1.570796327	30	0	0	90.00007602
267	-3500	4650	1.570796327	30	0	0	90.00007602
268	-3500	4680	1.570796327	30	0	0	90.00007602
269	-3500	4710	1.570796327	30	0	0	90.00007602
270	-3500	4740	1.570796327	30	0	0	90.00007602
271	-3500	4770	1.570796327	30	0	0	90.00007602
272	-3500	4800	1.570796327	30	0	0	90.00007602
273	-3500	4830	1.570796327	30	0	0	90.00007602
274	-3500	4860	1.570796327	30	0	0	90.00007602
275	-3500	4890	1.570796327	30	0	0	90.00007602
276	-3500	4920	1.570796327	30	0	0	90.00007602
277	-3500	4950	1.570796327	30	0	0	90.00007602
278	-3500	4980	1.570796327	30	0	0	90.00007602
279	-3500	5010	1.570796327	30	0	0	90.00007602
280	-3500	5040	1.570796327	30	0	0	90.00007602
281	-3500	5070	1.570796327	30	0	0	90.00007602
282	-3500	5100	1.570796327	30	0	0	90.00007602
283	-3500	5130	1.570796327	30	0	0	90.00007602
284	-3500	5160	1.570796327	30	0	0	90.00007602
285	-3500	5190	1.570796327	30	0	0	90.00007602
286	-3500	5220	1.570796327	30	0	0	90.00007602
287	-3500	5250	1.570796327	30	0	0	90.00007602
288	-3500	5280	1.570796327	30	0	0	90.00007602
289	-3500	5310	1.570796327	30	0	0	90.00007602
290	-3500	5340	1.570796327	30	0	0	90.00007602
291	-3500	5370	1.570796327	30	0	0	90.00007602
292	-3500	5400	1.570796327	30	0	0	90.00007602
293	-3500	5430	1.570796327	30	0	0	90.00007602
294	-3500	5460	1.570796327	30	0	0	90.00007602
295	-3500	5490	1.570796327	30	0	0	90.00007602
296	-3500	5500	1.570796327	30	0	-0.08	90.00007602
297	-3498.80064	5529.96801	1.490796327	30	0	-0.08	85.41640979
298	-3495.210231	5559.744327	1.410796327	30	0	-0.08	80.83274355
299	-3489.251741	5589.138485	1.330796327	30	0	-0.08	76.24907732
300	-3480.963282	5617.96246	1.250796327	30	0	-0.08	71.66541109
301	-3470.397873	5646.031878	1.170796327	30	0	-0.08	67.08174486
302	-3457.623096	5673.167191	1.090796327	30	0	-0.08	62.49807862
303	-3442.720667	5699.194824	1.010796327	30	0	-0.08	57.91441239
304	-3425.785909	5723.948291	0.930796327	30	0	-0.08	53.33074616
305	-3406.927148	5747.269252	0.850796327	30	0	-0.08	48.74707993
306	-3386.265016	5769.008534	0.770796327	30	0	-0.08	44.16341369
307	-3363.931679	5789.02708	0.690796327	30	0	-0.08	39.57974746
308	-3340.069995	5807.196838	0.610796327	30	0	-0.08	34.99608123
309	-3314.832596	5823.401585	0.530796327	30	0	-0.08	30.41241499
310	-3288.380917	5837.537666	0.450796327	30	0	-0.08	25.82874876
311	-3260.884158	5849.514657	0.370796327	30	0	-0.08	21.24508253
312	-3232.518204	5859.255948	0.290796327	30	0	-0.08	16.6614163
313	-3203.4645	5866.699226	0.210796327	30	0	-0.08	12.07775006
314	-3173.908891	5871.796881	0.130796327	30	0	-0.08	7.494083831
315	-3144.040432	5874.516304	0.050796327	30	0	-0.08	2.910417598
316	-3114.050179	5874.840101	-0.029203673	30	0	-0.08	-1.673248634
317	-3084.129968	5872.766201	-0.109203673	30	0	-0.08	-6.256914867
318	-3054.471185	5868.307869	-0.189203673	30	0	-0.08	-10.8405811
319	-3025.263547	5861.493624	-0.269203673	30	0	-0.08	-15.42424733
320	-2996.693881	5852.367053	-0.349203673	30	0	-0.08	-20.00791357
321	-2968.944936	5840.986535	-0.429203673	30	0	-0.08	-24.5915798
322	-2942.194212	5827.424867	-0.509203673	30	0	-0.08	-29.17524603
323	-2916.61282	5811.768798	-0.589203673	30	0	-0.08	-33.75891226
324	-2892.364395	5794.118472	-0.669203673	30	0	-0.08	-38.3425785
325	-2869.604045	5774.586792	-0.749203673	30	0	-0.08	-42.92624473
326	-2848.477357	5753.298693	-0.829203673	30	0	-0.08	-47.50991096
327	-2829.11947	5730.390347	-0.909203673	30	0	-0.08	-52.09357719
328	-2811.654209	5706.008289	-0.989203673	30	0	-0.08	-56.67724343
329	-2796.193291	5680.308481	-1.069203673	30	0	-0.08	-61.26090966
330	-2782.835614	5653.455314	-1.149203673	30	0	-0.08	-65.84457589
331	-2771.666622	5625.620556	-1.229203673	30	0	-0.08	-70.42824212
332	-2762.757758	5596.982256	-1.309203673	30	0	-0.08	-75.01190836
333	-2756.166008	5567.7236	-1.389203673	30	0	-0.08	-79.59557459
334	-2751.933536	5538.031745	-1.469203673	30	0	-0.08	-84.17924082
335	-2750.087417	5508.096616	-1.549203673	30	0	-0.08	-88.76290706
336	-2750	5500	-1.570796327	30	0	0	-90.00007602
337	-2750	5470	-1.570796327	30	0	0	-90.00007602
338	-2750	5440	-1.570796327	30	0	0	-90.00007602
339	-2750	5410	-1.570796327	30	0	0	-90.00007602
340	-2750	5380	-1.570796327	30	0	0	-90.00007602
341	-2750	5350	-1.570796327	30	0	0	-90.00007602
342	-2750	5320	-1.570796327	30	0	0	-90.00007602
343	-2750	5290	-1.570796327	30	0	0	-90.00007602
344	-2750	5260	-1.570796327	30	0	0	-90.00007602
345	-2750	5230	-1.570796327	30	0	0	-90.00007602
346	-2750	5200	-1.570796327	30	0	0	-90.00007602
347	-2750	5170	-1.570796327	30	0	0	-90.00007602
348	-2750	5140	-1.570796327	30	0	0	-90.00007602
349	-2750	5110	-1.570796327	30	0	0	-90.00007602
350	-2750	5080	-1.570796327	30	0	0	-90.00007602
351	-2750	5050	-1.570796327	30	0	0	-90.00007602
352	-2750	5020	-1.570796327	30	0	0	-90.00007602
353	-2750	4990	-1.570796327	30	0	0	-90.00007602
354	-2750	4960	-1.570796327	30	0	0	-90.00007602
355	-2750	4930	-1.570796327	30	0	0	-90.00007602
356	-2750	4900	-1.570796327	30	0	0	-90.00007602
357	-2750	4870	-1.570796327	30	0	0	-90.00007602
358	-2750	4840	-1.570796327	30	0	0	-90.00007602
359	-2750	4810	-1.570796327	30	0	0	-90.00007602
360	-2750	4780	-1.570796327	30	0	0	-90.00007602
361	-2750	4750	-1.570796327	30	0	0	-90.00007602
362	-2750	4720	-1.570796327	30	0	0	-90.00007602
363	-2750	4690	-1.570796327	30	0	0	-90.00007602
364	-2750	4660	-1.570796327	30	0	0	-90.00007602
365	-2750	4630	-1.570796327	30	0	0	-90.00007602
366	-2750	4600	-1.570796327	30	0	0	-90.00007602
367	-2750	4570	-1.570796327	30	0	0	-90.00007602
368	-2750	4540	-1.570796327	30	0	0	-90.00007602
369	-2750	4510	-1.570796327	30	0	0	-90.00007602
370	-2750	4480	-1.570796327	30	0	0	-90.00007602
371	-2750	4450	-1.570796327	30	0	0	-90.00007602
372	-2750	4420	-1.570796327	30	0	0	-90.00007602
373	-2750	4390	-1.570796327	30	0	0	-90.00007602
374	-2750	4360	-1.570796327	30	0	0	-90.00007602
375	-2750	4330	-1.570796327	30	0	0	-90.00007602
376	-2750	4300	-1.570796327	30	0	0	-90.00007602
377	-2750	4270	-1.570796327	30	0	0	-90.00007602
378	-2750	4240	-1.570796327	30	0	0	-90.00007602
379	-2750	4210	-1.570796327	30	0	0	-90.00007602
380	-2750	4180	-1.570796327	30	0	0	-90.00007602
381	-2750	4150	-1.570796327	30	0	0	-90.00007602
382	-2750	4120	-1.570796327	30	0	0	-90.00007602
383	-2750	4090	-1.570796327	30	0	0	-90.00007602
384	-2750	4060	-1.570796327	30	0	0	-90.00007602
385	-2750	4030	-1.570796327	30	0	0	-90.00007602
386	-2750	4000	-1.570796327	30	0	0	-90.00007602
387	-2750	3970	-1.570796327	30	0	0	-90.00007602
388	-2750	3940	-1.570796327	30	0	0	-90.00007602
389	-2750	3910	-1.570796327	30	0	0	-90.00007602
390	-2750	3880	-1.570796327	30	0	0	-90.00007602
391	-2750	3850	-1.570796327	30	0	0	-90.00007602
392	-2750	3820	-1.570796327	30	0	0	-90.00007602
393	-2750	3790	-1.570796327	30	0	0	-90.00007602
394	-2750	3760	-1.570796327	30	0	0	-90.00007602
395	-2750	3730	-1.570796327	30	0	0	-90.00007602
396	-2750	3700	-1.570796327	30	0	0	-90.00007602
397	-2750	3670	-1.570796327	30	0	0	-90.00007602
398	-2750	3640	-1.570796327	30	0	0	-90.00007602
399	-2750	3610	-1.570796327	30	0	0	-90.00007602
400	-2750	3580	-1.570796327	30	0	0	-90.00007602
401	-2750	3550	-1.570796327	30	0	0	-90.00007602
402	-2750	3520	-1.570796327	30	0	0	-90.00007602
403	-2750	3490	-1.570796327	30	0	0	-90.00007602
404	-2750	3460	-1.570796327	30	0	0	-90.00007602
405	-2750	3430	-1.570796327	30	0	0	-90.00007602
406	-2750	3400	-1.570796327	30	0	0	-90.00007602
407	-2750	3370	-1.570796327	30	0	0	-90.00007602
408	-2750	3340	-1.570796327	30	0	0	-90.00007602
409	-2750	3310	-1.570796327	30	0	0	-90.00007602
410	-2750	3280	-1.570796327	30	0	0	-90.00007602
411	-2750	3250	-1.570796327	30	0	0	-90.00007602
412	-2750	3220	-1.570796327	30	0	0	-90.00007602
413	-2750	3190	-1.570796327	30	0	0	-90.00007602
414	-2750	3160	-1.570796327	30	0	0	-90.00007602
415	-2750	3130	-1.570796327	30	0	0	-90.00007602
416	-2750	3100	-1.570796327	30	0	0	-90.00007602
417	-2750	3070	-1.570796327	30	0	0	-90.00007602
418	-2750	3040	-1.570796327	30	0	0	-90.00007602
419	-2750	3010	-1.570796327	30	0	0	-90.00007602
420	-2750	2980	-1.570796327	30	0	0	-90.00007602
421	-2750	2950	-1.570796327	30	0	0	-90.00007602
422	-2750	2920	-1.570796327	30	0	0	-90.00007602
423	-2750	2890	-1.570796327	30	0	0	-90.00007602
424	-2750	2860	-1.570796327	30	0	0	-90.00007602
425	-2750	2830	-1.570796327	30	0	0	-90.00007602
426	-2750	2800	-1.570796327	30	0	0	-90.00007602
427	-2750	2770	-1.570796327	30	0	0	-90.00007602
428	-2750	2740	-1.570796327	30	0	0	-90.00007602
429	-2750	2710	-1.570796327	30	0	0	-90.00007602
430	-2750	2680	-1.570796327	30	0	0	-90.00007602
431	-2750	2650	-1.570796327	30	0	0	-90.00007602
432	-2750	2620	-1.570796327	30	0	0	-90.00007602
433	-2750	2590	-1.570796327	30	0	0	-90.00007602
434	-2750	2560	-1.570796327	30	0	0	-90.00007602
435	-2750	2530	-1.570796327	30	0	0	-90.00007602
436	-2750	2500	-1.570796327	30	0	0	-90.00007602
437	-2750	2470	-1.570796327	30	0	0	-90.00007602
438	-2750	2440	-1.570796327	30	0	0	-90.00007602
439	-2750	2410	-1.570796327	30	0	0	-90.00007602
440	-2750	2380	-1.570796327	30	0	0	-90.00007602
441	-2750	2350	-1.570796327	30	0	0	-90.00007602
442	-2750	2320	-1.570796327	30	0	0	-90.00007602
443	-2750	2290	-1.570796327	30	0	0	-90.00007602
444	-2750	2260	-1.570796327	30	0	0	-90.00007602
445	-2750	2230	-1.570796327	30	0	0	-90.00007602
446	-2750	2200	-1.570796327	30	0	0	-90.00007602
447	-2750	2170	-1.570796327	30	0	0	-90.00007602
448	-2750	2140	-1.570796327	30	0	0	-90.00007602
449	-2750	2110	-1.570796327	30	0	0	-90.00007602
450	-2750	2080	-1.570796327	30	0	0	-90.00007602
451	-2750	2050	-1.570796327	30	0	0	-90.00007602
452	-2750	2020	-1.570796327	30	0	0	-90.00007602
453	-2750	1990	-1.570796327	30	0	0	-90.00007602
454	-2750	1960	-1.570796327	30	0	0	-90.00007602
455	-2750	1930	-1.570796327	30	0	0	-90.00007602
456	-2750	1900	-1.570796327	30	0	0	-90.00007602
457	-2750	1870	-1.570796327	30	0	0	-90.00007602
458	-2750	1840	-1.570796327	30	0	0	-90.00007602
459	-2750	1810	-1.570796327	30	0	0	-90.00007602
460	-2750	1780	-1.570796327	30	0	0	-90.00007602
461	-2750	1750	-1.570796327	30	0	0	-90.00007602
462	-2750	1720	-1.570796327	30	0	0	-90.00007602
463	-2750	1690	-1.570796327	30	0	0	-90.00007602
464	-2750	1660	-1.570796327	30	0	0	-90.00007602
465	-2750	1630	-1.570796327	30	0	0	-90.00007602
466	-2750	1600	-1.570796327	30	0	0	-90.00007602
467	-2750	1570	-1.570796327	30	0	0	-90.00007602
468	-2750	1540	-1.570796327	30	0	0	-90.00007602
469	-2750	1510	-1.570796327	30	0	0	-90.00007602
470	-2750	1480	-1.570796327	30	0	0	-90.00007602
471	-2750	1450	-1.570796327	30	0	0	-90.00007602
472	-2750	1420	-1.570796327	30	0	0	-90.00007602
473	-2750	1390	-1.570796327	30	0	0	-90.00007602
474	-2750	1360	-1.570796327	30	0	0	-90.00007602
475	-2750	1330	-1.570796327	30	0	0	-90.00007602
476	-2750	1300	-1.570796327	30	0	0	-90.00007602
477	-2750	1270	-1.570796327	30	0	0	-90.00007602
478	-2750	1240	-1.570796327	30	0	0	-90.00007602
479	-2750	1210	-1.570796327	30	0	0	-90.00007602
480	-2750	1180	-1.570796327	30	0	0	-90.00007602
481	-2750	1150	-1.570796327	30	0	0	-90.00007602
482	-2750	1120	-1.570796327	30	0	0	-90.00007602
483	-2750	1100	-1.570796327	30	0	0.3	-90.00007602
484	-2745.533649	1070.447979	-1.270796327	30	0	0.3	-72.81132765
485	-2732.533561	1043.535753	-0.970796327	30	0	0.3	-55.62257927
486	-2712.160997	1021.667309	-0.670796327	30	0	0.3	-38.4338309
487	-2686.235775	1006.796091	-0.370796327	30	0	0.3	-21.24508253
488	-2657.07372	1000.250501	-0.070796327	30	0	0.3	-4.056334157
489	-2650	1000	0	30	0	0	0
490	-2620	1000	0	30	0	0	0
491	-2590	1000	0	30	0	0	0
492	-2560	1000	0	30	0	0	0
493	-2530	1000	0	30	0	0	0
494	-2500	1000	0	30	0	0	0
495	-2470	1000	0	30	0	0	0
496	-2440	1000	0	30	0	0	0
497	-2410	1000	0	30	0	0	0
498	-2380	1000	0	30	0	0	0
499	-2350	1000	0	30	0	0	0
500	-2320	1000	0	30	0	0	0
501	-2290	1000	0	30	0	0	0
502	-2260	1000	0	30	0	0	0
503	-2230	1000	0	30	0	0	0
504	-2200	1000	0	30	0	0	0
505	-2170	1000	0	30	0	0	0
506	-2140	1000	0	30	0	0	0
507	-2110	1000	0	30	0	0	0
508	-2080	1000	0	30	0	0	0
509	-2050	1000	0	30	0	0	0
510	-2020	1000	0	30	0	0	0
511	-1990	1000	0	30	0	0	0
512	-1960	1000	0	30	0	0	0
513	-1930	1000	0	30	0	0	0
514	-1900	1000	0	30	0	0	0
515	-1870	1000	0	30	0	0	0
516	-1840	1000	0	30	0	0	0
517	-1810	1000	0	30	0	0	0
518	-1780	1000	0	30	0	0	0
519	-1750	1000	0	30	0	0	0
520	-1720	1000	0	30	0	0	0
521	-1690	1000	0	30	0	0	0
522	-1660	1000	0	30	0	0	0
523	-1630	1000	0	30	0	0	0
524	-1600	1000	0	30	0	0	0
525	-1570	1000	0	30	0	0	0
526	-1540	1000	0	30	0	0	0
527	-1510	1000	0	30	0	0	0
528	-1480	1000	0	30	0	0	0
529	-1450	1000	0	30	0	0	0
530	-1420	1000	0	30	0	0	0
531	-1390	1000	0	30	0	0	0
532	-1360	1000	0	30	0	0	0
533	-1330	1000	0	30	0	0	0
534	-1300	1000	0	30	0	0	0
535	-1270	1000	0	30	0	0	0
536	-1240	1000	0	30	0	0	0
537	-1210	1000	0	30	0	0	0
538	-1180	1000	0	30	0	0	0
539	-1150	1000	0	30	0	0	0
540	-1120	1000	0	30	0	0	0
541	-1090	1000	0	30	0	0	0
542	-1060	1000	0	30	0	0	0
543	-1030	1000	0	30	0	0	0
544	-1000	1000	0	30	0	0	0
545	-970	1000	0	30	0	0	0
546	-940	1000	0	30	0	0	0
547	-910	1000	0	30	0	0	0
548	-880	1000	0	30	0	0	0
549	-850	1000	0	30	0	0	0
550	-820	1000	0	30	0	0	0
551	-790	1000	0	30	0	0	0
552	-760	1000	0	30	0	0	0
553	-730	1000	0	30	0	0	0
554	-700	1000	0	30	0	0	0
555	-670	1000	0	30	0	0	0
556	-640	1000	0	30	0	0	0
557	-610	1000	0	30	0	0	0
558	-580	1000	0	30	0	0	0
559	-550	1000	0	30	0	0	0
560	-520	1000	0	30	0	0	0
561	-490	1000	0	30	0	0	0
562	-460	1000	0	30	0	0	0
563	-430	1000	0	30	0	0	0
564	-400	1000	0	30	0	0	0
565	-370	1000	0	30	0	0	0
566	-340	1000	0	30	0	0	0
567	-310	1000	0	30	0	0	0
568	-280	1000	0	30	0	0	0
569	-250	1000	0	30	0	0	0
570	-220	1000	0	30	0	0	0
571	-190	1000	0	30	0	0	0
572	-160	1000	0	30	0	0	0
573	-130	1000	0	30	0	0	0
574	-100	1000	0	30	0	0	0
575	-70	1000	0	30	0	0	0
576	-40	1000	0	30	0	0	0
577	-10	1000	0	30	0	0	0
578	0	1000	-1.570796327	30	0	0	0
579	0	970	-1.570796327	30	0	0	0
580	0	940	-1.570796327	30	0	0	0
581	0	910	-1.570796327	30	0	0	0
582	0	880	-1.570796327	30	0	0	0
583	0	850	-1.570796327	30	0	0	0
584	0	820	-1.570796327	30	0	0	0
585	0	790	-1.570796327	30	0	0	0
586	0	760	-1.570796327	30	0	0	0
587	0	730	-1.570796327	30	0	0	0
588	0	700	-1.570796327	30	0	0	0
589	0	670	-1.570796327	30	0	0	0
590	0	640	-1.570796327	30	0	0	0
591	0	610	-1.570796327	30	0	0	0
592	0	580	-1.570796327	30	0	0	0
593	0	550	-1.570796327	30	0	0	0
594	0	520	-1.570796327	30	0	0	0
595	0	490	-1.570796327	30	0	0	0
596	0	460	-1.570796327	30	0	0	0
597	0	430	-1.570796327	30	0	0	0
598	0	400	-1.570796327	30	0	0	0
599	0	370	-1.570796327	30	0	0	0
600	0	340	-1.570796327	30	0	0	0
601	0	310	-1.570796327	30	0	0	0
602	0	280	-1.570796327	30	0	0	0
603	0	250	-1.570796327	30	0	0	0
604	0	220	-1.570796327	30	0	0	0
605	0	190	-1.570796327	30	0	0	0
606	0	160	-1.570796327	30	0	0	0
607	0	130	-1.570796327	30	0	0	0
608	0	100	-1.570796327	30	0	0	0
609	0	70	-1.570796327	30	0	0	0
610	0	40	-1.570796327	30	0	0	0
611	0	10	-1.570796327	30	0	0	0
