0
19.9667
39.7339
59.104
77.8837
95.8851
112.928
128.844
143.471
156.665
168.294
178.241
186.408
192.712
197.09
199.499
199.915
198.333
194.77
189.26
181.859
172.642
161.699
149.141
135.093
119.694
103.1
85.476
66.9976
47.8498
28.224
8.31615
-11.6748
-31.5491
-51.1082
-70.1566
-88.5041
-105.967
-122.372
-137.553
-151.361
-163.655
-174.315
-183.233
-190.32
-195.506
-198.738
-199.985
-199.233
-196.491
-191.785
-185.163
-176.691
-166.453
-154.553
-141.108
-126.253
-110.137
-92.9204
-74.7753
-55.8831
-36.4325
-16.6179
3.36282
23.3099
43.024
62.3083
80.9699
98.8227
115.688
131.397
145.794
158.734
170.087
179.742
187.6
193.584
197.634
199.709
199.788
197.872
193.978
188.146
180.434
170.92
159.697
146.879
132.594
116.983
100.204
82.4237
63.8196
44.578
24.8908
4.95516
-15.0302
-34.8654
-54.3521
-73.2959
-91.5071
-108.804
-125.014
-139.975
-153.537
-165.565
-175.939
-184.555
-191.327
-196.187
-199.087
-199.998
-198.911
-195.836
-190.804
-183.866
-175.09
-164.566
-152.397
-138.705
-123.627
-107.315
-89.9294
-71.6459
-52.6463
-33.1209
-13.2644
6.72469
26.6464
