0
24.4835
91.9395
185.853
283.229
360.229
397.999
387.291
330.729
242.159
143.268
58.266
7.96594
4.68246
49.2195
130.673
229.1
320.402
382.226
399.434
367.814
295.107
199.115
103.339
31.2292
0.440353
18.5106
81.0159
172.653
270.985
351.938
395.691
391.532
340.479
255.033
156.112
67.9367
12.095
2.25908
40.837
118.384
215.913
309.546
376.358
399.992
374.661
306.567
212.381
115.164
38.7181
1.75943
13.337
70.6161
159.573
258.428
342.977
392.521
394.929
349.612
267.664
169.15
78.1888
17.0515
0.706421
33.1553
106.454
202.655
298.207
369.714
399.669
380.738
317.557
225.593
127.363
46.9172
3.95146
8.98528
60.7861
146.671
245.613
333.388
388.504
397.468
358.085
279.997
182.323
88.9773
22.8136
0.0313416
26.2083
94.9356
189.386
286.436
362.322
398.467
386.02
328.029
238.692
139.882
55.7904
7.00681
5.47469
51.5692
134.005
232.598
323.21
383.657
399.137
365.862
291.978
195.575
100.255
29.356
0.236816
20.0266
83.8802
176.164
274.284
354.216
396.391
390.483
337.937
251.62
152.665
65.2986
10.912
2.82068
43.0058
