0
0
0
0
0
0
0
0
0
0
0
0
0
0
0
0
0
0
0
0
0
0
0
0
0
0
0
0
0
0
0
0
0
0
0
0
0
0
0
0
0
0
0
0
0
0
0
0
0
0
0
0
0
0
0
0
0
0
0
0
0
0
0
0
0
0
0
0
0
0
0
0
0
0
0
0
0
0
0
0
0
0
0
0
0
0
0
0
0
0
0
0
0
0
0
0
0
0
0
0
0
0
0
0
0
0
0
0
0
0
0
0
0
0
0
0
0
0.999161
0.999161
0.999161
0.999161
0.999161
0.999161
0.999161
0.999161
0.999161
0.999161
0.999161
0.999161
0.999161
0.999161
0.999161
0.999161
0.999161
0.999161
0.999161
0.999161
0.999161
0.999161
0.999161
0.999161
0.999161
0.999161
0.999161
0.999161
3.23126
3.23126
3.23126
3.23126
3.23126
3.23126
3.23126
3.23126
3.23126
3.23126
3.23126
3.23126
3.23126
3.23126
3.23126
3.23126
3.23126
3.23126
3.23126
3.23126
3.23126
3.23126
3.23126
3.23126
3.23126
3.23126
3.23126
5.92412
5.92412
5.92412
5.92412
5.92412
5.92412
5.92412
5.92412
5.92412
5.92412
5.92412
5.92412
5.92412
5.92412
5.92412
5.92412
5.92412
5.92412
5.92412
5.92412
5.92412
5.92412
5.92412
5.92412
5.92412
5.92412
5.92412
15.4161
15.4161
15.4161
15.4161
15.4161
15.4161
15.4161
15.4161
15.4161
15.4161
15.4161
15.4161
15.4161
15.4161
15.4161
15.4161
15.4161
15.4161
15.4161
15.4161
15.4161
15.4161
15.4161
15.4161
15.4161
15.4161
15.4161
26.0558
26.0558
26.0558
26.0558
26.0558
26.0558
26.0558
26.0558
26.0558
26.0558
26.0558
26.0558
26.0558
26.0558
26.0558
26.0558
26.0558
26.0558
26.0558
26.0558
26.0558
26.0558
26.0558
26.0558
26.0558
26.0558
36.4066
36.4066
36.4066
36.4066
36.4066
36.4066
36.4066
36.4066
36.4066
36.4066
36.4066
36.4066
36.4066
36.4066
36.4066
36.4066
36.4066
36.4066
36.4066
36.4066
36.4066
36.4066
36.4066
36.4066
36.4066
36.4066
36.4066
45.7944
45.7944
45.7944
45.7944
45.7944
45.7944
45.7944
45.7944
45.7944
45.7944
45.7944
45.7944
45.7944
45.7944
45.7944
45.7944
45.7944
45.7944
45.7944
45.7944
45.7944
45.7944
45.7944
45.7944
45.7944
45.7944
53.9726
53.9726
53.9726
53.9726
53.9726
53.9726
53.9726
53.9726
53.9726
53.9726
53.9726
53.9726
53.9726
53.9726
53.9726
53.9726
53.9726
53.9726
53.9726
53.9726
53.9726
53.9726
53.9726
53.9726
53.9726
53.9726
53.9726
60.9199
60.9199
60.9199
60.9199
60.9199
60.9199
60.9199
60.9199
60.9199
60.9199
60.9199
60.9199
60.9199
60.9199
60.9199
60.9199
60.9199
60.9199
60.9199
60.9199
60.9199
60.9199
60.9199
60.9199
60.9199
60.9199
60.9199
66.7243
66.7243
66.7243
66.7243
66.7243
66.7243
66.7243
66.7243
66.7243
66.7243
66.7243
66.7243
66.7243
66.7243
66.7243
66.7243
66.7243
66.7243
66.7243
66.7243
66.7243
66.7243
66.7243
66.7243
66.7243
66.7243
66.7243
71.5191
71.5191
71.5191
71.5191
71.5191
71.5191
71.5191
71.5191
71.5191
71.5191
71.5191
71.5191
71.5191
71.5191
71.5191
71.5191
71.5191
71.5191
71.5191
71.5191
71.5191
71.5191
71.5191
71.5191
71.5191
71.5191
71.5191
75.4481
75.4481
75.4481
75.4481
75.4481
75.4481
75.4481
75.4481
75.4481
75.4481
75.4481
75.4481
75.4481
75.4481
75.4481
75.4481
75.4481
75.4481
75.4481
75.4481
75.4481
75.4481
75.4481
75.4481
75.4481
75.4481
75.4481
75.4481
78.6491
78.6491
78.6491
78.6491
78.6491
78.6491
78.6491
78.6491
78.6491
78.6491
78.6491
78.6491
78.6491
78.6491
78.6491
78.6491
78.6491
78.6491
78.6491
78.6491
78.6491
78.6491
78.6491
78.6491
78.6491
78.6491
78.6491
78.6491
81.246
81.246
81.246
81.246
81.246
81.246
81.246
81.246
81.246
81.246
81.246
81.246
81.246
81.246
81.246
81.246
81.246
81.246
81.246
81.246
81.246
81.246
81.246
81.246
81.246
81.246
81.246
83.3461
83.3461
83.3461
83.3461
83.3461
83.3461
83.3461
83.3461
83.3461
83.3461
83.3461
83.3461
83.3461
83.3461
83.3461
83.3461
83.3461
83.3461
83.3461
83.3461
83.3461
83.3461
83.3461
83.3461
83.3461
83.3461
83.3461
85.0403
85.0403
85.0403
85.0403
85.0403
85.0403
85.0403
85.0403
85.0403
85.0403
85.0403
85.0403
85.0403
85.0403
85.0403
85.0403
85.0403
85.0403
85.0403
85.0403
85.0403
85.0403
85.0403
85.0403
85.0403
85.0403
85.0403
86.4046
86.4046
86.4046
86.4046
86.4046
86.4046
86.4046
86.4046
86.4046
86.4046
86.4046
86.4046
86.4046
86.4046
86.4046
86.4046
86.4046
86.4046
86.4046
86.4046
86.4046
86.4046
86.4046
86.4046
86.4046
86.4046
87.5018
87.5018
87.5018
87.5018
87.5018
87.5018
87.5018
87.5018
87.5018
87.5018
87.5018
87.5018
87.5018
87.5018
87.5018
87.5018
87.5018
87.5018
87.5018
87.5018
87.5018
87.5018
87.5018
87.5018
87.5018
87.5018
87.5018
88.3831
88.3831
88.3831
88.3831
88.3831
88.3831
88.3831
88.3831
88.3831
88.3831
88.3831
88.3831
88.3831
88.3831
88.3831
88.3831
88.3831
88.3831
88.3831
88.3831
88.3831
88.3831
88.3831
88.3831
88.3831
88.3831
88.3831
89.0904
89.0904
89.0904
89.0904
89.0904
89.0904
89.0904
89.0904
89.0904
89.0904
89.0904
89.0904
89.0904
89.0904
89.0904
89.0904
89.0904
89.0904
89.0904
89.0904
89.0904
89.0904
89.0904
89.0904
89.0904
89.0904
89.0904
89.6577
89.6577
89.6577
89.6577
89.6577
89.6577
89.6577
89.6577
89.6577
89.6577
89.6577
89.6577
89.6577
89.6577
89.6577
89.6577
89.6577
89.6577
89.6577
89.6577
89.6577
89.6577
89.6577
89.6577
