0
0
0
0
0
0
0
0
0
0
0
0
0
0
0
0
0
0
0
0
0
0
0
0
0
0
0
0
0
0
0
0
0
0
0
0
0
0
0
0
0
0
0
0
0
0
0
0
0
0
0
0
0
0
0
0
0
0
0
0
0
0
0
0
0
0
0
0
0
0
0
0
0
0
0
0
0
0
0
0
0
0
0
0
0
0
0
0
0
0
0
0
0
0
0
0
0
0
0
0
0
0
0
0
0
0
0
0
0
0
0
0
0
0
0
0
0
19.9667
19.9667
19.9667
19.9667
19.9667
19.9667
19.9667
19.9667
19.9667
19.9667
19.9667
19.9667
19.9667
19.9667
19.9667
19.9667
19.9667
19.9667
19.9667
19.9667
19.9667
19.9667
19.9667
19.9667
19.9667
19.9667
19.9667
19.9667
35.8059
35.8059
35.8059
35.8059
35.8059
35.8059
35.8059
35.8059
35.8059
35.8059
35.8059
35.8059
35.8059
35.8059
35.8059
35.8059
35.8059
35.8059
35.8059
35.8059
35.8059
35.8059
35.8059
35.8059
35.8059
35.8059
35.8059
48.3172
48.3172
48.3172
48.3172
48.3172
48.3172
48.3172
48.3172
48.3172
48.3172
48.3172
48.3172
48.3172
48.3172
48.3172
48.3172
48.3172
48.3172
48.3172
48.3172
48.3172
48.3172
48.3172
48.3172
48.3172
48.3172
48.3172
76.9986
76.9986
76.9986
76.9986
76.9986
76.9986
76.9986
76.9986
76.9986
76.9986
76.9986
76.9986
76.9986
76.9986
76.9986
76.9986
76.9986
76.9986
76.9986
76.9986
76.9986
76.9986
76.9986
76.9986
76.9986
76.9986
76.9986
98.7088
98.7088
98.7088
98.7088
98.7088
98.7088
98.7088
98.7088
98.7088
98.7088
98.7088
98.7088
98.7088
98.7088
98.7088
98.7088
98.7088
98.7088
98.7088
98.7088
98.7088
98.7088
98.7088
98.7088
98.7088
98.7088
115.053
115.053
115.053
115.053
115.053
115.053
115.053
115.053
115.053
115.053
115.053
115.053
115.053
115.053
115.053
115.053
115.053
115.053
115.053
115.053
115.053
115.053
115.053
115.053
115.053
115.053
115.053
127.36
127.36
127.36
127.36
127.36
127.36
127.36
127.36
127.36
127.36
127.36
127.36
127.36
127.36
127.36
127.36
127.36
127.36
127.36
127.36
127.36
127.36
127.36
127.36
127.36
127.36
136.66
136.66
136.66
136.66
136.66
136.66
136.66
136.66
136.66
136.66
136.66
136.66
136.66
136.66
136.66
136.66
136.66
136.66
136.66
136.66
136.66
136.66
136.66
136.66
136.66
136.66
136.66
143.724
143.724
143.724
143.724
143.724
143.724
143.724
143.724
143.724
143.724
143.724
143.724
143.724
143.724
143.724
143.724
143.724
143.724
143.724
143.724
143.724
143.724
143.724
143.724
143.724
143.724
143.724
149.123
149.123
149.123
149.123
149.123
149.123
149.123
149.123
149.123
149.123
149.123
149.123
149.123
149.123
149.123
149.123
149.123
149.123
149.123
149.123
149.123
149.123
149.123
149.123
149.123
149.123
149.123
153.273
153.273
153.273
153.273
153.273
153.273
153.273
153.273
153.273
153.273
153.273
153.273
153.273
153.273
153.273
153.273
153.273
153.273
153.273
153.273
153.273
153.273
153.273
153.273
153.273
153.273
153.273
156.483
156.483
156.483
156.483
156.483
156.483
156.483
156.483
156.483
156.483
156.483
156.483
156.483
156.483
156.483
156.483
156.483
156.483
156.483
156.483
156.483
156.483
156.483
156.483
156.483
156.483
156.483
156.483
158.978
158.978
158.978
158.978
158.978
158.978
158.978
158.978
158.978
158.978
158.978
158.978
158.978
158.978
158.978
158.978
158.978
158.978
158.978
158.978
158.978
158.978
158.978
158.978
158.978
158.978
158.978
158.978
160.927
160.927
160.927
160.927
160.927
160.927
160.927
160.927
160.927
160.927
160.927
160.927
160.927
160.927
160.927
160.927
160.927
160.927
160.927
160.927
160.927
160.927
160.927
160.927
160.927
160.927
160.927
162.456
162.456
162.456
162.456
162.456
162.456
162.456
162.456
162.456
162.456
162.456
162.456
162.456
162.456
162.456
162.456
162.456
162.456
162.456
162.456
162.456
162.456
162.456
162.456
162.456
162.456
162.456
163.659
163.659
163.659
163.659
163.659
163.659
163.659
163.659
163.659
163.659
163.659
163.659
163.659
163.659
163.659
163.659
163.659
163.659
163.659
163.659
163.659
163.659
163.659
163.659
163.659
163.659
163.659
164.609
164.609
164.609
164.609
164.609
164.609
164.609
164.609
164.609
164.609
164.609
164.609
164.609
164.609
164.609
164.609
164.609
164.609
164.609
164.609
164.609
164.609
164.609
164.609
164.609
164.609
165.361
165.361
165.361
165.361
165.361
165.361
165.361
165.361
165.361
165.361
165.361
165.361
165.361
165.361
165.361
165.361
165.361
165.361
165.361
165.361
165.361
165.361
165.361
165.361
165.361
165.361
165.361
165.957
165.957
165.957
165.957
165.957
165.957
165.957
165.957
165.957
165.957
165.957
165.957
165.957
165.957
165.957
165.957
165.957
165.957
165.957
165.957
165.957
165.957
165.957
165.957
165.957
165.957
165.957
166.43
166.43
166.43
166.43
166.43
166.43
166.43
166.43
166.43
166.43
166.43
166.43
166.43
166.43
166.43
166.43
166.43
166.43
166.43
166.43
166.43
166.43
166.43
166.43
166.43
166.43
166.43
166.807
166.807
166.807
166.807
166.807
166.807
166.807
166.807
166.807
166.807
166.807
166.807
166.807
166.807
166.807
166.807
166.807
166.807
166.807
166.807
166.807
166.807
166.807
166.807
