0
0
0
0
0
0
0
0
0
0
0
180
180
180
180
180
180
180
180
180
180
180
180
180
180
180
180
180
180
180
180
180
180
180
180
180
180
180
180
180
180
180
180
180
180
180
180
180
180
180
180
180
180
180
180
180
180
180
180
180
180
180
180
180
180
180
180
180
180
180
180
180
180
180
180
180
180
180
180
180
180
180
180
180
180
180
180
180
180
180
180
180
180
180
180
180
180
180
180
180
180
180
180
180
180
180
180
180
180
180
180
180
180
180
180
180
180
180
180
180
180
180
180
180
180
180
180
180
180
180
180
180
180
180
180
180
180
180
180
180
180
180
180
180
180
180
180
180
180
180
180
180
180
180
180
180
180
180
180
180
180
180
180
180
180
180
180
180
180
180
180
180
180
180
180
180
180
180
180
180
180
180
180
180
180
180
180
180
180
180
180
180
180
180
180
180
180
180
180
180
180
180
180
180
180
180
180
180
180
180
180
180
180
180
180
180
180
180
180
180
180
180
180
180
180
180
180
180
180
180
180
180
180
180
180
180
180
180
180
180
180
180
180
180
180
180
180
180
180
180
180
180
180
180
180
180
180
180
180
180
180
180
180
180
180
180
180
180
180
180
180
180
180
180
180
180
180
180
180
180
180
180
180
180
180
180
180
180
180
180
180
180
180
180
180
180
180
180
180
180
180
180
180
180
180
180
180
180
180
180
180
180
180
180
180
180
180
180
180
180
180
180
180
180
180
180
180
180
180
180
180
180
180
180
180
180
180
180
180
180
180
180
180
180
180
180
180
180
180
180
180
180
180
180
180
180
180
180
180
180
180
180
180
180
180
180
180
180
180
180
180
180
180
180
180
180
180
180
180
180
180
180
180
180
180
180
180
180
180
180
180
180
180
180
180
180
180
180
180
180
180
180
180
180
180
180
180
180
180
180
180
180
180
180
180
180
180
180
180
180
180
180
180
180
180
180
180
180
180
180
180
180
180
180
180
180
180
180
180
180
180
180
180
180
180
180
180
180
180
180
180
180
180
180
180
180
180
180
180
180
180
180
180
180
180
180
180
180
180
180
180
180
180
180
180
180
180
180
180
180
180
180
180
180
180
180
180
180
180
180
180
180
180
180
180
180
180
180
180
180
180
180
180
180
180
180
180
180
180
180
180
180
180
180
180
180
180
180
180
180
180
180
180
180
180
180
180
180
180
180
180
180
180
180
180
180
180
180
180
180
180
180
180
180
180
180
180
180
180
180
180
180
180
180
180
180
180
180
180
180
180
180
180
180
180
180
180
180
180
180
180
180
180
180
180
180
180
180
180
180
180
180
180
180
180
180
180
180
180
180
180
180
180
180
180
180
180
180
180
180
180
180
180
180
180
180
180
180
180
180
180
180
180
180
180
180
180
180
180
180
180
180
180
180
180
180
180
180
180
180
180
180
180
180
180
180
180
180
180
180
180
180
180
180
180
180
180
180
180
180
180
180
180
180
180
180
180
180
180
180
180
180
180
180
180
180
180
180
180
180
180
180
180
180
180
180
180
180
180
180
180
180
180
180
180
180
180
180
180
180
180
180
180
180
180
180
180
180
180
180
180
180
180
180
180
180
180
180
180
180
180
180
180
180
180
180
180
180
180
180
180
180
180
180
180
180
180
180
180
180
180
180
180
180
180
180
180
180
180
180
180
180
180
180
180
180
180
180
180
180
180
180
180
180
180
180
180
180
180
180
180
180
180
180
180
180
180
180
180
180
180
180
180
180
180
180
180
180
180
180
180
180
180
180
180
180
180
180
180
180
180
180
180
180
180
180
180
180
180
180
180
180
180
180
180
180
180
180
180
180
180
180
180
180
180
180
180
180
180
180
180
180
180
180
180
180
180
180
180
180
180
180
180
180
180
180
180
180
180
180
180
180
180
180
180
180
180
180
180
180
180
180
180
180
180
180
180
180
180
180
180
180
180
180
180
180
180
180
180
180
180
180
180
180
180
180
180
180
180
180
180
180
180
180
180
180
180
180
180
180
180
180
180
180
180
180
180
180
180
180
180
180
180
180
180
180
180
180
180
180
180
180
180
180
180
180
180
180
180
180
180
180
180
180
180
180
180
180
180
180
180
180
180
180
180
180
180
180
180
180
180
180
180
180
180
180
180
180
180
180
180
180
180
180
180
180
180
180
180
180
180
180
180
180
180
180
180
180
180
180
180
180
180
180
176.471
176.471
176.471
176.471
176.471
176.471
176.471
176.471
176.471
173.033
173.033
173.033
173.033
173.033
173.033
173.033
173.033
173.033
173.033
169.596
169.596
169.596
169.596
169.596
169.596
169.596
169.596
169.596
166.158
166.158
166.158
166.158
166.158
166.158
166.158
166.158
166.158
166.158
162.72
162.72
162.72
162.72
162.72
162.72
162.72
162.72
162.72
159.282
159.282
159.282
159.282
159.282
159.282
159.282
159.282
159.282
159.282
155.845
155.845
155.845
155.845
155.845
155.845
155.845
155.845
155.845
152.407
152.407
152.407
152.407
152.407
152.407
152.407
152.407
152.407
152.407
148.969
148.969
148.969
148.969
148.969
148.969
148.969
148.969
148.969
145.531
145.531
145.531
145.531
145.531
145.531
145.531
145.531
145.531
142.094
142.094
142.094
142.094
142.094
142.094
142.094
142.094
142.094
142.094
138.656
138.656
138.656
138.656
138.656
138.656
138.656
138.656
138.656
135.218
135.218
135.218
135.218
135.218
135.218
135.218
135.218
135.218
135.218
131.78
131.78
131.78
131.78
131.78
131.78
131.78
131.78
131.78
128.343
128.343
128.343
128.343
128.343
128.343
128.343
128.343
128.343
128.343
124.905
124.905
124.905
124.905
124.905
124.905
124.905
124.905
124.905
121.467
121.467
121.467
121.467
121.467
121.467
121.467
121.467
121.467
121.467
118.029
118.029
118.029
118.029
118.029
118.029
118.029
118.029
118.029
114.592
114.592
114.592
114.592
114.592
114.592
114.592
114.592
114.592
114.592
111.154
111.154
111.154
111.154
111.154
111.154
111.154
111.154
111.154
107.716
107.716
107.716
107.716
107.716
107.716
107.716
107.716
107.716
107.716
104.278
104.278
104.278
104.278
104.278
104.278
104.278
104.278
104.278
100.841
100.841
100.841
100.841
100.841
100.841
100.841
100.841
100.841
100.841
97.4028
97.4028
97.4028
97.4028
97.4028
97.4028
97.4028
97.4028
97.4028
93.9651
93.9651
93.9651
93.9651
93.9651
93.9651
93.9651
93.9651
93.9651
90.5273
90.5273
90.5273
90.5273
90.5273
90.5273
90.5273
90.5273
90.5273
90.5273
89.9544
89.9544
89.9544
89.9544
89.9544
89.9544
89.9544
89.9544
89.9544
89.9544
89.9544
89.9544
89.9544
89.9544
89.9544
89.9544
89.9544
89.9544
89.9544
89.9544
89.9544
89.9544
89.9544
89.9544
89.9544
89.9544
89.9544
89.9544
89.9544
89.9544
89.9544
89.9544
89.9544
89.9544
89.9544
89.9544
89.9544
89.9544
89.9544
89.9544
89.9544
89.9544
89.9544
89.9544
89.9544
89.9544
89.9544
89.9544
89.9544
89.9544
89.9544
89.9544
89.9544
89.9544
89.9544
89.9544
89.9544
89.9544
89.9544
89.9544
89.9544
89.9544
89.9544
89.9544
89.9544
89.9544
89.9544
89.9544
89.9544
89.9544
89.9544
89.9544
89.9544
89.9544
89.9544
89.9544
89.9544
89.9544
89.9544
89.9544
89.9544
89.9544
89.9544
89.9544
89.9544
89.9544
89.9544
89.9544
89.9544
89.9544
89.9544
89.9544
89.9544
89.9544
89.9544
89.9544
89.9544
89.9544
89.9544
89.9544
89.9544
89.9544
89.9544
89.9544
89.9544
89.9544
89.9544
89.9544
89.9544
89.9544
89.9544
89.9544
89.9544
89.9544
89.9544
89.9544
89.9544
89.9544
89.9544
89.9544
89.9544
89.9544
89.9544
89.9544
89.9544
89.9544
89.9544
89.9544
89.9544
89.9544
89.9544
89.9544
89.9544
89.9544
89.9544
89.9544
89.9544
89.9544
89.9544
89.9544
89.9544
89.9544
89.9544
89.9544
89.9544
89.9544
89.9544
89.9544
89.9544
89.9544
89.9544
89.9544
89.9544
89.9544
89.9544
89.9544
89.9544
89.9544
89.9544
89.9544
89.9544
89.9544
89.9544
89.9544
89.9544
89.9544
89.9544
89.9544
89.9544
89.9544
89.9544
89.9544
89.9544
89.9544
89.9544
89.9544
89.9544
89.9544
89.9544
89.9544
89.9544
89.9544
89.9544
89.9544
89.9544
89.9544
89.9544
89.9544
89.9544
89.9544
89.9544
89.9544
89.9544
89.9544
89.9544
89.9544
89.9544
89.9544
89.9544
89.9544
89.9544
89.9544
89.9544
89.9544
89.9544
89.9544
89.9544
89.9544
89.9544
89.9544
89.9544
89.9544
89.9544
89.9544
89.9544
89.9544
89.9544
89.9544
89.9544
89.9544
89.9544
89.9544
89.9544
89.9544
89.9544
89.9544
89.9544
89.9544
89.9544
89.9544
89.9544
89.9544
89.9544
89.9544
89.9544
89.9544
89.9544
89.9544
89.9544
89.9544
89.9544
89.9544
89.9544
89.9544
89.9544
89.9544
89.9544
89.9544
89.9544
89.9544
89.9544
89.9544
89.9544
89.9544
89.9544
89.9544
89.9544
