0
0
0
0
0
0
0
0
407.455
407.455
407.455
407.455
407.455
407.455
407.455
407.455
407.455
407.455
407.455
407.455
407.455
407.455
407.455
407.455
407.455
407.455
407.455
329.107
329.107
329.107
329.107
329.107
329.107
329.107
329.107
329.107
329.107
260.567
260.567
260.567
260.567
260.567
260.567
260.567
260.567
260.567
201.371
201.371
201.371
201.371
201.371
201.371
201.371
201.371
151.202
151.202
151.202
151.202
151.202
151.202
151.202
110.042
110.042
110.042
110.042
110.042
110.042
110.042
110.042
110.042
78.4771
78.4771
78.4771
78.4771
78.4771
78.4771
78.4771
78.4771
58.0646
58.0646
58.0646
58.0646
58.0646
58.0646
58.0646
58.0646
50.2106
50.2106
50.2106
50.2106
50.2106
50.2106
50.2106
50.2106
52.1474
52.1474
52.1474
52.1474
52.1474
52.1474
52.1474
52.1474
57.8981
57.8981
57.8981
57.8981
57.8981
57.8981
57.8981
57.8981
63.4305
63.4305
63.4305
63.4305
63.4305
63.4305
63.4305
63.4305
67.1271
67.1271
67.1271
67.1271
67.1271
67.1271
67.1271
67.1271
68.5599
68.5599
68.5599
68.5599
68.5599
68.5599
68.5599
68.5599
67.817
67.817
67.817
67.817
67.817
67.817
67.817
67.817
67.817
67.817
65.2465
65.2465
65.2465
65.2465
65.2465
65.2465
65.2465
65.2465
65.2465
61.3795
61.3795
61.3795
61.3795
61.3795
61.3795
61.3795
61.3795
56.937
56.937
56.937
56.937
56.937
56.937
56.937
56.937
56.937
52.8675
52.8675
52.8675
52.8675
52.8675
52.8675
52.8675
52.8675
50.3294
50.3294
50.3294
50.3294
50.3294
50.3294
50.3294
50.3294
50.3294
50.4504
50.4504
50.4504
50.4504
50.4504
50.4504
50.4504
50.4504
50.4504
53.8348
53.8348
53.8348
53.8348
53.8348
53.8348
53.8348
53.8348
60.2739
60.2739
60.2739
60.2739
60.2739
60.2739
60.2739
60.2739
60.2739
69.0209
69.0209
69.0209
69.0209
69.0209
69.0209
69.0209
69.0209
79.243
79.243
79.243
79.243
79.243
79.243
79.243
79.243
79.243
90.2449
90.2449
90.2449
90.2449
90.2449
90.2449
90.2449
90.2449
101.497
101.497
101.497
101.497
101.497
101.497
101.497
101.497
112.601
112.601
112.601
112.601
112.601
112.601
112.601
112.601
123.249
123.249
123.249
123.249
123.249
123.249
123.249
123.249
133.201
133.201
133.201
133.201
133.201
133.201
133.201
133.201
133.201
142.263
142.263
142.263
142.263
142.263
142.263
142.263
142.263
150.281
150.281
150.281
150.281
150.281
150.281
150.281
150.281
157.132
157.132
157.132
157.132
157.132
157.132
157.132
157.132
162.72
162.72
162.72
162.72
162.72
162.72
162.72
162.72
166.973
166.973
166.973
166.973
166.973
166.973
166.973
166.973
169.844
169.844
169.844
169.844
169.844
169.844
169.844
169.844
169.844
171.306
171.306
171.306
171.306
171.306
171.306
171.306
171.306
171.354
171.354
171.354
171.354
171.354
171.354
171.354
170.006
170.006
170.006
170.006
170.006
170.006
170.006
170.006
167.297
167.297
167.297
167.297
167.297
167.297
167.297
167.297
163.286
163.286
163.286
163.286
163.286
163.286
163.286
163.286
158.052
158.052
158.052
158.052
158.052
158.052
158.052
158.052
158.052
151.696
151.696
151.696
151.696
151.696
151.696
151.696
151.696
144.34
144.34
144.34
144.34
144.34
144.34
144.34
144.34
136.13
136.13
136.13
136.13
136.13
136.13
136.13
136.13
127.237
127.237
127.237
127.237
127.237
127.237
127.237
127.237
117.857
117.857
117.857
117.857
117.857
117.857
117.857
117.857
108.215
108.215
108.215
108.215
108.215
108.215
108.215
108.215
98.5635
98.5635
98.5635
98.5635
98.5635
98.5635
98.5635
98.5635
89.1845
89.1845
89.1845
89.1845
89.1845
89.1845
89.1845
89.1845
80.3841
80.3841
80.3841
80.3841
80.3841
80.3841
80.3841
80.3841
72.4777
72.4777
72.4777
72.4777
72.4777
72.4777
72.4777
72.4777
72.4777
65.7575
65.7575
65.7575
65.7575
65.7575
65.7575
65.7575
65.7575
60.4389
60.4389
60.4389
60.4389
60.4389
60.4389
60.4389
60.4389
56.5958
56.5958
56.5958
56.5958
56.5958
56.5958
56.5958
56.5958
54.1251
54.1251
54.1251
54.1251
54.1251
54.1251
54.1251
54.1251
52.7885
52.7885
52.7885
52.7885
52.7885
52.7885
52.7885
52.7885
52.3468
52.3468
52.3468
52.3468
52.3468
52.3468
52.3468
52.3468
52.7515
52.7515
52.7515
52.7515
52.7515
52.7515
52.7515
52.7515
54.3412
54.3412
54.3412
54.3412
54.3412
54.3412
54.3412
54.3412
54.3412
57.9657
57.9657
57.9657
57.9657
57.9657
57.9657
57.9657
64.9051
64.9051
64.9051
64.9051
64.9051
64.9051
64.9051
64.9051
64.9051
76.5142
76.5142
76.5142
76.5142
76.5142
76.5142
76.5142
76.5142
93.8334
93.8334
93.8334
93.8334
93.8334
93.8334
93.8334
93.8334
117.504
117.504
117.504
117.504
117.504
117.504
117.504
117.504
117.504
147.936
147.936
147.936
147.936
147.936
147.936
147.936
147.936
185.487
185.487
185.487
185.487
185.487
185.487
185.487
185.487
230.545
230.545
230.545
230.545
230.545
230.545
230.545
230.545
283.554
283.554
283.554
283.554
283.554
283.554
283.554
283.554
283.554
0
0
0
0
0
0
0
0
0
0
0
0
0
0
0
0
0
0
0
0
0
0
0
0
0
0
0
0
0
0
0
0
0
0
0
0
0
0
0
0
0
0
0
0
0
0
0
0
0
0
0
0
0
0
0
0
0
0
0
0
0
0
0
0
0
0
0
0
0
0
0
0
0
0
0
0
0
0
0
0
0
0
0
0
0
0
0
0
0
0
0
0
0
0
0
0
0
0
0
0
0
0
0
0
0
0
0
0
0
0
0
0
0
0
0
0
0
0
0
0
0
0
0
0
0
0
0
0
0
0
0
0
0
0
0
0
0
0
0
0
0
0
0
0
0
0
0
0
0
0
0
0
0
0
0
0
0
0
0
0
0
0
0
0
0
0
0
0
0
0
0
0
0
0
0
0
0
0
0
0
0
0
0
0
0
0
0
0
0
0
0
0
0
0
0
0
0
0
0
0
0
0
0
0
0
0
0
0
0
0
0
0
0
0
0
0
0
0
0
0
0
0
0
0
0
0
0
0
0
0
0
0
0
0
0
0
0
0
0
0
0
0
0
0
0
0
0
0
0
0
0
0
0
0
0
0
0
0
0
0
0
0
0
0
0
0
0
0
0
0
0
0
0
0
0
0
0
0
0
0
0
0
0
0
0
0
0
0
0
0
0
0
0
0
0
0
0
0
0
0
0
0
0
0
0
0
0
0
0
0
0
0
0
0
0
0
0
0
0
0
0
0
0
0
0
0
0
0
0
0
0
0
0
0
0
0
0
0
0
0
0
0
0
0
0
0
0
0
0
0
0
0
0
0
0
0
0
0
0
0
0
0
0
0
0
0
0
0
0
0
0
0
0
0
0
0
0
0
0
0
0
0
0
0
0
0
0
0
0
0
0
0
0
0
0
0
0
0
0
0
0
0
0
0
0
0
0
0
0
0
0
0
0
0
0
0
0
0
0
0
0
0
0
0
0
0
0
0
0
0
0
0
0
0
0
0
0
0
0
0
0
0
0
0
0
0
0
0
0
0
0
0
0
0
0
0
0
0
0
0
0
0
0
0
0
0
0
0
0
0
0
0
0
0
0
0
0
0
0
0
0
0
0
0
0
0
0
0
0
0
0
0
0
0
0
0
0
0
0
0
0
0
0
0
0
0
0
0
0
0
0
0
0
0
0
0
0
0
0
0
0
0
0
0
0
0
0
0
0
0
0
0
0
0
0
0
0
0
0
0
0
0
0
0
0
0
0
0
0
0
0
0
0
0
0
0
0
0
0
0
0
0
0
0
0
0
0
0
0
0
0
0
0
0
0
0
0
0
0
0
0
0
0
0
0
0
0
0
0
0
0
