0
0
0
0
0
0
0
0
0
0
0
0
0
0
0
0
0
0
0
0
0
0
0
0
-45
-45
-45
-45
-45
-45
-45
-45
-45
-90
-90
-90
-90
-90
-90
-90
-90
-90
-135
-135
-135
-135
-135
-135
-135
-135
-135
-135
-180
-180
-180
-180
-180
-180
-180
-180
-180
-225
-225
-225
-225
-225
-225
-225
-225
-225
-225
-270
-270
-270
-270
-270
-270
-270
-270
-270
-315
-315
-315
-315
-315
-315
-315
-315
-315
-315
-360
-360
-360
-360
-360
-360
-360
-360
-360
-360
-405
-405
-405
-405
-405
-405
-405
-405
-405
-450
-450
-450
-450
-450
-450
-450
-450
-450
-450
-495
-495
-495
-495
-495
-495
-495
-495
-495
-495
-495
-495
-540
-540
-540
-540
-540
-540
-540
-585
-585
-585
-585
-585
-585
-585
-585
-585
-585
-585
-585
-630
-630
-630
-630
-630
-630
-630
-675
-675
-675
-675
-675
-675
-675
-675
-675
-675
-720
-720
-720
-720
-720
-720
-720
-720
-720
-720
-765
-765
-765
-765
-765
-765
-765
-765
-765
-810
-810
-810
-810
-810
-810
-810
-810
-810
-855
-855
-855
-855
-855
-855
-855
-855
-855
-855
-900
-900
-900
-900
-900
-900
-900
-900
-900
-945
-945
-945
-945
-945
-945
-945
-945
-945
-945
-990
-990
-990
-990
-990
-990
-990
-990
-990
-1035
-1035
-1035
-1035
-1035
-1035
-1035
-1035
-1035
-1035
-1080
-1080
-1080
-1080
-1080
-1080
-1080
-1080
-1080
-1125
-1125
-1125
-1125
-1125
-1125
-1125
-1125
-1125
-1125
-1170
-1170
-1170
-1170
-1170
-1170
-1170
-1170
-1170
-1170
-1215
-1215
-1215
-1215
-1215
-1215
-1215
-1215
-1215
-1260
-1260
-1260
-1260
-1260
-1260
-1260
-1260
-1260
-1260
-1305
-1305
-1305
-1305
-1305
-1305
-1305
-1305
-1305
-1350
-1350
-1350
-1350
-1350
-1350
-1350
-1350
-1350
-1350
-1395
-1395
-1395
-1395
-1395
-1395
-1395
-1395
-1395
-1440
-1440
-1440
-1440
-1440
-1440
-1440
-1440
-1440
-1440
-1485
-1485
-1485
-1485
-1485
-1485
-1485
-1485
-1485
-1485
-1530
-1530
-1530
-1530
-1530
-1530
-1530
-1530
-1530
-1575
-1575
-1575
-1575
-1575
-1575
-1575
-1575
-1575
-1575
-1620
-1620
-1620
-1620
-1620
-1620
-1620
-1620
-1620
-1665
-1665
-1665
-1665
-1665
-1665
-1665
-1665
-1665
-1665
-1710
-1710
-1710
-1710
-1710
-1710
-1710
-1710
-1710
-1755
-1755
-1755
-1755
-1755
-1755
-1755
-1755
-1755
-1755
-1800
-1800
-1800
-1800
-1800
-1800
-1800
-1800
-1800
-1845
-1845
-1845
-1845
-1845
-1845
-1845
-1845
-1845
-1845
-1890
-1890
-1890
-1890
-1890
-1890
-1890
-1890
-1890
-1935
-1935
-1935
-1935
-1935
-1935
-1935
-1935
-1935
-1935
-1980
-1980
-1980
-1980
-1980
-1980
-1980
-1980
-1980
-2025
-2025
-2025
-2025
-2025
-2025
-2025
-2025
-2025
-2025
-2025
-2070
-2070
-2070
-2070
-2070
-2070
-2070
-2070
-2070
-2070
-2115
-2115
-2115
-2115
-2115
-2115
-2115
-2115
-2160
-2160
-2160
-2160
-2160
-2160
-2160
-2160
-2160
-2160
-2205
-2205
-2205
-2205
-2205
-2205
-2205
-2205
-2205
-2250
-2250
-2250
-2250
-2250
-2250
-2250
-2250
-2250
-2250
-2295
-2295
-2295
-2295
-2295
-2295
-2295
-2295
-2295
-2340
-2340
-2340
-2340
-2340
-2340
-2340
-2340
-2340
-2340
-2385
-2385
-2385
-2385
-2385
-2385
-2385
-2385
-2385
-2430
-2430
-2430
-2430
-2430
-2430
-2430
-2430
-2430
-2475
-2475
-2475
-2475
-2475
-2475
-2475
-2475
-2475
-2475
-2520
-2520
-2520
-2520
-2520
-2520
-2520
-2520
-2520
-2565
-2565
-2565
-2565
-2565
-2565
-2565
-2565
-2565
-2565
-2610
-2610
-2610
-2610
-2610
-2610
-2610
-2610
-2610
-2610
-2655
-2655
-2655
-2655
-2655
-2655
-2655
-2655
-2655
-2700
-2700
-2700
-2700
-2700
-2700
-2700
-2700
-2700
-2700
-2745
-2745
-2745
-2745
-2745
-2745
-2745
-2745
-2745
-2790
-2790
-2790
-2790
-2790
-2790
-2790
-2790
-2790
-2790
-2835
-2835
-2835
-2835
-2835
-2835
-2835
-2835
-2835
-2880
-2880
-2880
-2880
-2880
-2880
-2880
-2880
-2880
-2880
-2925
-2925
-2925
-2925
-2925
-2925
-2925
-2925
-2925
-2925
-2970
-2970
-2970
-2970
-2970
-2970
-2970
-2970
-2970
-3000
-3000
-3000
-3000
-3000
-3000
-3000
-3000
-3000
-3000
-3044.94
-3044.94
-3044.94
-3044.94
-3044.94
-3044.94
-3044.94
-3044.94
-3044.94
-3089.51
-3089.51
-3089.51
-3089.51
-3089.51
-3089.51
-3089.51
-3089.51
-3089.51
-3089.51
-3133.37
-3133.37
-3133.37
-3133.37
-3133.37
-3133.37
-3133.37
-3133.37
-3133.37
-3176.14
-3176.14
-3176.14
-3176.14
-3176.14
-3176.14
-3176.14
-3176.14
-3176.14
-3176.14
-3217.48
-3217.48
-3217.48
-3217.48
-3217.48
-3217.48
-3217.48
-3217.48
-3217.48
-3257.07
-3257.07
-3257.07
-3257.07
-3257.07
-3257.07
-3257.07
-3257.07
-3257.07
-3257.07
-3294.57
-3294.57
-3294.57
-3294.57
-3294.57
-3294.57
-3294.57
-3294.57
-3294.57
-3294.57
-3329.69
-3329.69
-3329.69
-3329.69
-3329.69
-3329.69
-3329.69
-3329.69
-3329.69
-3362.14
-3362.14
-3362.14
-3362.14
-3362.14
-3362.14
-3362.14
-3362.14
-3362.14
-3362.14
-3391.66
-3391.66
-3391.66
-3391.66
-3391.66
-3391.66
-3391.66
-3391.66
-3391.66
-3418.01
-3418.01
-3418.01
-3418.01
-3418.01
-3418.01
-3418.01
-3418.01
-3418.01
-3418.01
-3440.98
-3440.98
-3440.98
-3440.98
-3440.98
-3440.98
-3440.98
-3440.98
-3440.98
-3460.38
-3460.38
-3460.38
-3460.38
-3460.38
-3460.38
-3460.38
-3460.38
-3460.38
-3460.38
-3476.05
-3476.05
-3476.05
-3476.05
-3476.05
-3476.05
-3476.05
-3476.05
-3476.05
-3476.05
-3487.86
-3487.86
-3487.86
-3487.86
-3487.86
-3487.86
-3487.86
-3487.86
-3487.86
-3495.73
-3495.73
-3495.73
-3495.73
-3495.73
-3495.73
-3495.73
-3495.73
-3495.73
-3499.58
-3499.58
-3499.58
-3499.58
-3499.58
-3499.58
-3499.58
-3499.58
-3499.58
-3499.58
-3500
-3500
-3500
-3500
-3500
-3500
-3500
-3500
-3500
-3500
-3500
-3500
-3500
-3500
-3500
-3500
-3500
-3500
-3500
-3500
-3500
-3500
-3500
-3500
-3500
-3500
-3500
-3500
-3500
-3500
-3500
-3500
-3500
-3500
-3500
-3500
-3500
-3500
-3500
-3500
-3500
-3500
-3500
-3500
-3500
-3500
-3500
-3500
-3500
-3500
-3500
-3500
-3500
-3500
-3500
-3500
-3500
-3500
-3500
-3500
-3500
-3500
-3500
-3500
-3500
-3500
-3500
-3500
-3500
-3500
-3500
-3500
-3500
-3500
-3500
-3500
-3500
-3500
-3500
-3500
-3500
-3500
-3500
-3500
-3500
-3500
-3500
-3500
-3500
-3500
-3500
-3500
-3500
-3500
-3500
-3500
-3500
-3500
-3500
-3500
-3500
-3500
-3500
-3500
-3500
-3500
-3500
-3500
-3500
-3500
-3500
-3500
-3500
-3500
-3500
-3500
-3500
-3500
-3500
-3500
-3500
-3500
-3500
-3500
-3500
-3500
-3500
-3500
-3500
-3500
-3500
-3500
-3500
-3500
-3500
-3500
-3500
-3500
-3500
-3500
-3500
-3500
-3500
-3500
-3500
-3500
-3500
-3500
-3500
-3500
-3500
-3500
-3500
-3500
-3500
-3500
-3500
-3500
-3500
-3500
-3500
-3500
-3500
-3500
-3500
-3500
-3500
-3500
-3500
-3500
-3500
-3500
-3500
-3500
-3500
-3500
-3500
-3500
-3500
-3500
-3500
-3500
-3500
-3500
-3500
-3500
-3500
-3500
-3500
-3500
-3500
-3500
-3500
-3500
-3500
-3500
-3500
-3500
-3500
-3500
-3500
-3500
-3500
-3500
-3500
-3500
-3500
-3500
-3500
-3500
-3500
-3500
-3500
-3500
-3500
-3500
-3500
-3500
-3500
-3500
-3500
-3500
-3500
-3500
-3500
-3500
-3500
-3500
-3500
-3500
-3500
-3500
-3500
-3500
-3500
-3500
-3500
-3500
-3500
-3500
-3500
-3500
-3500
-3500
-3500
-3500
-3500
-3500
-3500
-3500
-3500
-3500
-3500
-3500
-3500
-3500
-3500
-3500
-3500
-3500
-3500
-3500
-3500
-3500
-3500
-3500
-3500
-3500
-3500
-3500
-3500
-3500
-3500
-3500
-3500
-3500
-3500
-3500
-3500
-3500
-3500
-3500
-3500
-3500
-3500
-3500
-3500
-3500
-3500
-3500
-3500
-3500
-3500
-3500
-3500
-3500
-3500
-3500
-3500
-3500
-3500
-3500
-3500
-3500
-3500
-3500
-3500
-3500
-3500
-3500
-3500
-3500
-3500
-3500
-3500
-3500
-3500
-3500
-3500
-3500
-3500
-3500
-3500
-3500
-3500
-3500
-3500
-3500
-3500
-3500
-3500
-3500
-3500
-3500
-3500
-3500
-3500
-3500
-3500
-3500
-3500
-3500
-3500
-3500
-3500
-3500
-3500
-3500
-3500
-3500
-3500
-3500
-3500
-3500
-3500
-3500
-3500
-3500
-3500
-3500
-3500
-3500
-3500
-3500
-3500
-3500
-3500
-3500
-3500
-3500
-3500
-3500
-3500
-3500
-3500
-3500
-3500
-3500
-3500
-3500
-3500
-3500
-3500
-3500
-3500
-3500
-3500
-3500
-3500
-3500
-3500
-3500
-3500
-3500
-3500
-3500
-3500
-3500
-3500
-3500
-3500
-3500
-3500
-3500
-3500
-3500
-3500
-3500
-3500
-3500
-3500
-3500
-3500
-3500
-3500
-3500
-3500
-3500
-3500
-3500
-3500
-3500
-3500
-3500
-3500
-3500
-3500
-3500
-3500
-3500
-3500
-3500
-3500
-3500
-3500
-3500
-3500
-3500
-3500
-3500
-3500
-3500
-3500
-3500
-3500
-3500
-3500
-3500
-3500
-3500
-3500
-3500
-3500
-3500
-3500
-3500
-3500
-3500
-3500
-3500
-3500
-3500
-3500
-3500
-3500
-3500
-3500
-3500
-3500
-3500
-3500
-3500
-3500
-3500
-3500
-3500
-3500
-3500
-3500
-3500
-3500
-3500
-3500
-3500
-3500
-3500
-3500
-3500
-3500
-3500
-3500
-3500
-3500
-3500
-3500
-3500
-3500
-3500
-3500
-3500
-3500
-3500
-3500
-3500
-3500
-3500
-3500
-3500
-3500
-3500
-3500
-3500
-3500
-3500
-3500
-3500
-3500
-3500
-3500
-3500
-3500
-3500
-3500
-3500
-3500
-3500
-3500
-3500
-3500
-3500
-3500
-3500
-3500
-3500
-3500
-3500
-3500
-3500
-3500
-3500
-3500
-3500
-3500
-3500
-3500
-3500
-3500
-3500
-3500
-3500
-3500
-3500
-3500
-3500
-3500
-3500
-3500
-3500
-3500
-3500
-3500
-3500
-3500
-3500
-3500
-3500
-3500
-3500
-3500
-3500
-3500
-3500
-3500
-3500
-3500
-3500
-3500
-3500
-3500
-3500
-3500
-3500
-3500
-3500
-3500
-3500
-3500
-3500
-3500
-3500
-3500
