0.017383
0.058226
0.078827
0.09943
0.120109
0.144799
0.165458
0.186079
0.206656
0.227224
0.247766
0.282734
0.484417
0.695785
0.918135
1.1361
1.35998
1.46561
1.51289
1.5539
1.5949
1.63587
1.68479
1.72827
1.77053
1.79578
1.81705
1.83833
1.86357
1.88478
1.90601
1.9313
1.96935
2.00882
2.03414
2.05558
2.07687
2.10193
2.12311
2.14429
2.16547
2.19929
2.24282
2.26802
2.29327
2.31452
2.33575
2.36098
2.38218
2.40338
2.42861
2.46932
2.50992
2.53323
2.55453
2.57576
2.60103
2.62232
2.64356
2.66882
2.70065
2.74443
2.76982
2.79487
2.8162
2.8373
2.8626
2.88389
2.90518
2.93267
2.97623
3.01096
3.03592
3.05715
3.07838
3.10373
3.12507
3.14634
3.17161
3.20633
3.25051
3.27567
3.29698
3.31829
3.34354
3.36477
3.38845
3.41148
3.43778
3.48114
3.51174
3.53685
3.55816
3.57955
3.6049
3.62622
3.64753
3.67293
3.7108
3.75303
3.77789
3.7992
3.82056
3.84628
3.86774
3.88915
3.91394
3.94288
3.98718
4.02004
4.04082
4.06169
4.08255
4.1035
4.12846
4.14936
4.17025
4.20632
4.25661
4.2809
4.30181
4.32671
4.3476
4.36851
4.39231
4.41439
4.44185
4.4854
4.5278
4.57435
4.60225
4.62322
4.64817
4.66908
4.68997
4.71095
4.74529
4.79213
4.81299
4.83397
4.85885
4.87978
4.90069
4.9217
4.94666
4.97191
5.01717
5.05996
5.09317
5.11412
5.13526
5.16027
5.18121
5.20214
5.22321
5.26361
5.3063
5.32999
5.35091
5.37582
5.39676
5.41769
5.43865
5.4636
5.48732
5.53143
5.57174
5.59274
5.61418
5.63572
5.66055
5.68184
5.70311
5.72842
5.76334
5.80053
5.82535
5.84655
5.86746
5.88843
5.91335
5.93426
5.95513
5.97783
6.02796
6.05294
6.07388
6.09471
6.1156
6.14122
6.16224
6.18321
6.20425
6.24085
6.27919
6.30002
6.32095
6.34611
6.36739
6.38863
6.4139
6.43516
6.45641
6.50091
6.53049
6.55174
6.57305
6.59839
6.61962
6.64074
6.66616
6.68746
6.71989
6.75935
6.78469
6.80602
6.8273
6.85268
6.87395
6.89527
6.92061
6.94484
6.98817
7.01393
7.0392
7.06045
7.08179
7.10707
7.12989
7.15107
7.17443
7.21007
7.24613
7.26734
7.29267
7.31391
7.33514
7.3603
7.38148
7.40251
7.4251
7.47437
7.50084
7.52214
7.5475
7.56886
7.59009
7.61537
7.63661
7.65752
7.69158
7.7354
7.75676
7.77788
7.80319
7.82448
7.84576
7.87108
7.89187
7.91687
7.96116
7.99112
8.01244
8.03373
8.0592
8.08236
8.10383
8.12708
8.148
8.18462
8.23334
8.27055
8.29383
8.31711
8.33843
8.35972
8.38507
8.40612
8.43388
8.47796
8.50347
8.52479
8.54749
8.57167
8.59372
8.61458
8.63937
8.6603
8.69956
8.73656
8.75938
8.77905
8.80415
8.82544
8.84676
8.87205
8.89285
8.92348
8.96444
8.98966
9.01162
9.03459
9.05753
9.07884
9.10013
9.12543
