0
0
0
0
0
0
0
0
0
0
0
0
0
0
0
0
0
0
0
0
0
0
0
0
0
0
0
0
0
0
0
0
0
0
0
0
0
0
0
0
0
0
0
0
0
0
0
0
0
0
0
0
0
0
0
0
0
0
0
0
0
0
0
0
0
0
0
0
0
0
0
0
0
0
0
0
0
0
0
0
0
0
0
0
0
0
0
0
0
0
0
0
0
0
0
0
0
0
0
0
0
0
0
0
0
0
0
0
0
0
0
0
0
0
0
0
0
0
0
0
0
0
0
0
0
0
0
0
0
0
0
0
0
0
0
0
0
0
0
0
0
0
0
0
0
0
0
0
0
0
0
0
0
0
0
0
0
0
0
0
0
0
0
0
0
0
0
0
0
0
0
0
0
0
0
0
0
0
0
0
0
0
0
0
0
0
0
0
0
0
0
0
0
0
0
0
0
0
0
0
0
0
0
0
0
0
0
0
0
0
0
0
0
0
0
0
0
0
0
0
0
0
0
0
0
0
0
0
0
0
0
0
0
2
2
2
2
2
2
2
2
2
2
4
4
4
4
4
4
4
4
4
6
6
6
6
6
6
6
6
6
6
8
8
8
8
8
8
8
8
8
8
10
10
10
10
10
10
10
10
10
12
12
12
12
12
12
12
12
12
12
14
14
14
14
14
14
14
14
14
16
16
16
16
16
16
16
16
16
16
18
18
18
18
18
18
18
18
18
20
20
20
20
20
20
20
20
20
20
22
22
22
22
22
22
22
22
22
22
24
24
24
24
24
24
24
24
24
26
26
26
26
26
26
26
26
26
26
28
28
28
28
28
28
28
28
28
30
30
30
30
30
30
30
30
30
30
32
32
32
32
32
32
32
32
32
34
34
34
34
34
34
34
34
34
34
36
36
36
36
36
36
36
36
36
38
38
38
38
38
38
38
38
38
38
40
40
40
40
40
40
40
40
40
42
42
42
42
42
42
42
42
42
42
44
44
44
44
44
44
44
44
44
45
45
45
45
45
45
45
45
45
45
45
45
45
45
45
45
45
45
45
45
45
45
45
45
45
45
45
45
45
45
45
45
45
45
45
45
45
45
45
45
45
45
45
45
45
45
45
45
45
45
45
45
45
45
45
45
45
45
45
45
45
45
45
45
45
45
45
45
45
45
45
45
45
45
45
45
45
45
45
45
45
45
45
45
45
45
45
45
45
45
45
45
45
45
45
45
45
45
45
45
45
45
45
45
45
45
45
45
45
45
45
45
45
45
45
45
45
45
45
45
45
45
45
45
45
45
45
45
45
45
45
45
45
45
45
45
45
45
45
45
45
45
45
45
45
45
45
45
45
45
45
45
45
45
45
45
45
45
45
45
45
45
45
45
45
45
45
45
45
45
45
45
45
45
45
45
45
45
45
45
45
45
45
45
45
45
45
45
45
45
45
45
45
45
45
45
45
45
45
45
45
45
45
45
45
45
45
45
45
45
47.5
47.5
47.5
47.5
47.5
47.5
47.5
47.5
47.5
47.5
50
50
50
50
50
50
50
50
50
52.5
52.5
52.5
52.5
52.5
52.5
52.5
52.5
52.5
52.5
55
55
55
55
55
55
55
55
55
57.5
57.5
57.5
57.5
57.5
57.5
57.5
57.5
57.5
57.5
60
60
60
60
60
60
60
60
60
62.5
62.5
62.5
62.5
62.5
62.5
62.5
62.5
62.5
62.5
65
65
65
65
65
65
65
65
65
65
67.5
67.5
67.5
67.5
67.5
67.5
67.5
67.5
67.5
70
70
70
70
70
70
70
70
70
70
72.5
72.5
72.5
72.5
72.5
72.5
72.5
72.5
72.5
75
75
75
75
75
75
75
75
75
75
77.5
77.5
77.5
77.5
77.5
77.5
77.5
77.5
77.5
80
80
80
80
80
80
80
80
80
80
82.5
82.5
82.5
82.5
82.5
82.5
82.5
82.5
82.5
82.5
85
85
85
85
85
85
85
85
85
87.5
87.5
87.5
87.5
87.5
87.5
87.5
87.5
87.5
90
90
90
90
90
90
90
90
90
90
90.0001
90.0001
90.0001
90.0001
90.0001
90.0001
90.0001
90.0001
90.0001
90.0001
90.0001
90.0001
90.0001
90.0001
90.0001
90.0001
90.0001
90.0001
90.0001
90.0001
90.0001
90.0001
90.0001
90.0001
90.0001
90.0001
90.0001
90.0001
90.0001
90.0001
90.0001
90.0001
90.0001
90.0001
90.0001
90.0001
90.0001
90.0001
90.0001
90.0001
90.0001
90.0001
90.0001
90.0001
90.0001
90.0001
90.0001
90.0001
90.0001
90.0001
90.0001
90.0001
90.0001
90.0001
90.0001
90.0001
90.0001
90.0001
90.0001
90.0001
90.0001
90.0001
90.0001
90.0001
90.0001
90.0001
90.0001
90.0001
90.0001
90.0001
90.0001
90.0001
90.0001
90.0001
90.0001
90.0001
90.0001
90.0001
90.0001
90.0001
90.0001
90.0001
90.0001
90.0001
90.0001
90.0001
90.0001
90.0001
90.0001
90.0001
90.0001
90.0001
90.0001
90.0001
90.0001
90.0001
90.0001
90.0001
90.0001
90.0001
90.0001
90.0001
90.0001
90.0001
90.0001
90.0001
90.0001
90.0001
90.0001
90.0001
90.0001
90.0001
90.0001
90.0001
90.0001
90.0001
90.0001
90.0001
90.0001
90.0001
90.0001
90.0001
90.0001
90.0001
90.0001
90.0001
90.0001
90.0001
90.0001
90.0001
90.0001
90.0001
90.0001
90.0001
90.0001
90.0001
90.0001
90.0001
90.0001
90.0001
90.0001
90.0001
90.0001
90.0001
90.0001
90.0001
90.0001
90.0001
90.0001
90.0001
90.0001
90.0001
90.0001
90.0001
90.0001
90.0001
90.0001
90.0001
90.0001
90.0001
90.0001
90.0001
90.0001
90.0001
90.0001
90.0001
90.0001
90.0001
90.0001
90.0001
90.0001
90.0001
90.0001
90.0001
90.0001
90.0001
90.0001
90.0001
90.0001
90.0001
90.0001
90.0001
90.0001
90.0001
90.0001
90.0001
90.0001
90.0001
90.0001
90.0001
90.0001
90.0001
90.0001
90.0001
90.0001
90.0001
90.0001
90.0001
90.0001
90.0001
90.0001
90.0001
90.0001
90.0001
90.0001
90.0001
90.0001
90.0001
90.0001
90.0001
90.0001
90.0001
90.0001
90.0001
90.0001
90.0001
90.0001
90.0001
90.0001
90.0001
90.0001
90.0001
90.0001
90.0001
90.0001
90.0001
90.0001
90.0001
90.0001
90.0001
90.0001
90.0001
90.0001
90.0001
90.0001
90.0001
90.0001
90.0001
90.0001
90.0001
90.0001
90.0001
90.0001
90.0001
90.0001
90.0001
90.0001
90.0001
90.0001
90.0001
90.0001
90.0001
90.0001
90.0001
90.0001
90.0001
90.0001
90.0001
90.0001
90.0001
90.0001
90.0001
90.0001
90.0001
90.0001
90.0001
90.0001
90.0001
90.0001
90.0001
90.0001
90.0001
90.0001
90.0001
90.0001
90.0001
90.0001
90.0001
90.0001
90.0001
90.0001
90.0001
90.0001
90.0001
90.0001
90.0001
90.0001
90.0001
90.0001
90.0001
90.0001
90.0001
90.0001
90.0001
90.0001
90.0001
90.0001
90.0001
90.0001
90.0001
90.0001
90.0001
90.0001
90.0001
90.0001
90.0001
90.0001
90.0001
90.0001
90.0001
90.0001
90.0001
90.0001
90.0001
90.0001
90.0001
90.0001
90.0001
90.0001
90.0001
90.0001
90.0001
90.0001
90.0001
90.0001
90.0001
90.0001
90.0001
90.0001
90.0001
90.0001
90.0001
90.0001
90.0001
90.0001
90.0001
90.0001
90.0001
90.0001
90.0001
90.0001
90.0001
90.0001
90.0001
90.0001
90.0001
90.0001
90.0001
90.0001
90.0001
90.0001
90.0001
90.0001
90.0001
90.0001
90.0001
90.0001
90.0001
90.0001
90.0001
90.0001
90.0001
90.0001
90.0001
90.0001
90.0001
90.0001
90.0001
90.0001
90.0001
90.0001
90.0001
90.0001
90.0001
90.0001
90.0001
90.0001
90.0001
90.0001
90.0001
90.0001
90.0001
90.0001
90.0001
90.0001
90.0001
90.0001
90.0001
90.0001
90.0001
90.0001
90.0001
90.0001
90.0001
90.0001
90.0001
90.0001
90.0001
90.0001
90.0001
90.0001
90.0001
90.0001
90.0001
90.0001
90.0001
90.0001
90.0001
90.0001
90.0001
90.0001
90.0001
90.0001
90.0001
90.0001
90.0001
90.0001
90.0001
90.0001
90.0001
90.0001
90.0001
90.0001
90.0001
90.0001
90.0001
90.0001
90.0001
90.0001
90.0001
90.0001
90.0001
90.0001
90.0001
90.0001
90.0001
90.0001
90.0001
90.0001
90.0001
90.0001
90.0001
90.0001
90.0001
90.0001
90.0001
90.0001
90.0001
90.0001
90.0001
90.0001
90.0001
90.0001
90.0001
90.0001
90.0001
90.0001
90.0001
90.0001
90.0001
90.0001
90.0001
90.0001
90.0001
90.0001
90.0001
90.0001
90.0001
90.0001
90.0001
90.0001
90.0001
90.0001
90.0001
90.0001
90.0001
90.0001
90.0001
90.0001
90.0001
90.0001
90.0001
90.0001
90.0001
90.0001
90.0001
90.0001
90.0001
90.0001
90.0001
90.0001
90.0001
90.0001
90.0001
90.0001
90.0001
90.0001
90.0001
90.0001
90.0001
90.0001
90.0001
90.0001
90.0001
90.0001
90.0001
90.0001
90.0001
90.0001
90.0001
90.0001
90.0001
90.0001
90.0001
90.0001
90.0001
90.0001
90.0001
90.0001
90.0001
90.0001
90.0001
90.0001
90.0001
90.0001
90.0001
90.0001
90.0001
90.0001
90.0001
90.0001
90.0001
90.0001
90.0001
90.0001
90.0001
90.0001
90.0001
90.0001
90.0001
90.0001
90.0001
90.0001
90.0001
90.0001
90.0001
90.0001
90.0001
90.0001
90.0001
90.0001
90.0001
90.0001
90.0001
90.0001
90.0001
90.0001
90.0001
90.0001
90.0001
90.0001
90.0001
90.0001
90.0001
90.0001
90.0001
90.0001
90.0001
90.0001
90.0001
90.0001
90.0001
90.0001
90.0001
90.0001
90.0001
90.0001
90.0001
90.0001
90.0001
90.0001
90.0001
90.0001
90.0001
90.0001
90.0001
90.0001
90.0001
90.0001
90.0001
90.0001
