0
0
0
0
0
0
0
0
0
0
0
0
0
0
0
0
0
0
0
0
0
0
0
0
0
0
0
0
0
0
0
0
0
0
0
0
0
0
0
0
0
0
0
0
0
0
0
0
0
0
0
0
0
0
0
0
0
0
0
0
0
0
0
0
0
0
0
0
0
0
0
0
0
0
0
0
0
0
0
0
0
0
0
0
0
0
0
0
0
0
0
0
0
0
0
0
0
0
0
0
0
0
0
0
0
0
0
0
0
0
0
0
0
0
0
0
0
0
0
0
0
0
0
0
0
0
0
0
0
0
0
0
0
0
0
0
0
0
0
0
0
0
0
0
0
0
0
0
0
0
0
0
0
0
0
0
0
0
0
0
0
0
0
0
0
0
0
0
0
0
0
0
0
0
0
0
0
0
0
0
0
0
0
0
0
0
0
0
0
0
0
0
0
0
0
0
0
0
0
0
0
0
0
0
0
0
0
0
0
0
0
0
0
0
0
0
0
0
0
0
0
0
0
0
0
0
0
0
0
0
0
0
0
0
0
0
0
0
0
0
0
0
0
0
0
0
0
0
0
0
0
0
0
0
0
0
0
0
0
0
0
0
0
0
0
0
0
0
0
0
0
0
0
0
0
0
0
0
0
0
0
0
0
0
0
0
0
0
0
0
0
0
0
0
0
0
0
0
0
0
0
0
0
0
0
0
0
0
0
0
0
0
0
0
0
0
0
0
0
0
0
0
0
0
0
0
0
0
0
0
0
0
0
0
0
0
0
0
0
0
0
0
0
0
0
0
0
0
0
0
0
0
0
0
0
0
0
0
0
0
0
0
0
0
0
0
0
0
0
0
0
0
0
0
0
0
0
0
0
0
0
0
0
0
0
0
0
0
0
0
0
0
0
0
0
0
0
0
0
0
0
0
0
0
0
0
0
0
0
0
0
0
0
0
0
0
0
0
0
0
0
0
0
0
0
0
0
0
0
0
0
0
0
0
0
0
0
0
0
0
0
0
0
0
0
0
0
0
0
0
0
0
0
0
0
0
0
0
0
0
0
0
0
0
0
0
0
0
0
0
0
0
0
0
0
0
0
0
0
0
0
0
0
0
0
0
0
0
0
0
0
0
0
0
0
0
0
0
0
0
0
0
0
0
0
0
0
0
0
0
0
0
0
0
0
0
0
0
0
0
0
0
0
0
0
0
0
0
0
0
0
0
0
0
0
0
0
0
0
0
0
0
0
0
0
0
0
0
0
0
0
0
0
0
0
0
0
0
0
0
0
0
0
0
0
0
0
0
0
0
0
0
0
0
0
0
0
0
0
0
0
0
0
0
0
0
0
0
0
0
0
0
0
0
0
0
0
0
0
0
0
0
0
0
0
0
0
0
0
0
0
0
0
0
0
0
0
0
0
0
0
0
0
0
0
0
0
0
0
0
0
0
0
0
0
0
0
0
0
0
0
0
0
0
0
0
0
0
0
0
0
0
0
0
0
0
0
0
0
0
0
0
0
0
0
2.02363
2.02363
2.02363
2.02363
2.02363
2.02363
2.02363
2.02363
2.02363
8.07815
8.07815
8.07815
8.07815
8.07815
8.07815
8.07815
8.07815
8.07815
18.1146
18.1146
18.1146
18.1146
18.1146
18.1146
18.1146
18.1146
18.1146
18.1146
32.0516
32.0516
32.0516
32.0516
32.0516
32.0516
32.0516
32.0516
32.0516
49.7764
49.7764
49.7764
49.7764
49.7764
49.7764
49.7764
49.7764
49.7764
49.7764
71.1457
71.1457
71.1457
71.1457
71.1457
71.1457
71.1457
71.1457
71.1457
71.1457
95.9862
95.9862
95.9862
95.9862
95.9862
95.9862
95.9862
95.9862
95.9862
124.097
124.097
124.097
124.097
124.097
124.097
124.097
124.097
124.097
124.097
155.251
155.251
155.251
155.251
155.251
155.251
155.251
155.251
155.251
189.195
189.195
189.195
189.195
189.195
189.195
189.195
189.195
189.195
189.195
225.655
225.655
225.655
225.655
225.655
225.655
225.655
225.655
225.655
264.336
264.336
264.336
264.336
264.336
264.336
264.336
264.336
264.336
264.336
304.924
304.924
304.924
304.924
304.924
304.924
304.924
304.924
304.924
347.092
347.092
347.092
347.092
347.092
347.092
347.092
347.092
347.092
347.092
390.497
390.497
390.497
390.497
390.497
390.497
390.497
390.497
390.497
390.497
434.788
434.788
434.788
434.788
434.788
434.788
434.788
434.788
434.788
479.607
479.607
479.607
479.607
479.607
479.607
479.607
479.607
479.607
479.607
500
500
500
500
500
500
500
500
500
545
545
545
545
545
545
545
545
545
545
590
590
590
590
590
590
590
590
590
590
635
635
635
635
635
635
635
635
635
680
680
680
680
680
680
680
680
680
680
725
725
725
725
725
725
725
725
725
770
770
770
770
770
770
770
770
770
770
815
815
815
815
815
815
815
815
815
815
860
860
860
860
860
860
860
860
860
905
905
905
905
905
905
905
905
905
905
950
950
950
950
950
950
950
950
950
995
995
995
995
995
995
995
995
995
995
1040
1040
1040
1040
1040
1040
1040
1040
1040
1085
1085
1085
1085
1085
1085
1085
1085
1085
1085
1130
1130
1130
1130
1130
1130
1130
1130
1130
1175
1175
1175
1175
1175
1175
1175
1175
1175
1175
1220
1220
1220
1220
1220
1220
1220
1220
1220
1220
1265
1265
1265
1265
1265
1265
1265
1265
1265
1310
1310
1310
1310
1310
1310
1310
1310
1310
1310
1355
1355
1355
1355
1355
1355
1355
1355
1355
1400
1400
1400
1400
1400
1400
1400
1400
1400
1400
1445
1445
1445
1445
1445
1445
1445
1445
1445
1490
1490
1490
1490
1490
1490
1490
1490
1490
1490
1500
1500
1500
1500
1500
1500
1500
1500
1500
1545
1545
1545
1545
1545
1545
1545
1545
1545
1545
1590
1590
1590
1590
1590
1590
1590
1590
1590
1635
1635
1635
1635
1635
1635
1635
1635
1635
1635
1680
1680
1680
1680
1680
1680
1680
1680
1680
1680
1725
1725
1725
1725
1725
1725
1725
1725
1725
1770
1770
1770
1770
1770
1770
1770
1770
1770
1770
1815
1815
1815
1815
1815
1815
1815
1815
1815
1860
1860
1860
1860
1860
1860
1860
1860
1860
1860
1905
1905
1905
1905
1905
1905
1905
1905
1905
1950
1950
1950
1950
1950
1950
1950
1950
1950
1950
1995
1995
1995
1995
1995
1995
1995
1995
1995
2040
2040
2040
2040
2040
2040
2040
2040
2040
2040
2085
2085
2085
2085
2085
2085
2085
2085
2085
2085
2130
2130
2130
2130
2130
2130
2130
2130
2130
2175
2175
2175
2175
2175
2175
2175
2175
2175
2175
2220
2220
2220
2220
2220
2220
2220
2220
2220
2265
2265
2265
2265
2265
2265
2265
2265
2265
2265
2310
2310
2310
2310
2310
2310
2310
2310
2310
2355
2355
2355
2355
2355
2355
2355
2355
2355
2355
2400
2400
2400
2400
2400
2400
2400
2400
2400
2445
2445
2445
2445
2445
2445
2445
2445
2445
2445
2490
2490
2490
2490
2490
2490
2490
2490
2490
2490
2535
2535
2535
2535
2535
2535
2535
2535
2535
2580
2580
2580
2580
2580
2580
2580
2580
2580
2580
2625
2625
2625
2625
2625
2625
2625
2625
2625
2670
2670
2670
2670
2670
2670
2670
2670
2670
2670
2715
2715
2715
2715
2715
2715
2715
2715
2715
2715
2760
2760
2760
2760
2760
2760
2760
2760
2760
2805
2805
2805
2805
2805
2805
2805
2805
2805
2805
2850
2850
2850
2850
2850
2850
2850
2850
2850
2895
2895
2895
2895
2895
2895
2895
2895
2895
2895
2940
2940
2940
2940
2940
2940
2940
2940
2940
2985
2985
2985
2985
2985
2985
2985
2985
2985
2985
3030
3030
3030
3030
3030
3030
3030
3030
3030
3030
3075
3075
3075
3075
3075
3075
3075
3075
3075
3120
3120
3120
3120
3120
3120
3120
3120
3120
3120
3165
3165
3165
3165
3165
3165
3165
3165
3165
3210
3210
3210
3210
3210
3210
3210
3210
3210
3210
3255
3255
3255
3255
3255
3255
3255
3255
3255
3255
3300
3300
3300
3300
3300
3300
3300
3300
3300
3345
3345
3345
3345
3345
3345
3345
3345
3345
3345
3390
3390
3390
3390
3390
3390
3390
3390
3390
3435
3435
3435
3435
3435
3435
3435
3435
3435
3435
3480
3480
3480
3480
3480
3480
3480
3480
3480
3480
3525
3525
3525
3525
3525
3525
3525
3525
3525
3570
3570
3570
3570
3570
3570
3570
3570
3570
3570
3615
3615
3615
3615
3615
3615
3615
3615
3615
3660
3660
3660
3660
3660
3660
3660
3660
3660
3660
3705
3705
3705
3705
3705
3705
3705
3705
3705
3750
3750
3750
3750
3750
3750
3750
3750
3750
3750
3795
3795
3795
3795
3795
3795
3795
3795
3795
3795
3840
3840
3840
3840
3840
3840
3840
3840
3840
3885
3885
3885
3885
3885
3885
3885
3885
3885
3885
3930
3930
3930
3930
3930
3930
3930
3930
3930
3975
3975
3975
3975
3975
3975
3975
3975
3975
3975
4020
4020
4020
4020
4020
4020
4020
4020
4020
4065
4065
4065
4065
4065
4065
4065
4065
4065
4065
4110
4110
4110
4110
4110
4110
4110
4110
4110
4110
4155
4155
4155
4155
4155
4155
4155
4155
4155
4200
4200
4200
4200
4200
4200
4200
4200
4200
4200
4245
4245
4245
4245
4245
4245
4245
4245
4245
4290
4290
4290
4290
4290
4290
4290
4290
4290
4290
4335
4335
4335
4335
4335
4335
4335
4335
4335
4335
4380
4380
4380
4380
4380
4380
4380
4380
4380
4425
4425
4425
4425
4425
4425
4425
4425
4425
4425
4470
4470
4470
4470
4470
4470
4470
4470
4470
4515
4515
4515
4515
4515
4515
4515
4515
4515
4515
4560
4560
4560
4560
4560
4560
4560
4560
4560
4560
4605
4605
4605
4605
4605
4605
4605
4605
4605
4650
4650
4650
4650
4650
4650
4650
4650
4650
4650
4695
4695
4695
4695
4695
4695
4695
4695
4695
4740
4740
4740
4740
4740
4740
4740
4740
4740
4740
4785
4785
4785
4785
4785
4785
4785
4785
4785
4830
4830
4830
4830
4830
4830
4830
4830
4830
4830
4875
4875
4875
4875
4875
4875
4875
4875
4875
4920
4920
4920
4920
4920
4920
4920
4920
4920
4920
4965
4965
4965
4965
4965
4965
4965
4965
4965
5010
5010
5010
5010
5010
5010
5010
5010
5010
5010
5055
5055
5055
5055
5055
5055
5055
5055
5055
5100
5100
5100
5100
5100
5100
5100
5100
5100
5100
5145
5145
5145
5145
5145
5145
5145
5145
5145
5190
5190
5190
5190
5190
5190
5190
5190
5190
5235
5235
5235
5235
5235
5235
5235
5235
5235
5235
5280
5280
5280
5280
5280
5280
5280
5280
5280
5325
5325
5325
5325
5325
5325
5325
5325
5325
5325
5370
5370
5370
5370
5370
5370
5370
5370
5370
5415
5415
5415
5415
5415
5415
5415
5415
5415
5415
5460
5460
5460
5460
5460
5460
5460
5460
5460
5500
5500
5500
5500
5500
5500
5500
5500
5500
5500
5544.89
5544.89
5544.89
5544.89
5544.89
5544.89
5544.89
5544.89
5544.89
5589.14
5589.14
5589.14
5589.14
5589.14
5589.14
5589.14
5589.14
5589.14
5589.14
5632.1
5632.1
5632.1
5632.1
5632.1
5632.1
5632.1
5632.1
5632.1
5632.1
5673.17
5673.17
5673.17
5673.17
5673.17
5673.17
5673.17
5673.17
5673.17
5711.74
5711.74
5711.74
5711.74
5711.74
5711.74
5711.74
5711.74
5711.74
5747.27
5747.27
5747.27
5747.27
5747.27
5747.27
5747.27
5747.27
5747.27
5747.27
5779.24
5779.24
5779.24
5779.24
5779.24
5779.24
5779.24
5779.24
5779.24
5779.24
5807.2
5807.2
5807.2
5807.2
5807.2
5807.2
5807.2
5807.2
5807.2
5830.73
5830.73
5830.73
5830.73
5830.73
5830.73
5830.73
5830.73
5830.73
5830.73
5849.51
5849.51
5849.51
5849.51
5849.51
5849.51
5849.51
5849.51
5849.51
5863.27
5863.27
5863.27
5863.27
5863.27
5863.27
5863.27
5863.27
5863.27
5863.27
5871.8
5871.8
5871.8
5871.8
5871.8
5871.8
5871.8
5871.8
5871.8
5874.98
5874.98
5874.98
5874.98
5874.98
5874.98
5874.98
5874.98
5874.98
5874.98
5872.77
5872.77
5872.77
5872.77
5872.77
5872.77
5872.77
5872.77
5872.77
5872.77
5865.19
5865.19
5865.19
5865.19
5865.19
5865.19
5865.19
5865.19
5865.19
5852.37
5852.37
5852.37
5852.37
5852.37
5852.37
5852.37
5852.37
5852.37
5852.37
5834.47
5834.47
5834.47
5834.47
5834.47
5834.47
5834.47
5834.47
5834.47
5811.77
5811.77
5811.77
5811.77
5811.77
5811.77
5811.77
5811.77
5811.77
5811.77
5784.58
5784.58
5784.58
5784.58
5784.58
5784.58
5784.58
5784.58
5784.58
5784.58
5753.3
5753.3
5753.3
5753.3
5753.3
5753.3
5753.3
5753.3
5753.3
5718.37
5718.37
5718.37
5718.37
5718.37
5718.37
5718.37
5718.37
5718.37
5718.37
5680.31
5680.31
5680.31
5680.31
5680.31
5680.31
5680.31
5680.31
5680.31
5639.65
5639.65
5639.65
5639.65
5639.65
5639.65
5639.65
5639.65
5639.65
5639.65
5596.98
5596.98
5596.98
5596.98
5596.98
5596.98
5596.98
5596.98
5596.98
5596.98
5552.92
5552.92
5552.92
5552.92
5552.92
5552.92
5552.92
5552.92
5552.92
5508.1
5508.1
5508.1
5508.1
5508.1
5508.1
5508.1
5508.1
5508.1
5500
5500
5500
5500
5500
5500
5500
5500
5500
5500
5455
5455
5455
5455
5455
5455
5455
5455
5455
5455
5410
5410
5410
5410
5410
5410
5410
5410
5410
5365
5365
5365
5365
5365
5365
5365
5365
5365
5365
5320
5320
5320
5320
5320
5320
5320
5320
5320
5275
5275
5275
5275
5275
5275
5275
5275
5275
5275
5230
5230
5230
5230
5230
5230
5230
5230
5230
5230
5185
5185
5185
5185
5185
5185
5185
5185
5185
5140
5140
5140
5140
5140
5140
5140
5140
5140
5140
5095
5095
5095
5095
5095
5095
5095
5095
5095
5095
5050
5050
5050
5050
5050
5050
5050
5050
5050
5005
5005
5005
5005
5005
5005
5005
5005
5005
5005
4960
4960
4960
4960
4960
4960
4960
4960
4960
4960
4915
4915
4915
4915
4915
4915
4915
4915
4915
4870
4870
4870
4870
4870
4870
4870
4870
4870
4825
4825
4825
4825
4825
4825
4825
4825
4825
4825
4780
4780
4780
4780
4780
4780
4780
4780
4780
4735
4735
4735
4735
4735
4735
4735
4735
4735
4735
4690
4690
4690
4690
4690
4690
4690
4690
4690
4690
4645
4645
4645
4645
4645
4645
4645
4645
4645
4600
4600
4600
4600
4600
4600
4600
4600
4600
4600
4555
4555
4555
4555
4555
4555
4555
4555
4555
4510
4510
4510
4510
4510
4510
4510
4510
4510
4510
4465
4465
4465
4465
4465
4465
4465
4465
4465
4420
4420
4420
4420
4420
4420
4420
4420
4420
4420
4375
4375
4375
4375
4375
4375
4375
4375
4375
4375
4330
4330
4330
4330
4330
4330
4330
4330
4330
4285
4285
4285
4285
4285
4285
4285
4285
4285
4285
4240
4240
4240
4240
4240
4240
4240
4240
4240
4195
4195
4195
4195
4195
4195
4195
4195
4195
4195
4150
4150
4150
4150
4150
4150
4150
4150
4150
4150
4105
4105
4105
4105
4105
4105
4105
4105
4105
4060
4060
4060
4060
4060
4060
4060
4060
4060
4060
4015
4015
4015
4015
4015
4015
4015
4015
4015
3970
3970
3970
3970
3970
3970
3970
3970
3970
3970
3925
3925
3925
3925
3925
3925
3925
3925
3925
3880
3880
3880
3880
3880
3880
3880
3880
3880
3880
3835
3835
3835
3835
3835
3835
3835
3835
3835
3835
3790
3790
3790
3790
3790
3790
3790
3790
3790
3745
3745
3745
3745
3745
3745
3745
3745
3745
3745
3700
3700
3700
3700
3700
3700
3700
3700
3700
3655
3655
3655
3655
3655
3655
3655
3655
3655
3655
3610
3610
3610
3610
3610
3610
3610
3610
3610
3565
3565
3565
3565
3565
3565
3565
3565
3565
3565
3520
3520
3520
3520
3520
3520
3520
3520
3520
3520
3475
3475
3475
3475
3475
3475
3475
3475
3475
3430
3430
3430
3430
3430
3430
3430
3430
3430
3430
3385
3385
3385
3385
3385
3385
3385
3385
3385
3340
3340
3340
3340
3340
3340
3340
3340
3340
3340
3295
3295
3295
3295
3295
3295
3295
3295
3295
3250
3250
3250
3250
3250
3250
3250
3250
3250
3250
3205
3205
3205
3205
3205
3205
3205
3205
3205
3160
3160
3160
3160
3160
3160
3160
3160
3160
3160
3115
3115
3115
3115
3115
3115
3115
3115
3115
3115
3070
3070
3070
3070
3070
3070
3070
3070
3070
3025
3025
3025
3025
3025
3025
3025
3025
3025
3025
2980
2980
2980
2980
2980
2980
2980
2980
2980
2935
2935
2935
2935
2935
2935
2935
2935
2935
2890
2890
2890
2890
2890
2890
2890
2890
2890
2890
2845
2845
2845
2845
2845
2845
2845
2845
2845
2800
2800
2800
2800
2800
2800
2800
2800
2800
2800
2755
2755
2755
2755
2755
2755
2755
2755
2755
2755
2710
2710
2710
2710
2710
2710
2710
2710
2710
2665
2665
2665
2665
2665
2665
2665
2665
2665
2665
2620
2620
2620
2620
2620
2620
2620
2620
2620
2575
2575
2575
2575
2575
2575
2575
2575
2575
2575
2530
2530
2530
2530
2530
2530
2530
2530
2530
2485
2485
2485
2485
2485
2485
2485
2485
2485
2440
2440
2440
2440
2440
2440
2440
2440
2440
2440
2395
2395
2395
2395
2395
2395
2395
2395
2395
2350
2350
2350
2350
2350
2350
2350
2350
2350
2350
2305
2305
2305
2305
2305
2305
2305
2305
2305
2260
2260
2260
2260
2260
2260
2260
2260
2260
2215
2215
2215
2215
2215
2215
2215
2215
2215
2215
2170
2170
2170
2170
2170
2170
2170
2170
2170
2170
2125
2125
2125
2125
2125
2125
2125
2125
2125
2080
2080
2080
2080
2080
2080
2080
2080
2080
2035
2035
2035
2035
2035
2035
2035
2035
2035
2035
1990
1990
1990
1990
1990
1990
1990
1990
1990
1945
1945
1945
1945
1945
1945
1945
1945
1945
1945
1900
1900
1900
1900
1900
1900
1900
1900
1900
1855
1855
1855
1855
1855
1855
1855
1855
1855
1855
1810
1810
1810
1810
1810
1810
1810
1810
1810
1765
1765
1765
1765
1765
1765
1765
1765
1765
1765
1720
1720
1720
1720
1720
1720
1720
1720
1720
1675
1675
1675
1675
1675
1675
1675
1675
1675
1630
1630
1630
1630
1630
1630
1630
1630
1630
1630
1585
1585
1585
1585
1585
1585
1585
1585
1585
1585
1540
1540
1540
1540
1540
1540
1540
1540
1540
1495
1495
1495
1495
1495
1495
1495
1495
1495
1450
1450
1450
1450
1450
1450
1450
1450
1450
1450
1405
1405
1405
1405
1405
1405
1405
1405
1405
1405
1360
1360
1360
1360
1360
1360
1360
1360
1360
1360
1315
1315
1315
1315
1315
1315
1315
1315
1270
1270
1270
1270
1270
1270
1270
1270
1270
1270
1225
1225
1225
1225
1225
1225
1225
1225
1225
1180
1180
1180
1180
1180
1180
1180
1180
1180
1180
1135
1135
1135
1135
1135
1135
1135
1135
1135
1135
1100
1100
1100
1100
1100
1100
1100
1100
1100
1056.5
1056.5
1056.5
1056.5
1056.5
1056.5
1056.5
1056.5
1056.5
1056.5
1021.67
1021.67
1021.67
1021.67
1021.67
1021.67
1021.67
1021.67
1021.67
1021.67
1002.43
1002.43
1002.43
1002.43
1002.43
1002.43
1002.43
1002.43
1002.43
1000
1000
1000
1000
1000
1000
1000
1000
1000
1000
1000
1000
1000
1000
1000
1000
1000
1000
1000
1000
1000
1000
1000
1000
1000
1000
1000
1000
1000
1000
1000
1000
1000
1000
1000
1000
1000
1000
1000
1000
1000
1000
1000
1000
1000
1000
1000
1000
1000
1000
1000
1000
1000
1000
1000
1000
1000
1000
1000
1000
1000
1000
1000
1000
1000
1000
1000
1000
1000
1000
1000
1000
1000
1000
1000
1000
1000
1000
1000
1000
1000
1000
1000
1000
1000
1000
1000
1000
1000
1000
1000
1000
1000
1000
1000
1000
1000
1000
1000
1000
1000
1000
1000
1000
1000
1000
1000
1000
1000
1000
1000
1000
1000
1000
1000
1000
1000
1000
1000
1000
1000
1000
1000
1000
1000
1000
1000
1000
1000
1000
1000
1000
1000
1000
1000
1000
1000
1000
1000
1000
1000
1000
1000
1000
1000
1000
1000
1000
1000
1000
1000
1000
1000
1000
1000
1000
1000
1000
1000
1000
1000
1000
1000
1000
1000
1000
1000
1000
1000
1000
1000
1000
1000
1000
1000
1000
1000
1000
1000
1000
1000
1000
1000
1000
1000
1000
1000
1000
1000
1000
1000
1000
1000
1000
1000
1000
1000
1000
1000
1000
1000
1000
1000
1000
1000
1000
1000
1000
1000
1000
1000
1000
1000
1000
1000
1000
1000
1000
1000
1000
1000
1000
1000
1000
1000
1000
1000
1000
1000
1000
1000
1000
1000
1000
1000
1000
1000
1000
1000
1000
1000
1000
1000
1000
1000
1000
1000
1000
1000
1000
1000
1000
1000
1000
1000
1000
1000
1000
1000
1000
1000
1000
1000
1000
1000
1000
1000
1000
1000
1000
1000
1000
1000
1000
1000
1000
1000
1000
1000
1000
1000
1000
1000
1000
1000
1000
1000
1000
1000
1000
1000
1000
1000
1000
1000
1000
1000
1000
1000
1000
1000
1000
1000
1000
1000
1000
1000
1000
1000
1000
1000
1000
1000
1000
1000
1000
1000
1000
1000
1000
1000
1000
1000
1000
1000
1000
1000
1000
1000
1000
1000
1000
1000
1000
1000
1000
1000
1000
1000
1000
1000
1000
1000
1000
1000
1000
1000
1000
1000
1000
1000
1000
1000
1000
1000
1000
1000
1000
1000
1000
1000
1000
1000
1000
1000
1000
1000
1000
1000
1000
1000
1000
1000
1000
1000
1000
1000
1000
1000
1000
1000
1000
1000
1000
1000
1000
1000
1000
1000
1000
1000
1000
1000
1000
1000
1000
1000
1000
1000
1000
1000
1000
1000
1000
1000
1000
1000
1000
1000
1000
1000
1000
1000
1000
1000
1000
1000
1000
1000
1000
1000
1000
1000
1000
1000
1000
1000
1000
1000
1000
1000
1000
1000
1000
1000
1000
1000
1000
1000
1000
1000
1000
1000
1000
1000
1000
1000
1000
1000
1000
1000
1000
1000
1000
1000
1000
1000
1000
1000
1000
1000
1000
1000
1000
1000
1000
1000
1000
1000
1000
1000
1000
1000
1000
1000
1000
1000
1000
1000
1000
1000
1000
1000
1000
1000
1000
1000
1000
1000
1000
1000
1000
1000
1000
1000
1000
1000
1000
1000
1000
1000
1000
1000
1000
1000
1000
1000
1000
1000
1000
1000
1000
1000
1000
1000
1000
1000
1000
1000
1000
1000
1000
1000
1000
1000
1000
1000
1000
1000
1000
1000
1000
1000
1000
1000
1000
1000
1000
1000
1000
1000
1000
1000
1000
1000
1000
1000
1000
1000
1000
1000
1000
1000
1000
1000
1000
1000
1000
1000
1000
1000
1000
1000
1000
1000
1000
1000
1000
1000
1000
1000
1000
1000
955
955
955
955
955
955
955
955
955
955
910
910
910
910
910
910
910
910
910
865
865
865
865
865
865
865
865
865
865
820
820
820
820
820
820
820
820
820
775
775
775
775
775
775
775
775
775
775
730
730
730
730
730
730
730
730
730
685
685
685
685
685
685
685
685
685
685
640
640
640
640
640
640
640
640
640
640
595
595
595
595
595
595
595
595
595
550
550
550
550
550
550
550
550
550
550
505
505
505
505
505
505
505
505
505
460
460
460
460
460
460
460
460
460
460
415
415
415
415
415
415
415
415
415
370
370
370
370
370
370
370
370
370
370
325
325
325
325
325
325
325
325
325
280
280
280
280
280
280
280
280
280
280
235
235
235
235
235
235
235
235
235
235
190
190
190
190
190
190
190
190
190
190
145
145
145
145
145
145
145
145
145
100
100
100
100
100
100
100
100
100
55
55
55
55
55
55
55
55
55
55
10
10
10
10
10
10
10
10
10
10
10
10
10
10
10
10
10
10
10
10
10
10
10
10
10
10
10
10
10
10
10
10
10
10
10
10
10
10
10
10
10
10
10
10
10
10
10
10
10
10
10
10
10
10
10
10
10
10
10
10
10
10
10
10
10
10
10
10
10
10
10
10
10
10
10
10
10
10
10
10
10
10
10
10
10
10
10
10
10
10
10
10
10
10
10
10
10
10
10
10
10
10
10
10
10
10
10
10
10
10
10
10
10
10
10
10
10
10
10
10
10
10
10
10
10
10
10
10
10
10
10
10
10
10
10
10
10
10
10
10
10
10
10
10
10
10
10
10
10
10
10
10
10
10
10
10
10
10
10
10
10
10
10
10
10
10
10
10
10
10
10
10
10
10
10
10
10
10
10
10
10
10
10
10
10
10
10
10
10
10
10
10
10
10
10
10
10
10
10
10
10
10
10
10
10
10
10
10
10
10
10
10
10
10
10
10
10
10
10
10
10
10
10
10
10
10
10
10
10
10
10
10
10
10
10
10
10
10
10
10
10
10
10
10
10
10
10
10
10
10
10
10
10
10
10
10
10
10
10
10
10
10
10
10
10
10
10
10
10
10
10
10
10
10
10
10
10
10
10
10
10
10
10
10
10
10
10
10
10
10
10
10
10
10
10
10
10
10
10
10
10
10
10
10
10
10
10
10
10
10
10
10
10
10
10
10
10
10
10
10
10
10
10
10
10
10
10
10
10
10
10
10
10
10
10
10
10
10
10
10
10
10
10
10
10
10
10
10
10
10
10
10
10
10
10
10
10
10
10
10
10
10
10
10
10
10
10
10
10
10
10
10
10
10
10
10
10
10
10
10
10
10
10
10
10
10
10
10
10
10
10
10
10
10
10
10
10
10
10
10
10
10
10
10
10
10
10
10
10
10
10
10
10
10
10
10
10
10
10
10
10
10
10
10
10
10
10
10
10
10
10
10
10
10
10
10
10
10
10
10
10
10
10
10
10
10
10
10
10
10
10
10
10
10
10
10
10
10
10
10
10
10
10
10
10
10
10
10
10
10
10
10
10
10
10
10
10
10
10
10
10
10
10
10
10
10
10
10
10
10
10
10
10
10
10
10
10
10
10
10
10
10
10
10
10
10
10
10
10
10
10
10
10
10
10
10
10
10
10
10
10
10
10
10
10
10
10
10
10
10
10
10
10
10
10
10
10
10
10
10
10
10
10
10
10
10
10
10
10
10
10
10
10
10
10
10
10
10
10
10
10
10
10
10
10
10
10
10
10
10
10
10
10
10
10
10
10
10
10
10
10
10
10
10
10
10
10
10
10
10
10
10
10
10
10
10
10
10
10
10
10
10
10
10
10
10
10
10
10
10
10
10
10
10
10
10
10
10
10
10
10
10
10
10
10
10
10
10
10
10
10
10
10
10
10
10
10
10
10
10
10
10
10
10
10
10
10
10
10
10
10
10
10
10
10
10
10
10
10
10
10
10
10
10
10
10
10
10
10
10
10
10
10
10
10
10
10
10
10
10
10
10
10
10
10
10
10
10
10
10
10
10
10
10
10
10
10
10
10
10
10
10
10
10
10
10
10
10
10
10
10
10
10
10
10
10
10
10
10
10
10
10
10
10
10
10
10
10
10
10
10
10
10
10
10
10
10
10
10
10
10
10
10
10
10
10
10
10
10
10
10
10
10
10
10
10
10
10
10
10
10
10
10
10
10
10
10
10
10
10
10
10
10
10
10
10
10
10
10
10
10
10
10
10
10
10
10
10
10
10
10
10
10
10
10
10
10
10
10
10
10
10
10
10
10
10
10
10
10
10
10
10
10
10
10
10
10
10
10
10
10
10
10
10
10
10
10
10
10
10
10
10
10
10
10
10
10
10
10
10
10
10
10
10
10
10
10
10
10
10
10
10
10
10
10
10
10
10
10
10
10
10
10
10
10
10
10
10
10
10
10
10
10
10
10
10
10
10
10
10
10
10
10
10
10
10
10
10
10
10
10
10
10
10
10
10
10
10
10
10
10
10
10
10
10
10
10
10
10
10
10
10
10
10
10
10
10
10
10
10
10
10
10
10
10
10
10
10
10
10
10
10
10
10
10
10
10
10
10
10
10
10
10
10
10
10
10
10
10
10
10
10
10
10
10
10
10
10
10
10
10
10
10
10
10
10
10
10
10
10
10
10
10
10
10
10
10
10
10
10
10
10
10
10
10
10
10
10
10
10
10
10
10
10
10
10
10
10
10
10
10
10
10
10
10
10
10
10
10
10
10
10
10
10
10
10
10
10
10
10
10
10
10
10
10
10
10
10
10
10
10
10
10
10
10
10
10
10
10
10
10
10
10
10
10
10
10
10
10
10
10
10
10
10
10
10
10
10
10
10
10
10
10
10
10
10
10
10
10
10
10
10
10
10
10
10
10
10
10
10
10
10
10
10
10
10
10
10
10
10
10
10
10
10
10
10
10
10
10
10
10
10
10
10
10
10
10
10
10
10
10
10
10
10
10
10
10
10
10
10
10
10
10
10
10
10
10
10
10
10
10
10
10
10
10
10
10
10
10
10
10
10
10
10
10
10
10
10
10
10
10
10
10
10
10
10
10
10
10
10
10
10
10
10
10
10
10
10
10
10
10
10
10
10
10
10
10
10
10
10
10
10
10
10
10
10
10
10
10
10
10
10
10
10
10
10
10
10
10
10
10
10
10
10
10
10
10
10
10
10
10
10
10
10
10
10
10
10
10
10
10
10
10
10
10
10
10
10
10
10
10
10
10
10
10
10
10
10
10
10
10
10
10
10
10
10
10
10
10
10
10
10
10
10
10
10
10
10
10
10
10
10
10
10
10
10
10
10
10
10
10
10
10
10
10
10
10
10
10
10
10
10
10
10
10
10
10
10
10
10
10
10
10
10
10
10
10
10
10
10
10
10
10
10
10
10
10
10
10
10
10
10
10
10
10
10
10
10
10
10
10
10
10
10
10
10
10
10
10
10
10
10
10
10
10
10
10
10
10
10
10
10
10
10
10
10
10
10
10
10
10
10
10
10
10
10
10
10
10
10
10
10
10
10
10
10
10
10
10
10
10
10
10
10
10
10
10
10
10
10
10
10
10
10
10
10
10
10
10
10
10
10
10
10
10
10
10
10
10
10
10
10
10
10
10
10
10
10
10
10
10
10
10
10
10
10
10
10
10
10
10
10
10
10
10
10
10
10
10
10
10
10
10
10
10
10
10
10
10
10
10
10
10
10
10
10
10
10
10
10
10
10
10
10
10
10
10
10
10
10
10
10
10
10
10
10
10
10
10
10
10
10
10
10
10
10
10
10
10
10
10
10
10
10
10
10
10
10
10
10
10
10
10
10
10
10
10
10
10
10
10
10
10
10
10
10
10
10
10
10
10
10
10
10
10
10
10
10
10
10
10
10
10
10
10
10
10
10
10
10
10
10
10
10
10
10
10
10
10
10
10
10
10
10
10
10
10
10
10
10
10
10
10
10
10
10
10
10
10
10
10
10
10
10
10
10
10
10
10
10
10
10
10
10
10
10
10
10
10
10
10
10
10
10
10
10
10
10
10
10
10
10
10
10
10
10
10
10
10
10
10
10
10
10
10
10
10
10
10
10
10
10
10
10
10
10
10
10
10
10
10
10
10
10
10
10
10
10
10
10
10
10
10
10
10
10
10
10
10
10
10
10
10
10
10
10
10
10
10
10
10
10
10
10
10
10
10
10
10
10
10
10
10
10
10
10
10
10
10
10
10
10
10
10
10
10
10
10
10
10
10
10
10
10
10
10
10
10
10
10
10
10
10
10
10
10
10
10
10
10
10
10
10
10
10
10
10
10
10
10
10
10
10
10
10
10
10
10
10
10
10
10
10
10
10
10
10
10
10
10
10
10
10
10
10
10
10
10
10
10
10
10
10
10
10
10
10
10
10
10
10
10
10
10
10
10
10
10
10
10
10
10
10
10
10
10
10
10
10
10
10
10
10
10
10
10
10
10
10
10
10
10
10
10
10
10
10
10
10
10
10
10
10
10
10
10
10
10
10
10
10
10
10
10
10
10
10
10
10
10
10
10
10
10
10
10
10
10
10
10
10
10
10
10
10
10
10
10
10
10
10
10
10
10
10
10
10
10
10
10
10
10
10
10
10
10
10
10
10
10
10
10
10
10
10
10
10
10
10
10
10
10
10
10
10
10
10
10
10
10
10
10
10
10
10
10
10
10
10
10
10
10
10
10
10
10
10
10
10
10
10
10
10
10
10
10
10
10
10
10
10
10
10
10
10
10
10
10
10
10
10
10
10
10
10
10
10
10
10
10
10
10
10
10
10
10
10
10
10
10
10
10
10
10
10
10
10
10
10
10
10
10
10
10
10
10
10
10
10
10
10
10
10
10
10
10
10
10
10
10
10
10
10
10
10
10
10
10
10
10
10
10
10
10
10
10
10
10
10
10
10
10
10
10
10
10
10
10
10
10
10
10
10
10
10
10
10
10
10
10
10
10
10
10
10
10
10
10
10
10
10
10
10
10
10
10
10
10
10
10
10
10
10
10
10
10
10
10
10
10
10
10
10
10
10
10
10
10
10
10
10
10
10
10
10
10
10
10
10
10
10
10
10
10
10
10
10
10
10
10
10
10
10
10
10
10
10
10
10
10
10
10
10
10
10
10
10
10
10
10
10
10
10
10
10
10
10
10
10
10
10
10
10
10
10
10
10
10
10
10
10
10
10
10
10
10
10
10
10
10
10
10
10
10
10
10
10
10
10
10
10
10
10
10
10
10
10
10
10
10
10
10
10
10
10
10
10
10
10
10
10
10
10
10
10
10
10
10
10
10
10
10
10
10
10
10
10
10
10
10
10
10
10
10
10
10
10
10
10
10
10
10
10
10
10
10
10
10
10
10
10
10
10
10
10
10
10
10
10
10
10
10
10
10
10
10
10
10
10
10
10
10
10
10
10
10
10
10
10
10
10
10
10
10
10
10
10
10
10
10
10
10
10
10
10
10
10
10
10
10
10
10
10
10
10
10
10
10
10
10
10
10
10
10
10
10
10
10
10
10
10
10
10
10
10
10
10
10
10
10
10
10
10
10
10
10
10
10
10
10
10
10
10
10
10
10
10
10
10
10
10
10
10
10
10
10
10
10
10
10
10
10
10
10
10
10
10
10
10
10
10
10
10
10
10
10
10
10
10
10
10
10
10
10
10
10
10
10
10
10
10
10
10
10
10
10
10
10
10
10
10
10
10
10
10
10
10
10
10
10
10
10
10
10
10
10
10
10
10
10
10
10
10
10
10
10
10
10
10
10
10
10
10
10
10
10
10
10
10
10
10
10
10
10
10
10
10
10
10
10
10
10
10
10
10
10
10
10
10
10
10
10
10
10
10
10
10
10
10
10
10
10
10
10
10
10
10
10
10
10
10
10
10
10
10
10
10
10
10
10
10
10
10
10
10
10
10
10
10
10
10
10
10
10
10
10
10
10
10
10
10
10
10
10
10
10
10
10
10
10
10
10
10
10
10
10
10
10
10
10
10
10
10
10
10
10
10
10
10
10
10
10
10
10
10
10
10
10
10
10
10
10
10
10
10
10
10
10
10
10
10
10
10
10
10
10
10
10
10
10
10
10
10
10
10
10
10
10
10
10
10
10
10
10
10
10
10
10
10
10
10
10
10
10
10
10
10
10
10
10
10
10
10
10
10
10
10
10
10
10
10
10
10
10
10
10
10
10
10
10
10
10
10
10
10
10
10
10
10
10
10
10
10
10
10
10
10
10
10
10
10
10
10
10
10
10
10
10
10
10
10
10
10
10
10
10
10
10
10
10
10
10
10
10
10
10
10
10
10
10
10
10
10
10
10
10
10
10
10
10
10
10
10
10
10
10
10
10
10
10
10
10
10
10
10
10
10
10
10
10
10
10
10
10
10
10
10
10
10
10
10
10
10
10
10
10
10
10
10
10
10
10
10
10
10
10
10
10
10
10
10
10
10
10
10
10
10
10
10
10
10
10
10
10
10
10
10
10
10
10
10
10
10
10
10
10
10
10
10
10
10
10
10
10
10
10
10
10
10
10
10
10
10
10
10
10
10
10
10
10
10
10
10
10
10
10
10
10
10
10
10
10
10
10
10
10
10
10
10
10
10
10
10
10
10
10
10
10
10
10
10
10
10
10
10
10
10
10
10
10
10
10
10
10
10
10
10
10
10
10
10
10
10
10
10
10
10
10
10
10
10
10
10
10
10
10
10
10
10
10
10
10
10
10
10
10
10
10
10
10
10
10
10
10
10
10
10
10
10
10
10
10
10
10
10
10
10
10
10
10
10
10
10
10
10
10
10
10
10
10
10
10
10
10
10
10
10
10
10
10
10
10
10
10
10
10
10
10
10
10
10
10
10
10
10
10
10
10
10
10
10
10
10
10
10
10
10
10
10
10
10
10
10
10
10
10
10
10
10
10
10
10
10
10
10
10
10
10
10
10
10
10
10
10
10
10
10
10
10
10
10
10
10
10
10
10
10
10
10
10
10
10
10
10
10
10
10
10
10
10
10
10
10
10
10
10
10
10
10
10
10
10
10
10
10
10
10
10
10
10
10
10
10
10
10
10
10
10
10
10
10
10
10
10
10
10
10
10
10
10
10
10
10
10
10
10
10
10
10
10
10
10
10
10
10
10
10
10
10
10
10
10
10
10
10
10
10
10
10
10
10
10
10
10
10
10
10
10
10
10
10
10
10
10
10
10
10
10
10
10
10
10
10
10
10
10
10
10
10
10
10
10
10
10
10
10
10
10
10
10
10
10
10
10
10
10
10
10
10
10
10
10
10
10
10
10
10
10
10
10
10
10
10
10
10
10
10
10
10
10
10
10
10
10
10
10
10
10
10
10
10
10
10
10
10
10
10
10
10
10
10
10
10
10
10
10
10
10
10
10
10
10
10
10
10
10
10
10
10
10
10
10
10
10
10
10
10
10
10
10
10
10
10
10
10
10
10
10
10
10
10
10
10
10
10
10
10
10
10
10
10
10
10
10
10
10
10
10
10
10
10
10
10
10
10
10
10
10
10
10
10
10
10
10
10
10
10
10
10
10
10
10
10
10
10
10
10
10
10
10
10
10
10
10
10
10
10
10
10
10
10
10
10
10
10
10
10
10
10
10
10
10
10
10
10
10
10
10
10
10
10
10
10
10
10
10
10
10
10
10
10
10
10
10
10
10
10
10
10
10
10
10
10
10
10
10
10
10
10
10
10
10
10
10
10
10
10
10
10
10
10
10
10
10
10
10
10
10
10
10
10
10
10
10
10
10
10
10
10
10
10
10
10
10
10
10
10
10
10
10
10
10
10
10
10
10
10
10
10
10
10
10
10
10
10
10
10
10
10
10
10
10
10
10
10
10
10
10
10
10
10
10
10
10
10
10
10
10
10
10
10
10
10
10
10
10
10
10
10
10
10
10
10
10
10
10
10
10
10
10
10
10
10
10
10
10
10
10
10
10
10
10
10
10
10
10
10
10
10
10
10
10
10
10
10
10
10
10
10
10
10
10
10
10
10
10
10
10
10
10
10
10
10
10
10
10
10
10
10
10
10
10
10
10
10
10
10
10
10
10
10
10
10
10
10
10
10
10
10
10
10
10
10
10
10
10
10
10
10
10
10
10
10
10
10
10
10
10
10
10
10
10
10
10
10
10
10
10
10
10
10
10
10
10
10
10
10
10
10
10
10
10
10
10
10
10
10
10
10
10
10
10
10
10
10
10
10
10
10
10
10
10
10
10
10
10
10
10
10
10
10
10
10
10
10
10
10
10
10
10
10
10
10
10
10
10
10
10
10
10
10
10
10
10
10
10
10
10
10
10
10
10
10
10
10
10
10
10
10
10
10
10
10
10
10
10
10
10
10
10
10
10
10
10
10
10
10
10
10
10
10
10
10
10
10
10
10
10
10
10
10
10
10
10
10
10
10
10
10
10
10
10
10
10
10
10
10
10
10
10
10
10
10
10
10
10
10
10
10
10
10
10
10
10
10
10
10
10
10
10
10
10
10
10
10
10
10
10
10
10
10
10
10
10
10
10
10
10
10
10
10
10
10
10
10
10
10
10
10
10
10
10
10
10
10
10
10
10
10
10
10
10
10
10
10
10
10
10
10
10
10
10
10
10
10
10
10
10
10
10
10
10
10
10
10
10
10
10
10
10
10
10
10
10
10
10
10
10
10
10
10
10
10
10
10
10
10
10
10
10
10
10
10
10
10
10
10
10
10
10
10
10
10
10
10
10
10
10
10
10
10
10
10
10
10
10
10
10
10
10
10
10
10
10
10
10
10
10
10
10
10
10
10
10
10
10
10
10
10
10
10
10
10
10
10
10
10
10
10
10
10
10
10
10
10
10
10
10
10
10
10
10
10
10
10
10
10
10
10
10
10
10
10
10
10
10
10
10
10
10
10
10
10
10
10
10
10
10
10
10
10
10
10
10
10
10
10
10
10
10
10
10
10
10
10
10
10
10
10
10
10
10
10
10
10
10
10
10
10
10
10
10
10
10
10
10
10
10
10
10
10
10
10
10
10
10
10
10
10
10
10
10
10
10
10
10
10
10
10
10
10
10
10
10
10
10
10
10
10
10
10
10
10
10
10
10
10
10
10
10
10
10
10
10
10
10
10
10
10
10
10
10
10
10
10
10
10
10
10
10
10
10
10
10
10
10
10
10
10
10
10
10
10
10
10
10
10
10
10
10
10
10
10
10
10
10
10
10
10
10
10
10
10
10
10
10
10
10
10
10
10
10
10
10
10
10
10
10
10
10
10
10
10
10
10
10
10
10
10
10
10
10
10
10
10
10
10
10
10
10
10
10
10
10
10
10
10
10
10
10
10
10
10
10
10
10
10
10
10
10
10
10
10
10
10
10
10
10
10
10
10
10
10
10
10
10
10
10
10
10
10
10
10
10
10
10
10
10
10
10
10
10
10
10
10
10
10
10
10
10
10
10
10
10
10
10
10
10
10
10
10
10
10
10
10
10
10
10
10
10
10
10
10
10
10
10
10
10
10
10
10
10
10
10
10
10
10
10
10
10
10
10
10
10
10
10
10
10
10
10
10
10
10
10
10
10
10
10
10
10
10
10
10
10
10
10
10
10
10
10
10
10
10
10
10
10
10
10
10
10
10
10
10
10
10
10
10
10
10
10
10
10
10
10
10
10
10
10
10
10
10
10
10
10
10
10
10
10
10
10
10
10
10
10
10
10
10
10
10
10
10
10
10
10
10
10
10
10
10
10
10
10
10
10
10
10
10
10
10
10
10
10
10
10
10
10
10
10
10
10
10
10
10
10
10
10
10
10
10
10
10
10
10
10
10
10
10
10
10
10
10
10
10
10
10
10
10
10
10
10
10
10
10
10
10
10
10
10
10
10
10
10
10
10
10
10
10
10
10
10
10
10
10
10
10
10
10
10
10
10
10
10
10
10
10
10
10
10
10
10
10
10
10
10
10
10
10
10
10
10
10
10
10
10
10
10
10
10
10
10
10
10
10
10
10
10
10
10
10
10
10
10
10
10
10
10
10
10
10
10
10
10
10
10
10
10
10
10
10
10
10
10
10
10
10
10
10
10
10
10
10
10
10
10
10
10
10
10
10
10
10
10
10
10
10
10
10
10
10
10
10
10
10
10
10
10
10
10
10
10
10
10
10
10
10
10
10
10
10
10
10
10
10
10
10
10
10
10
10
10
10
10
10
10
10
10
10
10
10
10
10
10
10
10
10
10
10
10
10
10
10
10
10
10
10
10
10
10
10
10
10
10
10
10
10
10
10
10
10
10
10
10
10
10
10
10
10
10
10
10
10
10
10
10
10
10
10
10
10
10
10
10
10
10
10
10
10
10
10
10
10
10
10
10
10
10
10
10
10
10
10
10
10
10
10
10
10
10
10
10
10
10
10
10
10
10
10
10
10
10
10
10
10
10
10
10
10
10
10
10
10
10
10
10
10
10
10
10
10
10
10
10
10
10
10
10
10
10
10
10
10
10
10
10
10
10
10
10
10
10
10
10
10
10
10
10
10
10
10
10
10
10
10
10
10
10
10
10
10
10
10
10
10
10
10
10
10
10
10
10
10
10
10
10
10
10
10
10
10
10
10
10
10
10
10
10
10
10
10
10
10
10
10
10
10
10
10
10
10
10
10
10
10
10
10
10
10
10
10
10
10
10
10
10
10
10
10
10
10
10
10
10
10
10
10
10
10
10
10
10
10
10
10
10
10
10
10
10
10
10
10
10
10
10
10
10
10
10
10
10
10
10
10
10
10
10
10
10
10
10
10
10
10
10
10
10
10
10
10
10
10
10
10
10
10
10
10
10
10
10
10
10
10
10
10
10
10
10
10
10
10
10
10
10
10
10
10
10
10
10
10
10
10
10
10
10
10
10
10
10
10
10
10
10
10
10
10
10
10
10
10
10
10
10
10
10
10
10
10
10
10
10
10
10
10
10
10
10
10
10
10
10
10
10
10
10
10
10
10
10
10
10
10
10
10
10
10
10
10
10
10
10
10
10
10
10
10
10
10
10
10
10
10
10
10
10
10
10
10
10
10
10
10
10
10
10
10
10
10
10
10
10
10
10
10
10
10
10
10
10
10
10
10
10
10
10
10
10
10
10
10
10
10
10
10
10
10
10
10
10
10
10
10
10
10
10
10
10
10
10
10
10
10
10
10
10
10
10
10
10
10
10
10
10
10
10
10
10
10
10
10
10
10
10
10
10
10
10
10
10
10
10
10
10
10
10
10
10
10
10
10
10
10
10
10
10
10
10
10
10
10
10
10
10
10
10
10
10
10
10
10
10
10
10
10
10
10
10
10
10
10
10
10
10
10
10
10
10
10
10
10
10
10
10
10
10
10
10
10
10
10
10
10
10
10
10
10
10
10
10
10
10
10
10
10
10
10
10
10
10
10
10
10
10
10
10
10
10
10
10
10
10
10
10
10
10
10
10
10
10
10
10
10
10
10
10
10
10
10
10
10
10
10
10
10
10
10
10
10
10
10
10
10
10
10
10
10
10
10
10
10
10
10
10
10
10
10
10
10
10
10
10
10
10
10
10
10
10
10
10
10
10
10
10
10
10
10
10
10
10
10
10
10
10
10
10
10
10
10
10
10
10
10
10
10
10
10
10
10
10
10
10
10
10
10
10
10
10
10
10
10
10
10
10
10
10
10
10
10
10
10
10
10
10
10
10
10
10
10
10
10
10
10
10
10
10
10
10
10
10
10
10
10
10
10
10
10
10
10
10
10
10
10
10
10
10
10
10
10
10
10
10
10
10
10
10
10
10
10
10
10
10
10
10
10
10
10
10
10
10
10
10
10
10
10
10
10
10
10
10
10
10
10
10
10
10
10
10
10
10
10
10
10
10
10
10
10
10
10
10
10
10
10
10
10
10
10
10
10
10
10
10
10
10
10
10
10
10
10
10
10
10
10
10
10
10
10
10
10
10
10
10
10
10
10
10
10
10
10
10
10
10
10
10
10
10
10
10
10
10
10
10
10
10
10
10
10
10
10
10
10
10
10
10
10
10
10
10
10
10
10
10
10
10
10
10
10
10
10
10
10
10
10
10
10
10
10
10
10
10
10
10
10
10
10
10
10
10
10
10
10
10
10
10
10
10
10
10
10
10
10
10
10
10
10
10
10
10
10
10
10
10
10
10
10
10
10
10
10
10
10
10
10
10
10
10
10
10
10
10
10
10
10
10
10
10
10
10
10
10
10
10
10
10
10
10
10
10
10
10
10
10
10
10
10
10
10
10
10
10
10
10
10
10
10
10
10
10
10
10
10
10
10
10
10
10
10
10
10
10
10
10
10
10
10
10
10
10
10
10
10
10
10
10
10
10
10
10
10
10
10
10
10
10
10
10
10
10
10
10
10
10
10
10
10
10
10
10
10
10
10
10
10
10
10
10
10
10
10
10
10
10
10
10
10
10
10
10
10
10
10
10
10
10
10
10
10
10
10
10
10
10
10
10
10
10
10
10
10
10
10
10
10
10
10
10
10
10
10
10
10
10
10
10
10
10
10
10
10
10
10
10
10
10
10
10
10
10
10
10
10
10
10
10
10
10
10
10
10
10
10
10
10
10
10
10
10
10
10
10
10
10
10
10
10
10
10
10
10
10
10
10
10
10
10
10
10
10
10
10
10
10
10
10
10
10
10
10
10
10
10
10
10
10
10
10
10
10
10
10
10
10
10
10
10
10
10
10
10
10
10
10
10
10
10
10
10
10
10
10
10
10
10
10
10
10
10
10
10
10
10
10
10
10
10
10
10
10
10
10
10
10
10
10
10
10
10
10
10
10
10
10
10
10
10
10
10
10
10
10
10
10
10
10
10
10
10
10
10
10
10
10
10
10
10
10
10
10
10
10
10
10
10
10
10
10
10
10
10
10
10
10
10
10
10
10
10
10
10
10
10
10
10
10
10
10
10
10
10
10
10
10
10
10
10
10
10
10
10
10
10
10
10
10
10
10
10
10
10
10
10
10
10
10
10
10
10
10
10
10
10
10
10
10
10
10
10
10
10
10
10
10
10
10
10
10
10
10
10
10
10
10
10
10
10
10
10
10
10
10
10
10
10
10
10
10
10
10
10
10
10
10
10
10
10
10
10
10
10
10
10
10
10
10
10
10
10
10
10
10
10
10
10
10
10
10
10
10
10
10
10
10
10
10
10
10
10
10
10
10
10
10
10
10
10
10
10
10
10
10
10
10
10
10
10
10
10
10
10
10
10
10
10
10
10
10
10
10
10
10
10
10
10
10
10
10
10
10
10
10
10
10
10
10
10
10
10
10
10
10
10
10
10
10
10
10
10
10
10
10
10
10
10
10
10
10
10
10
10
10
10
10
10
10
10
10
10
10
10
10
10
10
10
10
10
10
10
10
10
10
10
10
10
10
10
10
10
10
10
10
10
10
10
10
10
10
10
10
10
10
10
10
10
10
10
10
10
10
10
10
10
10
10
10
10
10
10
10
10
10
10
10
10
10
10
10
10
10
10
10
10
10
10
10
10
10
10
10
10
10
10
10
10
10
10
10
10
10
10
10
10
10
10
10
10
10
10
10
10
10
10
10
10
10
10
10
10
10
10
10
10
10
10
10
10
10
10
10
10
10
10
10
10
10
10
10
10
10
10
10
10
10
10
10
10
10
10
10
10
10
10
10
10
10
10
10
10
10
10
10
10
10
10
10
10
10
10
10
10
10
10
10
10
10
10
10
10
10
10
10
10
10
10
10
10
10
10
10
10
10
10
10
10
10
10
10
10
10
10
10
10
10
10
10
10
10
10
10
10
10
10
10
10
10
10
10
10
10
10
10
10
10
10
10
10
10
10
10
10
10
10
10
10
10
10
10
10
10
10
10
10
10
10
10
10
10
10
10
10
10
10
10
10
10
10
10
10
10
10
10
10
10
10
10
10
10
10
10
10
10
10
10
10
10
10
10
10
10
10
10
10
10
10
10
10
10
10
10
10
10
10
10
10
10
10
10
10
10
10
10
10
10
10
10
10
10
10
10
10
10
10
10
10
10
10
10
10
10
10
10
10
10
10
10
10
10
10
10
10
10
10
10
10
10
10
10
10
10
10
10
10
10
10
10
10
10
10
10
10
10
10
10
10
10
10
10
10
10
10
10
10
10
10
10
10
10
10
10
10
10
10
10
10
10
10
10
10
10
10
10
10
10
10
10
10
10
10
10
10
10
10
10
10
10
10
10
10
10
10
10
10
10
10
10
10
10
10
10
10
10
10
10
10
10
10
10
10
10
10
10
10
10
10
10
10
10
10
10
10
10
10
10
10
10
10
10
10
10
10
10
10
10
10
10
10
10
10
10
10
10
10
10
10
10
10
10
10
10
10
10
10
10
10
10
10
10
10
10
10
10
10
10
10
10
10
10
10
10
10
10
10
10
10
10
10
10
10
10
10
10
10
10
10
10
10
10
10
10
10
10
10
10
10
10
10
10
10
10
10
10
10
10
10
10
10
10
10
10
10
10
10
10
10
10
10
10
10
10
10
10
10
10
10
10
10
10
10
10
10
10
10
10
10
10
10
10
10
10
10
10
10
10
10
10
10
10
10
10
10
10
10
10
10
10
10
10
10
10
10
10
10
10
10
10
10
10
10
10
10
10
10
10
10
10
10
10
10
10
10
10
10
10
10
10
10
10
10
10
10
10
10
10
10
10
10
10
10
10
10
10
10
10
10
10
10
10
10
10
10
10
10
10
10
10
10
10
10
10
10
10
10
10
10
10
10
10
10
10
10
10
10
10
10
10
10
10
10
10
10
10
10
10
10
10
10
10
10
10
10
10
10
10
10
10
10
10
10
10
10
10
10
10
10
10
10
10
10
10
10
10
10
10
10
10
10
10
10
10
10
10
10
10
10
10
10
10
10
10
10
10
10
10
10
10
10
10
10
10
10
10
10
10
10
10
10
10
10
10
10
10
10
10
10
10
10
10
10
10
10
10
10
10
10
10
10
10
10
10
10
10
10
10
10
10
10
10
10
10
10
10
10
10
10
10
10
10
10
10
10
10
10
10
10
10
10
10
10
10
10
10
10
10
10
10
10
10
10
10
10
10
10
10
10
10
10
10
10
10
10
10
10
10
10
10
10
10
10
10
10
10
10
10
10
10
10
10
10
10
10
10
10
10
10
10
10
10
10
10
10
10
10
10
10
10
10
10
10
10
10
10
10
10
10
10
10
10
10
10
10
10
10
10
10
10
10
10
10
10
10
10
10
10
10
10
10
10
10
10
10
10
10
10
10
10
10
10
10
10
10
10
10
10
10
10
10
10
10
10
10
10
10
10
10
10
10
10
10
10
10
10
10
10
10
10
10
10
10
10
10
10
10
10
10
10
10
10
10
10
10
10
10
10
10
10
10
10
10
10
10
10
10
10
10
10
10
10
10
10
10
10
10
10
10
10
10
10
10
10
10
10
10
10
10
10
10
10
10
10
10
10
10
10
10
10
10
10
10
10
10
10
10
10
10
10
10
10
10
10
10
10
10
10
10
10
10
10
10
10
10
10
10
10
10
10
10
10
10
10
10
10
10
10
10
10
10
10
10
10
10
10
10
10
10
10
10
10
10
10
10
10
10
10
10
10
10
10
10
10
10
10
10
10
10
10
10
10
10
10
10
10
10
10
10
10
10
10
10
10
10
10
10
10
10
10
10
10
10
10
10
10
10
10
10
10
10
10
10
10
10
10
10
10
10
10
10
10
10
10
10
10
10
10
10
10
10
10
10
10
10
10
10
10
10
10
10
10
10
10
10
10
10
10
10
10
10
10
10
10
10
10
10
10
10
10
10
10
10
10
10
10
10
10
10
10
10
10
10
10
10
10
10
10
10
10
10
10
10
10
10
10
10
10
10
10
10
10
10
10
10
10
10
10
10
10
10
10
10
10
10
10
10
10
10
10
10
10
10
10
10
10
10
10
10
10
10
10
10
10
10
10
10
10
10
10
10
10
10
10
10
10
10
10
10
10
10
10
10
10
10
10
10
10
10
10
10
10
10
10
10
10
10
10
10
10
10
10
10
10
10
10
10
10
10
10
10
10
10
10
10
10
10
10
10
10
10
10
10
10
10
10
10
10
10
10
10
10
10
10
10
10
10
10
10
10
10
10
10
10
10
10
10
10
10
10
10
10
10
10
10
10
10
10
10
10
10
10
10
10
10
10
10
10
10
10
10
10
10
10
10
10
10
10
10
10
10
10
10
10
10
10
10
10
10
10
10
10
10
10
10
10
10
10
10
10
10
10
10
10
10
10
10
10
10
10
10
10
10
10
10
10
10
10
10
10
10
10
10
10
10
10
10
10
10
10
10
10
10
10
10
10
10
10
10
10
10
10
10
10
10
10
10
10
10
10
10
10
10
10
10
10
10
10
10
10
10
10
10
10
10
10
10
10
10
10
10
10
10
10
10
10
10
10
10
10
10
10
10
10
10
10
10
10
10
10
10
10
10
10
10
10
10
10
10
10
10
10
10
10
10
10
10
10
10
10
10
10
10
10
10
10
10
10
10
10
10
10
10
10
10
10
10
10
10
10
10
10
10
10
10
10
10
10
10
10
10
10
10
10
10
10
10
10
10
10
10
10
10
10
10
10
10
10
10
10
10
10
10
10
10
10
10
10
10
10
10
10
10
10
10
10
10
10
10
10
10
10
10
10
10
10
10
10
10
10
10
10
10
10
10
10
10
10
10
10
10
10
10
10
10
10
10
10
10
10
10
10
10
10
10
10
10
10
10
10
10
10
10
10
10
10
10
10
10
10
10
10
10
10
10
10
10
10
10
10
10
10
10
10
10
10
10
10
10
10
10
10
10
10
10
10
10
10
10
10
10
10
10
10
10
10
10
10
10
10
10
10
10
10
10
10
10
10
10
10
10
10
10
10
10
10
10
10
10
10
10
10
10
10
10
10
10
10
10
10
10
10
10
10
10
10
10
10
10
10
10
10
10
10
10
10
10
10
10
10
10
10
10
10
10
10
10
10
10
10
10
10
10
10
10
10
10
10
10
10
10
10
10
10
10
10
10
10
10
10
10
10
10
10
10
10
10
10
10
10
10
10
10
10
10
10
10
10
10
10
10
10
10
10
10
10
10
10
10
10
10
10
10
10
10
10
10
10
10
10
10
10
10
10
10
10
10
10
10
10
10
10
10
10
10
10
10
10
10
10
10
10
10
10
10
10
10
10
10
10
10
10
10
10
10
10
10
10
10
10
10
10
10
10
10
10
10
10
10
10
10
10
10
10
10
10
10
10
10
10
10
10
10
10
10
10
10
10
10
10
10
10
10
10
10
10
10
10
10
10
10
10
10
10
10
10
10
10
10
10
10
10
10
10
10
10
10
10
10
10
10
10
10
10
10
10
10
10
10
10
10
10
10
10
10
10
10
10
10
10
10
10
10
10
10
10
10
10
10
10
10
10
10
10
10
10
10
10
10
10
10
10
10
10
10
10
10
10
10
10
10
10
10
10
10
10
10
10
10
10
10
10
10
10
10
10
10
10
10
10
10
10
10
10
10
10
10
10
10
10
10
10
10
10
10
10
10
10
10
10
10
10
10
10
10
10
10
10
10
10
10
10
10
10
10
10
10
10
10
10
10
10
10
10
10
10
10
10
10
10
10
10
10
10
10
10
10
10
10
10
10
10
10
10
10
10
10
10
10
10
10
10
10
10
10
10
10
10
10
10
10
10
10
10
10
10
10
10
10
10
10
10
10
10
10
10
10
10
10
10
10
10
10
10
10
10
10
10
10
10
10
10
10
10
10
10
10
10
10
10
10
10
10
10
10
10
10
10
10
10
10
10
10
10
10
10
10
10
10
10
10
10
10
10
10
10
10
10
10
10
10
10
10
10
10
10
10
10
10
10
10
10
10
10
10
10
10
10
10
10
10
10
10
10
10
10
10
10
10
10
10
10
10
10
10
10
10
10
10
10
10
10
10
10
10
10
10
10
10
10
10
10
10
10
10
10
10
10
10
10
10
10
10
10
10
10
10
10
10
10
10
10
10
10
10
10
10
10
10
10
10
10
10
10
10
10
10
10
10
10
10
10
10
10
10
10
10
10
10
10
10
10
10
10
10
10
10
10
10
10
10
10
10
10
10
10
10
10
10
10
10
10
10
10
10
10
10
10
10
10
10
10
10
10
10
10
10
10
10
10
10
10
10
10
10
10
10
10
10
10
10
10
10
10
10
10
10
10
10
10
10
10
10
10
10
10
10
10
10
10
10
10
10
10
10
10
10
10
10
10
10
10
10
10
10
10
10
10
10
10
10
10
10
10
10
10
10
10
10
10
10
10
10
10
10
10
10
10
10
10
10
10
10
10
10
10
10
10
10
10
10
10
10
10
10
10
10
10
10
10
10
10
10
10
10
10
10
10
10
10
10
10
10
10
10
10
10
10
10
10
10
10
10
10
10
10
10
10
10
10
10
10
10
10
10
10
10
10
10
10
10
10
10
10
10
10
10
10
10
10
10
10
10
10
10
10
10
10
10
10
10
10
10
10
10
10
10
10
10
10
10
10
10
10
10
10
10
10
10
10
10
10
10
10
10
10
10
10
10
10
10
10
10
10
10
10
10
10
10
10
10
10
10
10
10
10
10
10
10
10
10
10
10
10
10
10
10
10
10
10
10
10
10
10
10
10
10
10
10
10
10
10
10
10
10
10
10
10
10
10
10
10
10
10
10
10
10
10
10
10
10
10
10
10
10
10
10
10
10
10
10
10
10
10
10
10
10
10
10
10
10
10
10
10
10
10
10
10
10
10
10
10
10
10
10
10
10
10
10
10
10
10
10
10
