0
0
0
0
0
0
0
0
0
0
0
0
0
0
0
0
0
0
0
0
0
0
-225
-225
-225
-225
-225
-225
-225
-225
-225
-225
-225
-225
-225
-225
-225
-225
-225
-225
-225
-225
-225
-225
-225
-225
-225
-225
-225
-225
-225
-225
-225
-225
-225
-225
-225
-225
-225
-225
-225
-225
-225
-225
-225
-225
-225
-225
-225
-225
-225
-225
-225
-225
-225
-225
-225
-225
-225
-225
-225
-225
-225
-225
-225
-225
-225
-225
-225
-225
-225
-225
-225
-225
-225
-225
-225
-225
-225
-225
-225
-225
-225
-225
-225
-225
-225
-225
-225
-225
-225
-225
-225
-225
-225
-225
-225
-225
-225
-225
-225
-225
-225
-225
-225
-225
-225
-225
-225
-225
-225
-225
-225
-225
-225
-225
-225
-225
-225
-225
-225
-225
-225
-225
-225
-225
-225
-225
-225
-225
-225
-225
-225
-225
-225
-225
-225
-225
-225
-225
-225
-225
-225
-225
-225
-225
-225
-225
-225
-225
-225
-225
-225
-225
-225
-225
-225
-225
-225
-225
-225
-225
-225
-225
-225
-225
-225
-225
-225
-225
-225
-225
-225
-225
-225
-225
-225
-225
-225
-225
-225
-225
-225
-225
-225
-225
-225
-225
-225
-225
-225
-225
-225
-225
-225
-225
-225
-225
-225
-225
-225
-225
-225
-225
-225
-225
-225
-225
-225
-225
-225
-225
-225
-224.863
-224.863
-224.863
-224.863
-224.863
-224.863
-224.863
-224.863
-224.863
-224.863
-224.452
-224.452
-224.452
-224.452
-224.452
-224.452
-224.452
-224.452
-224.452
-224.452
-223.767
-223.767
-223.767
-223.767
-223.767
-223.767
-223.767
-223.767
-223.767
-222.81
-222.81
-222.81
-222.81
-222.81
-222.81
-222.81
-222.81
-222.81
-222.81
-221.582
-221.582
-221.582
-221.582
-221.582
-221.582
-221.582
-221.582
-221.582
-220.083
-220.083
-220.083
-220.083
-220.083
-220.083
-220.083
-220.083
-220.083
-220.083
-218.317
-218.317
-218.317
-218.317
-218.317
-218.317
-218.317
-218.317
-218.317
-216.284
-216.284
-216.284
-216.284
-216.284
-216.284
-216.284
-216.284
-216.284
-216.284
-213.988
-213.988
-213.988
-213.988
-213.988
-213.988
-213.988
-213.988
-213.988
-211.431
-211.431
-211.431
-211.431
-211.431
-211.431
-211.431
-211.431
-211.431
-211.431
-208.616
-208.616
-208.616
-208.616
-208.616
-208.616
-208.616
-208.616
-208.616
