0
0
0
0
0
0
0
0
0
0
0
0
0
0
0
0
0
0
0
0
0
-1.96701e-05
-1.96701e-05
-1.96701e-05
-1.96701e-05
-1.96701e-05
-1.96701e-05
-1.96701e-05
-1.96701e-05
-1.96701e-05
-1.96701e-05
-1.96701e-05
-1.96701e-05
-1.96701e-05
-1.96701e-05
-1.96701e-05
-1.96701e-05
-1.96701e-05
-1.96701e-05
-1.96701e-05
-1.96701e-05
-1.96701e-05
-1.96701e-05
-1.96701e-05
-1.96701e-05
-1.96701e-05
-1.96701e-05
-1.96701e-05
-1.96701e-05
-1.96701e-05
-1.96701e-05
-1.96701e-05
-1.96701e-05
-1.96701e-05
-1.96701e-05
-1.96701e-05
-1.96701e-05
-1.96701e-05
-1.96701e-05
-1.96701e-05
-1.96701e-05
-1.96701e-05
-1.96701e-05
-1.96701e-05
-1.96701e-05
-1.96701e-05
-1.96701e-05
-1.96701e-05
-1.96701e-05
-1.96701e-05
-1.96701e-05
-1.96701e-05
-1.96701e-05
-1.96701e-05
-1.96701e-05
-1.96701e-05
-1.96701e-05
-1.96701e-05
-1.96701e-05
-1.96701e-05
-1.96701e-05
-1.96701e-05
-1.96701e-05
-1.96701e-05
-1.96701e-05
-1.96701e-05
-1.96701e-05
-1.96701e-05
-1.96701e-05
-1.96701e-05
-1.96701e-05
-1.96701e-05
-1.96701e-05
-1.96701e-05
-1.96701e-05
-1.96701e-05
-1.96701e-05
-1.96701e-05
-1.96701e-05
-1.96701e-05
-1.96701e-05
-1.96701e-05
-1.96701e-05
-1.96701e-05
-1.96701e-05
-1.96701e-05
-1.96701e-05
-1.96701e-05
-1.96701e-05
-1.96701e-05
-1.96701e-05
-1.96701e-05
-1.96701e-05
-1.96701e-05
-1.96701e-05
-1.96701e-05
-1.96701e-05
-1.96701e-05
-1.96701e-05
-1.96701e-05
-1.96701e-05
-1.96701e-05
-1.96701e-05
-1.96701e-05
-1.96701e-05
-1.96701e-05
-1.96701e-05
-1.96701e-05
-1.96701e-05
-1.96701e-05
-1.96701e-05
-1.96701e-05
-1.96701e-05
-1.96701e-05
-1.96701e-05
-1.96701e-05
-1.96701e-05
-1.96701e-05
-1.96701e-05
-1.96701e-05
-1.96701e-05
-1.96701e-05
-1.96701e-05
-1.96701e-05
-1.96701e-05
-1.96701e-05
-1.96701e-05
-1.96701e-05
-1.96701e-05
-1.96701e-05
-1.96701e-05
-1.96701e-05
-1.96701e-05
-1.96701e-05
-1.96701e-05
-1.96701e-05
-1.96701e-05
-1.96701e-05
-1.96701e-05
-1.96701e-05
-1.96701e-05
-1.96701e-05
-1.96701e-05
-1.96701e-05
-1.96701e-05
-1.96701e-05
-1.96701e-05
-1.96701e-05
-1.96701e-05
-1.96701e-05
-1.96701e-05
-1.96701e-05
-1.96701e-05
-1.96701e-05
-1.96701e-05
-1.96701e-05
-1.96701e-05
-1.96701e-05
-1.96701e-05
-1.96701e-05
-1.96701e-05
-1.96701e-05
-1.96701e-05
-1.96701e-05
-1.96701e-05
-1.96701e-05
-1.96701e-05
-1.96701e-05
-1.96701e-05
-1.96701e-05
-1.96701e-05
-1.96701e-05
-1.96701e-05
-1.96701e-05
-1.96701e-05
-1.96701e-05
-1.96701e-05
-1.96701e-05
-1.96701e-05
-1.96701e-05
-1.96701e-05
-1.96701e-05
-1.96701e-05
-1.96701e-05
-1.96701e-05
-1.96701e-05
-1.96701e-05
-1.96701e-05
-1.96701e-05
-1.96701e-05
-1.96701e-05
-1.96701e-05
-1.96701e-05
-1.96701e-05
-1.96701e-05
-1.96701e-05
-1.96701e-05
-1.96701e-05
-1.96701e-05
-1.96701e-05
-1.96701e-05
-1.96701e-05
-1.96701e-05
-1.96701e-05
-1.96701e-05
-1.96701e-05
-1.96701e-05
-1.96701e-05
-1.96701e-05
-1.96701e-05
-1.96701e-05
-1.96701e-05
-1.96701e-05
7.85237
7.85237
7.85237
7.85237
7.85237
7.85237
7.85237
7.85237
7.85237
7.85237
15.6952
15.6952
15.6952
15.6952
15.6952
15.6952
15.6952
15.6952
15.6952
23.5189
23.5189
23.5189
23.5189
23.5189
23.5189
23.5189
23.5189
23.5189
23.5189
31.3139
31.3139
31.3139
31.3139
31.3139
31.3139
31.3139
31.3139
31.3139
31.3139
39.0708
39.0708
39.0708
39.0708
39.0708
39.0708
39.0708
39.0708
39.0708
46.7801
46.7801
46.7801
46.7801
46.7801
46.7801
46.7801
46.7801
46.7801
46.7801
54.4324
54.4324
54.4324
54.4324
54.4324
54.4324
54.4324
54.4324
54.4324
62.0184
62.0184
62.0184
62.0184
62.0184
62.0184
62.0184
62.0184
62.0184
62.0184
69.5288
69.5288
69.5288
69.5288
69.5288
69.5288
69.5288
69.5288
69.5288
76.9545
76.9545
76.9545
76.9545
76.9545
76.9545
76.9545
76.9545
76.9545
76.9545
84.2865
84.2865
84.2865
84.2865
84.2865
84.2865
84.2865
84.2865
84.2865
84.2865
91.5157
91.5157
91.5157
91.5157
91.5157
91.5157
91.5157
91.5157
91.5157
98.6335
98.6335
98.6335
98.6335
98.6335
98.6335
98.6335
98.6335
98.6335
98.6335
105.631
105.631
105.631
105.631
105.631
105.631
105.631
105.631
105.631
112.5
112.5
112.5
112.5
112.5
112.5
112.5
112.5
112.5
112.5
119.232
119.232
119.232
119.232
119.232
119.232
119.232
119.232
119.232
125.818
125.818
125.818
125.818
125.818
125.818
125.818
125.818
125.818
125.818
132.252
132.252
132.252
132.252
132.252
132.252
132.252
132.252
132.252
138.524
138.524
138.524
138.524
138.524
138.524
138.524
138.524
138.524
138.524
144.627
144.627
144.627
144.627
144.627
144.627
144.627
144.627
144.627
150.554
150.554
150.554
150.554
150.554
150.554
150.554
150.554
150.554
150.554
156.298
156.298
156.298
156.298
156.298
156.298
156.298
156.298
156.298
159.099
159.099
159.099
159.099
159.099
159.099
159.099
159.099
159.099
159.099
159.099
159.099
159.099
159.099
159.099
159.099
159.099
159.099
159.099
159.099
159.099
159.099
159.099
159.099
159.099
159.099
159.099
159.099
159.099
159.099
159.099
159.099
159.099
159.099
159.099
159.099
159.099
159.099
159.099
159.099
159.099
159.099
159.099
159.099
159.099
159.099
159.099
159.099
159.099
159.099
159.099
159.099
159.099
159.099
159.099
159.099
159.099
159.099
159.099
159.099
159.099
159.099
159.099
159.099
159.099
159.099
159.099
159.099
159.099
159.099
159.099
159.099
159.099
159.099
159.099
159.099
159.099
159.099
159.099
159.099
159.099
159.099
159.099
159.099
159.099
159.099
159.099
159.099
159.099
159.099
159.099
159.099
159.099
159.099
159.099
159.099
159.099
159.099
159.099
159.099
159.099
159.099
159.099
159.099
159.099
159.099
159.099
159.099
159.099
159.099
159.099
159.099
159.099
159.099
159.099
159.099
159.099
159.099
159.099
159.099
159.099
159.099
159.099
159.099
159.099
159.099
159.099
159.099
159.099
159.099
159.099
159.099
159.099
159.099
159.099
159.099
159.099
159.099
159.099
159.099
159.099
159.099
159.099
159.099
159.099
159.099
159.099
159.099
159.099
159.099
159.099
159.099
159.099
159.099
159.099
159.099
159.099
159.099
159.099
159.099
159.099
159.099
159.099
159.099
159.099
159.099
159.099
159.099
159.099
159.099
159.099
159.099
159.099
159.099
159.099
159.099
159.099
159.099
159.099
159.099
159.099
159.099
159.099
159.099
159.099
159.099
159.099
159.099
159.099
159.099
159.099
159.099
159.099
159.099
159.099
159.099
159.099
159.099
159.099
159.099
159.099
159.099
159.099
159.099
159.099
159.099
159.099
159.099
159.099
159.099
165.887
165.887
165.887
165.887
165.887
165.887
165.887
165.887
165.887
165.887
184.661
184.661
184.661
184.661
184.661
184.661
184.661
184.661
184.661
200.142
200.142
200.142
200.142
200.142
200.142
200.142
200.142
200.142
200.142
212.055
212.055
212.055
212.055
212.055
212.055
212.055
212.055
212.055
220.186
220.186
220.186
220.186
220.186
220.186
220.186
220.186
220.186
220.186
224.391
224.391
224.391
224.391
224.391
224.391
224.391
224.391
224.391
224.595
224.595
224.595
224.595
224.595
224.595
224.595
224.595
224.595
224.595
220.794
220.794
220.794
220.794
220.794
220.794
220.794
220.794
220.794
220.794
213.056
213.056
213.056
213.056
213.056
213.056
213.056
213.056
213.056
201.518
201.518
201.518
201.518
201.518
201.518
201.518
201.518
201.518
201.518
186.388
186.388
186.388
186.388
186.388
186.388
186.388
186.388
186.388
167.934
167.934
167.934
167.934
167.934
167.934
167.934
167.934
167.934
167.934
146.485
146.485
146.485
146.485
146.485
146.485
146.485
146.485
146.485
122.425
122.425
122.425
122.425
122.425
122.425
122.425
122.425
122.425
122.425
96.1815
96.1815
96.1815
96.1815
96.1815
96.1815
96.1815
96.1815
96.1815
96.1815
68.223
68.223
68.223
68.223
68.223
68.223
68.223
68.223
68.223
39.0479
39.0479
39.0479
39.0479
39.0479
39.0479
39.0479
39.0479
39.0479
9.17663
9.17663
9.17663
9.17663
9.17663
9.17663
9.17663
9.17663
9.17663
9.17663
-0.000289367
-0.000289367
-0.000289367
-0.000289367
-0.000289367
-0.000289367
-0.000289367
-0.000289367
-0.000289367
-0.000289367
-0.000289367
-0.000289367
-0.000289367
-0.000289367
-0.000289367
-0.000289367
-0.000289367
-0.000289367
-0.000289367
-0.000289367
-0.000289367
-0.000289367
-0.000289367
-0.000289367
-0.000289367
-0.000289367
-0.000289367
-0.000289367
-0.000289367
-0.000289367
-0.000289367
-0.000289367
-0.000289367
-0.000289367
-0.000289367
-0.000289367
-0.000289367
-0.000289367
-0.000289367
-0.000289367
-0.000289367
-0.000289367
-0.000289367
-0.000289367
-0.000289367
-0.000289367
-0.000289367
-0.000289367
-0.000289367
-0.000289367
-0.000289367
-0.000289367
-0.000289367
-0.000289367
-0.000289367
-0.000289367
-0.000289367
-0.000289367
-0.000289367
-0.000289367
-0.000289367
-0.000289367
-0.000289367
-0.000289367
-0.000289367
-0.000289367
-0.000289367
-0.000289367
-0.000289367
-0.000289367
-0.000289367
-0.000289367
-0.000289367
-0.000289367
-0.000289367
-0.000289367
-0.000289367
-0.000289367
-0.000289367
-0.000289367
-0.000289367
-0.000289367
-0.000289367
-0.000289367
-0.000289367
-0.000289367
-0.000289367
-0.000289367
-0.000289367
-0.000289367
-0.000289367
-0.000289367
-0.000289367
-0.000289367
-0.000289367
-0.000289367
-0.000289367
-0.000289367
-0.000289367
-0.000289367
-0.000289367
-0.000289367
-0.000289367
-0.000289367
-0.000289367
-0.000289367
-0.000289367
-0.000289367
-0.000289367
-0.000289367
-0.000289367
-0.000289367
-0.000289367
-0.000289367
-0.000289367
-0.000289367
-0.000289367
-0.000289367
-0.000289367
-0.000289367
-0.000289367
-0.000289367
-0.000289367
-0.000289367
-0.000289367
-0.000289367
-0.000289367
-0.000289367
-0.000289367
-0.000289367
-0.000289367
-0.000289367
-0.000289367
-0.000289367
-0.000289367
-0.000289367
-0.000289367
-0.000289367
-0.000289367
-0.000289367
-0.000289367
-0.000289367
-0.000289367
-0.000289367
-0.000289367
-0.000289367
-0.000289367
-0.000289367
-0.000289367
-0.000289367
-0.000289367
-0.000289367
-0.000289367
-0.000289367
-0.000289367
-0.000289367
-0.000289367
-0.000289367
-0.000289367
-0.000289367
-0.000289367
-0.000289367
-0.000289367
-0.000289367
-0.000289367
-0.000289367
-0.000289367
-0.000289367
-0.000289367
-0.000289367
-0.000289367
-0.000289367
-0.000289367
-0.000289367
-0.000289367
-0.000289367
-0.000289367
-0.000289367
-0.000289367
-0.000289367
-0.000289367
-0.000289367
-0.000289367
-0.000289367
-0.000289367
-0.000289367
-0.000289367
-0.000289367
-0.000289367
-0.000289367
-0.000289367
-0.000289367
-0.000289367
-0.000289367
-0.000289367
-0.000289367
-0.000289367
-0.000289367
-0.000289367
-0.000289367
-0.000289367
-0.000289367
-0.000289367
-0.000289367
-0.000289367
-0.000289367
-0.000289367
-0.000289367
-0.000289367
-0.000289367
-0.000289367
-0.000289367
-0.000289367
-0.000289367
-0.000289367
-0.000289367
-0.000289367
-0.000289367
-0.000289367
-0.000289367
-0.000289367
-0.000289367
-0.000289367
-0.000289367
-0.000289367
-0.000289367
-0.000289367
-0.000289367
-0.000289367
-0.000289367
-0.000289367
-0.000289367
-0.000289367
-0.000289367
-0.000289367
-0.000289367
-0.000289367
-0.000289367
-0.000289367
-0.000289367
-0.000289367
-0.000289367
-0.000289367
-0.000289367
-0.000289367
-0.000289367
-0.000289367
-0.000289367
-0.000289367
-0.000289367
-0.000289367
-0.000289367
-0.000289367
-0.000289367
-0.000289367
-0.000289367
-0.000289367
-0.000289367
-0.000289367
-0.000289367
-0.000289367
-0.000289367
-0.000289367
-0.000289367
-0.000289367
-0.000289367
-0.000289367
-0.000289367
-0.000289367
-0.000289367
-0.000289367
-0.000289367
-0.000289367
-0.000289367
-0.000289367
-0.000289367
-0.000289367
-0.000289367
-0.000289367
-0.000289367
-0.000289367
-0.000289367
-0.000289367
-0.000289367
-0.000289367
-0.000289367
-0.000289367
-0.000289367
-0.000289367
-0.000289367
-0.000289367
-0.000289367
-0.000289367
-0.000289367
-0.000289367
-0.000289367
-0.000289367
-0.000289367
-0.000289367
-0.000289367
-0.000289367
-0.000289367
-0.000289367
-0.000289367
-0.000289367
-0.000289367
-0.000289367
-0.000289367
-0.000289367
-0.000289367
-0.000289367
-0.000289367
-0.000289367
-0.000289367
-0.000289367
-0.000289367
-0.000289367
-0.000289367
-0.000289367
-0.000289367
-0.000289367
-0.000289367
-0.000289367
-0.000289367
-0.000289367
-0.000289367
-0.000289367
-0.000289367
-0.000289367
-0.000289367
-0.000289367
-0.000289367
-0.000289367
-0.000289367
-0.000289367
-0.000289367
-0.000289367
-0.000289367
-0.000289367
-0.000289367
-0.000289367
-0.000289367
-0.000289367
-0.000289367
-0.000289367
-0.000289367
-0.000289367
-0.000289367
-0.000289367
-0.000289367
-0.000289367
-0.000289367
-0.000289367
-0.000289367
-0.000289367
-0.000289367
-0.000289367
-0.000289367
-0.000289367
-0.000289367
-0.000289367
-0.000289367
-0.000289367
-0.000289367
-0.000289367
-0.000289367
-0.000289367
-0.000289367
-0.000289367
-0.000289367
-0.000289367
-0.000289367
-0.000289367
-0.000289367
-0.000289367
-0.000289367
-0.000289367
-0.000289367
-0.000289367
-0.000289367
-0.000289367
-0.000289367
-0.000289367
-0.000289367
-0.000289367
-0.000289367
-0.000289367
-0.000289367
-0.000289367
-0.000289367
-0.000289367
-0.000289367
-0.000289367
-0.000289367
-0.000289367
-0.000289367
-0.000289367
-0.000289367
-0.000289367
-0.000289367
-0.000289367
-0.000289367
-0.000289367
-0.000289367
-0.000289367
-0.000289367
-0.000289367
-0.000289367
-0.000289367
-0.000289367
-0.000289367
-0.000289367
-0.000289367
-0.000289367
-0.000289367
-0.000289367
-0.000289367
-0.000289367
-0.000289367
-0.000289367
-0.000289367
-0.000289367
-0.000289367
-0.000289367
-0.000289367
-0.000289367
-0.000289367
-0.000289367
-0.000289367
-0.000289367
-0.000289367
-0.000289367
-0.000289367
-0.000289367
-0.000289367
-0.000289367
-0.000289367
-0.000289367
-0.000289367
-0.000289367
-0.000289367
-0.000289367
-0.000289367
-0.000289367
-0.000289367
-0.000289367
-0.000289367
-0.000289367
-0.000289367
-0.000289367
-0.000289367
-0.000289367
-0.000289367
-0.000289367
-0.000289367
-0.000289367
-0.000289367
-0.000289367
-0.000289367
-0.000289367
-0.000289367
-0.000289367
-0.000289367
-0.000289367
-0.000289367
-0.000289367
-0.000289367
-0.000289367
-0.000289367
-0.000289367
-0.000289367
-0.000289367
-0.000289367
-0.000289367
-0.000289367
-0.000289367
-0.000289367
-0.000289367
-0.000289367
-0.000289367
-0.000289367
-0.000289367
-0.000289367
-0.000289367
-0.000289367
-0.000289367
-0.000289367
-0.000289367
-0.000289367
-0.000289367
-0.000289367
-0.000289367
-0.000289367
-0.000289367
-0.000289367
-0.000289367
-0.000289367
-0.000289367
-0.000289367
-0.000289367
-0.000289367
-0.000289367
-0.000289367
-0.000289367
-0.000289367
-0.000289367
-0.000289367
-0.000289367
-0.000289367
-0.000289367
-0.000289367
-0.000289367
-0.000289367
-0.000289367
-0.000289367
-0.000289367
-0.000289367
-0.000289367
-0.000289367
-0.000289367
-0.000289367
-0.000289367
-0.000289367
-0.000289367
-0.000289367
-0.000289367
-0.000289367
-0.000289367
-0.000289367
-0.000289367
-0.000289367
-0.000289367
-0.000289367
-0.000289367
-0.000289367
-0.000289367
-0.000289367
-0.000289367
-0.000289367
-0.000289367
-0.000289367
-0.000289367
-0.000289367
-0.000289367
-0.000289367
-0.000289367
-0.000289367
-0.000289367
-0.000289367
-0.000289367
-0.000289367
-0.000289367
-0.000289367
-0.000289367
-0.000289367
-0.000289367
-0.000289367
-0.000289367
-0.000289367
-0.000289367
-0.000289367
-0.000289367
-0.000289367
-0.000289367
-0.000289367
-0.000289367
-0.000289367
-0.000289367
-0.000289367
-0.000289367
-0.000289367
-0.000289367
-0.000289367
-0.000289367
-0.000289367
-0.000289367
-0.000289367
-0.000289367
-0.000289367
-0.000289367
-0.000289367
-0.000289367
-0.000289367
-0.000289367
-0.000289367
-0.000289367
-0.000289367
-0.000289367
-0.000289367
-0.000289367
-0.000289367
