0.011204
0.051557
0.076557
0.09725
0.117952
0.138635
0.163341
0.18402
0.204702
0.225406
0.245979
0.273405
0.323238
0.509873
0.709017
0.911151
1.10762
1.32605
1.40081
1.43818
1.47066
1.50472
1.54375
1.5751
1.61093
1.64126
1.67854
1.72218
1.76198
1.78331
1.80733
1.82979
1.85107
1.87264
1.8937
1.91824
1.95426
1.99382
2.01869
2.03951
2.06044
2.08124
2.10611
2.12789
2.14964
2.17315
2.2197
2.24791
2.26877
2.2896
2.31277
2.33521
2.35605
2.37658
2.39752
2.43602
2.47558
2.49648
2.51755
2.54241
2.56324
2.58412
2.6049
2.6299
2.65134
2.69441
2.726
2.75111
2.77336
2.79465
2.81564
2.83884
2.85964
2.88074
2.90872
2.95812
2.98078
3.00189
3.02283
3.0479
3.06873
3.08975
3.11067
3.13552
3.17526
3.21341
3.23434
3.2594
3.28029
3.30117
3.32207
3.347
3.36874
3.3963
3.44044
3.46773
3.48868
3.50964
3.53072
3.5516
3.5764
3.59735
3.61824
3.65358
3.69773
3.71883
3.74011
3.76531
3.78623
3.80702
3.82812
3.85342
3.88073
3.92579
3.95578
3.97722
3.99859
4.02315
4.04401
4.06474
4.086
4.11136
4.15017
4.19512
4.22929
4.25055
4.27139
4.29628
4.31708
4.33837
4.35963
4.39337
4.43954
4.48241
4.51363
4.5349
4.55586
4.58075
4.60168
4.623
4.64843
4.68967
4.72643
4.75188
4.77324
4.79411
4.81498
4.83971
4.86097
4.88201
4.91892
4.96422
5.00717
5.03863
5.0595
5.08041
5.10123
5.12661
5.14789
5.16926
5.21798
5.24895
5.27035
5.29571
5.31662
5.33737
5.35838
5.38378
5.405
5.43622
5.48583
5.50739
5.52886
5.55293
5.57365
5.59438
5.61562
5.64114
5.6637
5.70831
5.74052
5.76186
5.78325
5.80806
5.82897
5.85016
5.87123
5.89648
5.93024
5.97555
5.9978
6.01908
6.03993
6.06064
6.08541
6.10686
6.12771
6.15703
6.19829
6.23155
6.25689
6.2777
6.2985
6.31926
6.34447
6.36578
6.38702
6.42736
6.46461
6.48782
6.50911
6.53213
6.55305
6.57432
6.59953
6.62095
6.64505
6.69485
6.72077
6.74212
6.76703
6.78795
6.80895
6.83016
6.85548
6.87667
6.91207
6.95381
6.97613
6.99716
7.01823
7.04176
7.06304
7.08432
7.10959
7.13616
7.18026
7.21238
7.23354
7.25444
7.27532
7.30057
7.3219
7.34323
7.36861
7.40629
7.4479
7.46988
7.49077
7.51168
7.53258
7.55736
7.57834
7.59925
7.62335
7.67261
7.69809
7.71899
7.73983
7.76063
7.78546
7.8064
7.82735
7.84829
7.88718
7.92879
7.94962
7.97057
7.99546
8.01638
8.03727
8.06126
8.0831
8.10514
8.14881
8.18034
8.20518
8.22612
8.24691
8.26777
8.29264
8.31348
8.33434
8.36338
8.41292
8.43386
8.45478
8.47565
8.5006
8.52145
8.54237
8.56326
8.58816
8.62898
8.66486
8.68581
8.70859
8.7295
8.75045
8.77122
8.79216
8.81712
8.84526
8.88947
8.91611
8.93692
8.95774
8.97877
9.00367
9.02453
9.0455
9.06635
9.10169
9.14479
9.16571
9.18657
9.20751
9.23234
9.25323
9.27614
9.29713
9.32557
9.36756
9.39479
9.4156
9.43644
9.46139
9.48256
9.50348
9.52436
9.54931
9.58353
9.62425
9.64511
9.67006
9.69103
9.71197
9.73287
9.75772
9.77857
9.80042
9.84133
9.87656
9.90135
9.92375
9.94478
9.96593
9.9889
10.0098
10.0307
10.0601
10.1085
10.1293
10.1502
10.1712
10.1961
10.217
10.2378
10.2587
10.2796
10.3238
10.3599
10.3807
10.4016
10.4264
10.4473
10.4682
10.4891
10.514
10.5421
10.5848
10.611
10.6321
10.6561
10.6769
10.6979
10.7188
10.7437
10.7646
10.7993
10.8379
10.8627
10.8836
10.9045
10.9253
10.9503
10.9712
10.992
11.014
11.0548
11.095
11.1158
11.1367
11.1609
11.1824
11.2033
11.2242
11.2451
11.2825
11.3232
11.3453
11.3661
11.387
11.4118
11.4326
11.4535
11.4744
11.4992
11.5397
11.5762
11.5971
11.6179
11.6428
11.6636
11.6844
11.7052
11.7301
11.7581
11.803
11.8308
11.8536
11.8745
11.8954
11.9163
11.9373
11.9622
11.9831
12.0179
12.0585
12.0834
12.1045
12.1254
12.1465
12.1713
12.1921
12.213
12.2352
12.2858
12.3136
12.3345
12.3594
12.3813
12.4024
12.4236
12.4472
12.4679
12.501
12.5412
12.566
12.5872
12.6082
12.6291
12.6541
12.6748
12.6958
12.7167
12.7647
12.7939
12.8149
12.8359
12.8569
12.8819
12.9028
12.9238
12.9446
12.9807
13.0224
13.0434
13.0645
13.0882
13.109
13.13
13.151
13.1758
13.1966
13.2358
13.2719
13.2968
13.3177
13.3385
13.3594
13.3804
13.4053
13.426
13.4526
13.497
13.5245
13.5453
13.5663
13.5872
13.6122
13.6332
13.6541
13.675
13.7088
13.7533
13.7742
13.7952
13.8161
13.8411
13.862
13.8827
13.9037
13.9326
13.9756
14.0061
14.0315
14.0529
14.0741
14.0994
14.1205
14.145
14.167
14.2034
14.2407
14.266
14.2873
14.3085
14.3337
14.355
14.3762
14.4015
14.4286
14.4729
14.5025
14.5237
14.5451
14.5704
14.5931
14.6146
14.6384
14.6598
14.6978
14.7382
14.7594
14.7807
14.8061
14.8274
14.8486
14.8739
14.8952
14.9242
14.9728
14.9941
15.0153
15.0407
15.0619
15.0834
15.1086
15.1299
15.1511
15.1956
15.2303
15.2516
15.2769
15.2981
15.3194
15.3407
15.3658
15.387
15.419
15.465
15.4881
15.5095
15.533
15.5543
15.5755
15.6007
15.622
15.6454
15.6953
15.7226
15.7438
15.7692
15.7903
15.8118
15.8371
15.8584
15.8797
15.9226
15.964
15.9986
16.0236
16.0449
16.0662
16.0915
16.1128
16.1341
16.168
16.2093
16.2475
16.2728
16.294
16.3153
16.3406
16.3639
16.3853
16.4085
16.4518
16.4812
16.5063
16.5276
16.5489
16.5742
16.5954
16.6167
16.6419
16.6749
16.7149
16.7402
16.7615
16.7829
16.8083
16.8297
16.8511
16.8761
16.9005
16.946
16.9765
16.9977
17.019
17.0443
17.0657
17.0869
17.1121
17.1332
17.1695
17.21
17.2313
17.2554
17.2782
17.2994
17.3208
17.346
17.3672
17.3952
17.4447
17.466
17.4873
17.5126
17.5339
17.5551
17.5803
17.6015
17.6227
17.6657
17.6991
17.7206
17.745
17.7662
17.7875
17.8127
17.834
17.8554
17.8935
17.9297
17.951
17.9763
17.9977
18.0189
18.0443
18.0656
18.0899
18.1162
18.1591
18.1833
18.2087
18.23
18.2512
18.2763
18.2976
18.3189
18.3442
18.3808
18.4145
18.4399
18.4612
18.4824
18.5074
18.5298
18.5513
18.5728
18.6034
18.6467
18.672
18.6933
18.7145
18.7401
18.7613
18.7826
18.8079
18.8293
18.8719
18.9044
18.9253
18.9462
18.9702
18.992
19.0129
19.0337
19.0546
19.0807
19.1281
19.149
19.1698
19.1907
19.2155
19.2364
19.2573
19.2783
19.3033
19.3407
19.3727
19.3936
19.4186
19.4394
19.4603
19.4813
19.5062
19.5271
19.5517
19.599
19.621
19.6428
19.6637
19.6847
19.7056
19.7306
19.7515
19.7725
19.8122
19.8471
19.8679
19.889
19.91
19.935
19.9558
19.9768
19.9977
20.0244
20.067
20.093
20.114
20.1388
20.1598
20.1807
20.2045
20.2266
20.2476
20.2775
20.3182
20.3431
20.364
20.3849
20.4059
20.4309
20.4518
20.4726
20.4934
20.5391
20.5689
20.5898
20.6107
20.6357
20.6566
20.6775
20.6984
20.7194
20.7523
20.7936
20.8169
20.8379
20.8603
20.8813
20.9022
20.9231
20.9478
20.9687
21.0053
21.0397
21.0646
21.0856
21.1065
21.1274
21.1522
21.1731
21.194
21.2183
21.2672
21.2888
21.3098
21.3307
21.3556
21.3778
21.3987
21.4198
21.4431
21.4783
21.5125
21.5334
21.5543
21.5793
21.6
21.6208
21.6417
21.6665
21.689
21.7325
21.7572
21.7822
21.8032
21.824
21.8448
21.8698
21.8906
21.9115
21.941
21.9806
22.0063
22.0274
22.0484
22.0693
22.0929
22.1138
22.1347
22.1555
22.2007
22.2296
22.2504
22.2713
22.2961
22.317
22.3379
22.3589
22.3797
22.4126
22.4528
22.4737
22.4944
22.5193
22.5401
22.561
22.5818
22.6067
22.6277
22.6642
22.7004
22.7214
22.7459
22.7669
22.7878
22.8088
22.8336
22.8546
22.8783
22.9226
22.9522
22.9733
22.9942
23.015
23.0399
23.0608
23.0816
23.1025
23.1331
23.1767
23.1974
23.2184
23.2394
23.2641
23.285
23.306
23.3269
23.3528
23.3946
23.4245
23.4455
23.4664
23.4913
23.5121
23.5329
23.5538
23.5788
23.6083
23.6497
23.6706
23.6955
23.7163
23.7371
23.7581
23.779
23.8039
23.8248
23.8648
23.8997
23.9216
23.9425
23.9635
23.9844
24.0093
24.0302
24.0511
24.0759
24.1248
24.1478
24.1688
24.1897
24.2148
24.2357
24.2566
24.2775
24.3024
24.3384
24.3728
24.3939
24.4188
24.4397
24.4625
24.4836
24.5067
24.5275
24.5509
24.5944
24.6229
24.6478
24.6687
24.6896
24.7105
24.7355
24.7564
24.7772
24.8076
24.8512
24.8721
24.893
24.9139
24.9348
24.9597
24.9806
25.0016
25.0225
25.069
25.1
25.1228
25.1437
25.1669
25.1878
25.2088
25.2296
25.2545
25.2835
25.3249
25.3459
25.3709
25.3918
25.4126
25.4335
25.4544
25.4793
25.5004
25.5366
25.5679
25.5928
25.6135
25.6344
25.6553
25.6802
25.7026
25.7235
25.7471
25.7943
25.8157
25.8368
25.8577
25.8826
25.9037
25.9247
25.9456
25.9704
26.0048
26.039
26.0599
26.0849
26.1058
26.1268
26.1477
26.1726
26.1936
26.2152
26.2598
26.2888
26.3099
26.3309
26.3519
26.3757
26.3967
26.4176
26.4386
26.4751
26.5108
26.5317
26.5527
26.5775
26.5988
26.62
26.6453
26.6666
26.6879
26.7371
26.761
26.7818
26.8028
26.8277
26.8487
26.8697
26.8908
26.9155
26.947
26.9844
27.0053
27.0303
27.0514
27.0722
27.0931
27.118
27.139
27.16
27.2071
27.2353
27.2561
27.2775
27.3028
27.3267
27.3496
27.3709
27.3921
27.4304
27.4653
27.4861
27.507
27.5319
27.5529
27.574
27.5948
27.6198
27.6409
27.6848
27.7108
27.7357
27.7568
27.7777
27.7985
27.8234
27.8454
27.8664
27.895
27.939
27.9598
27.9806
28.0015
28.0265
28.0474
28.0683
28.0892
28.114
28.1555
28.1822
28.2033
28.2282
28.2491
28.27
28.2909
28.3158
28.3367
28.3641
28.4051
28.4259
28.4513
28.4723
28.4933
28.5143
28.5383
28.5592
28.5801
28.6148
28.6526
28.6735
28.6944
28.7154
28.7402
28.761
28.7819
28.8029
28.8329
28.8756
28.9002
28.9211
28.946
28.967
28.9878
29.0122
29.0335
29.0544
29.0875
29.1231
29.1479
29.1687
29.1898
29.2106
29.2355
29.2564
29.2773
29.2982
29.3472
29.3735
29.3943
29.4151
29.44
29.4608
29.4817
29.5027
29.5277
29.5594
29.6006
29.6216
29.6441
29.6649
29.6858
29.7067
29.7316
29.7524
29.7734
29.8161
29.8487
29.8696
29.8904
29.9113
29.9362
29.957
29.9779
29.9987
30.025
30.073
30.0939
30.1147
30.1356
30.1604
30.1827
30.2036
30.2246
30.2477
30.2858
30.3179
30.3389
30.3637
30.3846
30.4054
30.4264
30.4514
30.4723
30.4986
30.5426
30.5674
30.5885
30.6094
30.6302
30.655
30.6759
30.6969
30.7177
30.7589
30.7923
30.8134
30.8343
30.8581
30.8789
30.8998
30.9208
30.9417
30.9699
31.0131
31.0372
31.062
31.0829
31.1038
31.1248
31.1497
31.1706
31.1914
31.2235
31.2644
31.2853
31.3061
31.327
31.3514
31.3725
31.3934
31.4149
31.4358
31.4835
31.5102
31.5311
31.552
31.5768
31.5978
31.6189
31.6397
31.6644
31.6952
31.7344
31.7552
31.7802
31.8011
31.8219
31.8427
31.8676
31.8885
31.9094
31.9539
31.9834
32.0044
32.0253
32.0463
32.0712
32.0922
32.1131
32.134
32.1666
32.2072
32.228
32.2489
32.2698
32.2948
32.3156
32.3365
32.3575
32.3823
32.4189
32.4521
32.473
32.498
32.519
32.5422
32.5649
32.5858
32.6066
32.6301
32.6744
32.7003
32.7212
32.7419
32.763
32.7878
32.8086
32.8295
32.8504
32.8888
32.9226
32.9434
32.9643
32.9893
33.0102
33.0311
33.0521
33.077
33.1003
33.1445
33.1724
33.1932
33.2142
33.2351
33.26
33.2809
33.3016
33.3225
33.3518
33.3946
33.4154
33.4362
33.4571
33.482
33.5029
33.5238
33.5446
33.5696
33.6115
33.639
33.6599
33.6849
33.7059
33.727
33.748
33.769
33.7935
33.822
33.8633
33.8842
33.9091
33.9299
33.9507
33.9715
33.9963
34.0172
34.0381
34.0736
34.1074
34.1323
34.1532
34.1741
34.1949
34.2197
34.2405
34.2614
34.2841
34.3331
34.3552
34.3761
34.3969
34.4179
34.4427
34.4635
34.4843
34.5052
34.5437
34.5785
34.5993
34.6203
34.6452
34.666
34.6869
34.7076
34.7283
34.7541
34.7962
34.8226
34.8435
34.8684
34.8892
34.91
34.9334
34.9544
34.9768
35.0059
35.0463
35.0672
35.0919
35.1129
35.1337
35.1544
35.1793
35.2001
35.2208
35.257
35.29
35.3148
35.3356
35.3565
35.3774
35.4021
35.4229
35.4436
35.4675
35.5115
35.5374
35.5596
35.5806
35.6017
35.6249
35.6457
35.6664
35.6872
35.7182
35.7602
35.781
35.802
35.8269
35.8477
35.8686
35.8894
35.9101
35.9361
35.9782
36.0048
36.0256
36.0504
36.0713
36.0921
36.113
36.1339
36.1589
36.188
36.2273
36.2484
36.2728
36.2937
36.3145
36.3353
36.3604
36.3812
36.4021
36.4418
36.4751
36.496
36.5169
36.5377
36.5626
36.5834
36.6042
36.6254
36.6487
36.6982
36.719
36.74
36.7644
36.7858
36.8066
36.8274
36.8485
36.8734
36.9076
36.9423
36.9631
36.988
37.0089
37.0299
37.0507
37.0715
37.0963
37.1182
37.1615
37.1876
37.2124
37.2334
37.2542
37.2751
37.3
37.3209
37.3418
37.3736
37.4138
37.436
37.4568
37.4777
37.4985
37.5233
37.5443
37.5653
37.5862
37.6309
37.6597
37.6806
37.7014
37.7263
37.747
37.7678
37.7888
37.8096
37.8411
37.8822
37.9031
37.9241
37.949
37.97
37.9932
38.0142
38.0368
38.0578
38.0923
38.1262
38.1511
38.172
38.1929
38.2138
38.2347
38.2595
38.2804
38.3021
38.3467
38.3752
38.3961
38.4171
38.438
38.4629
38.4836
38.5045
38.5255
38.563
38.5986
38.6215
38.6426
38.6654
38.6863
38.7072
38.728
38.7487
38.7739
38.8159
38.8422
38.8629
38.8878
38.9087
38.9295
38.9504
38.9712
38.996
39.0242
39.0641
39.0851
39.1102
39.1311
39.152
39.1728
39.1977
39.2197
39.241
39.2768
39.3123
39.3332
39.3542
39.3751
39.3999
39.4209
39.4418
39.4627
39.4853
39.5359
39.5567
39.5775
39.6024
39.6232
39.6441
39.665
39.6858
39.7106
39.7439
39.7793
39.8001
39.8252
39.8462
39.8671
39.8882
39.9126
39.9335
39.9543
39.9977
40.0246
40.0495
40.0704
40.0915
40.1164
40.1374
40.1582
40.1791
40.2068
40.2522
40.2731
40.2939
40.3149
40.3398
40.3607
40.3817
40.4057
40.4276
40.4686
40.4969
40.518
40.5429
40.5637
40.5845
40.6053
40.6301
40.6511
40.678
40.7207
40.7456
40.7666
40.7877
40.8087
40.8336
40.8545
40.8756
40.8965
40.9306
40.9696
40.9906
41.0144
41.0355
41.0572
41.078
41.0989
41.1199
41.1497
41.1915
41.2134
41.2343
41.2591
41.28
41.3011
41.3219
41.3469
41.3677
41.4006
41.4371
41.458
41.4829
41.5038
41.5248
41.5456
41.5704
41.5912
41.614
41.6577
41.686
41.7069
41.7278
41.7488
41.7736
41.7945
41.8154
41.8362
41.8633
41.9086
41.9295
41.9505
41.9714
41.9963
42.0173
42.038
42.0589
42.0839
42.1223
42.1539
42.1747
42.1996
42.2205
42.243
42.2641
42.2873
42.3082
42.3342
42.3766
42.3976
42.4225
42.4434
42.4643
42.4852
42.51
42.5308
42.5516
42.5851
42.6243
42.6453
42.6663
42.6872
42.7121
42.733
42.7539
42.7747
42.8033
42.8457
42.8695
42.8905
42.9148
42.9356
42.9565
42.9774
42.9984
43.0233
43.0552
43.0926
43.1135
43.1384
43.1595
43.1804
43.2013
43.2261
43.2471
43.2681
43.3108
43.3429
43.3638
43.3847
43.4056
43.4306
43.4516
43.4725
43.4936
43.52
43.5684
43.5893
43.6101
43.6311
43.6559
43.6768
43.6976
43.7183
43.7431
43.7808
43.8126
43.8335
43.8544
43.8792
43.9001
43.921
43.9419
43.967
43.9917
44.0351
44.0609
44.0824
44.1033
44.1243
44.1452
44.17
44.191
44.212
44.2439
44.284
44.3051
44.3262
44.3472
44.3721
44.393
44.4139
44.4348
44.4625
44.5056
44.5306
44.5555
44.5764
44.5992
44.6203
44.6414
44.664
44.6849
44.7162
44.7547
44.7797
44.8006
44.8215
44.8424
44.8672
44.888
44.9091
44.9299
44.9775
45.0061
45.027
45.0519
45.0728
45.0937
45.1146
45.1395
45.1612
45.1911
45.2318
45.2555
45.2764
45.2973
45.3182
45.3435
45.3644
45.3854
45.4061
45.4524
45.4798
45.501
45.5263
45.5474
45.5687
45.5898
45.6147
45.6355
45.6642
45.7103
45.7316
45.7529
45.7783
45.7997
45.821
45.8458
45.8667
45.8875
45.9309
45.9623
45.9836
46.0049
46.0301
46.0514
46.0727
46.0975
46.1184
46.1503
46.1904
46.2141
46.2356
46.257
46.2823
46.3036
46.329
46.35
46.3711
46.4152
46.4457
46.467
46.4884
46.5138
46.5352
46.5565
46.5818
46.6027
46.6353
46.6729
46.6981
46.7195
46.7409
46.7661
46.7874
46.8087
46.8336
46.8579
46.9016
46.9284
46.9496
46.9708
46.9962
47.0173
47.0408
47.0621
47.0849
47.1204
47.1554
47.1808
47.2022
47.2236
47.2489
47.2702
47.2915
47.3163
47.3434
47.3857
47.4068
47.4321
47.4535
47.4748
47.5002
47.5214
47.5428
47.5679
47.6076
47.6358
47.6571
47.6824
47.7038
47.725
47.7504
47.7716
47.7927
47.8267
47.865
47.8858
47.9071
47.9324
47.9559
47.9774
48.0004
48.0218
48.0427
48.0881
48.1165
48.1379
48.1589
48.1841
48.2054
48.2268
48.2521
48.2729
48.3011
48.3412
48.3665
48.388
48.4094
48.4358
48.4572
48.4787
48.5026
48.5235
48.5656
48.5921
48.6174
48.6388
48.6641
48.6854
48.7067
48.7321
48.7534
48.7843
48.8204
48.8457
48.867
48.8879
48.9088
48.9338
48.9548
48.976
48.9971
49.0436
49.0687
49.0896
49.1105
49.1355
49.1564
49.1774
49.1983
49.2192
49.2533
49.2945
49.3154
49.3365
49.3613
49.3823
49.4032
49.4241
49.4489
49.4698
49.5071
49.5421
49.5675
49.5886
49.6096
49.6305
49.6551
49.6759
49.6968
49.7216
49.7711
49.7983
49.8192
49.8401
49.865
49.8859
49.9068
49.9279
49.9527
49.989
50.021
50.0422
50.067
50.088
50.1116
50.1327
50.1549
50.176
50.1999
50.2443
50.2691
50.29
50.3109
50.3319
50.357
50.3779
50.3988
50.4197
50.459
50.493
50.5139
50.5348
50.5598
50.5807
50.6016
50.6225
50.6474
50.6701
50.715
50.744
50.767
50.7881
50.809
50.83
50.8549
50.8759
50.8968
50.9264
50.9749
50.9958
51.0167
51.0376
51.0585
51.0835
51.1044
51.1253
51.1463
51.1925
51.2194
51.2404
51.2614
51.2867
51.3081
51.3292
51.3535
51.3745
51.4034
51.4434
51.4642
51.4895
51.5104
51.5313
51.5562
51.5772
51.5981
51.6189
51.6627
51.692
51.7128
51.7337
51.7547
51.7797
51.8007
51.8216
51.8461
51.8739
51.9149
51.9358
51.9569
51.9816
52.0025
52.0235
52.0444
52.0693
52.0904
52.1251
52.159
52.1839
52.2048
52.2258
52.2468
52.2717
52.2926
52.3134
52.3353
52.3846
52.407
52.4279
52.4517
52.4738
52.4947
52.5159
52.5368
52.5617
52.5948
52.6305
52.6518
52.6727
52.6976
52.7186
52.7394
52.7603
52.7852
52.8062
52.8489
52.8746
52.8996
52.9206
52.9415
52.9624
52.9872
53.0081
53.0314
53.0586
53.1025
53.1234
53.1444
53.1652
53.1902
53.2111
53.232
53.2529
53.2778
53.316
53.3484
53.3693
53.3902
53.4151
53.4361
53.4569
53.4778
53.5026
53.5278
53.5711
53.5929
53.6178
53.64
53.6611
53.6823
53.7057
53.7266
53.7475
53.7801
53.82
53.8408
53.8616
53.8825
53.9034
53.9284
53.9493
53.9702
53.9912
54.0395
54.0646
54.0855
54.1064
54.1312
54.1521
54.1729
54.1938
54.2186
54.2498
54.2886
54.3098
54.3308
54.3541
54.3751
54.396
54.4168
54.4416
54.4625
54.5031
54.5303
54.5552
54.5764
54.5972
54.618
54.6431
54.664
54.6849
54.7108
54.7597
54.7827
54.8037
54.8246
54.8496
54.8711
54.8921
54.9131
54.9342
54.9748
55.0063
55.0272
55.0482
55.0731
55.0939
55.1149
55.1357
55.1607
55.1851
55.228
55.2499
55.2748
55.2957
55.3165
55.3374
55.3623
55.3831
55.4041
55.436
55.477
55.4978
55.5188
55.5398
55.5608
55.5855
55.6064
55.6273
55.6481
55.6952
55.7205
55.7414
55.7624
55.7872
55.8082
55.829
55.8499
55.8747
55.9047
55.9447
55.9656
55.9864
56.0113
56.0321
56.0531
56.0773
56.099
56.1199
56.1576
56.1892
56.2101
56.235
56.2559
56.2768
56.2976
56.3225
56.3434
56.3685
56.4117
56.4376
56.4585
56.4794
56.5004
56.5253
56.5462
56.567
56.588
56.6204
56.6622
56.6831
56.7066
56.7276
56.7496
56.7704
56.7913
56.8122
56.8402
56.8824
56.9076
56.9285
56.9534
56.9743
56.9951
57.016
57.0408
57.0617
57.0928
57.1315
57.1524
57.1772
57.1981
57.219
57.2399
57.2647
57.2857
57.3083
57.3503
57.3805
57.4014
57.4223
57.4432
57.4681
57.4889
57.5097
57.5307
57.5556
57.605
57.6271
57.648
57.6689
57.6937
57.7145
57.7354
57.7562
57.7813
57.8181
57.85
57.8709
57.8958
57.9176
57.9389
57.9598
57.9834
58.0041
58.0278
58.069
58.1132
58.1381
58.1589
58.1798
58.2007
58.2255
58.2464
58.2673
58.2987
58.3477
58.3757
58.3966
58.4175
58.4383
58.4633
58.4842
58.5051
58.5259
58.5733
58.5988
58.6203
58.6413
58.6653
58.6862
58.7072
58.728
58.7528
58.7825
58.8218
58.8427
58.8635
58.8883
58.9092
58.9301
58.951
58.9759
58.9968
59.0342
59.0659
59.0909
59.1118
59.1327
59.1537
59.1786
59.1995
59.2205
59.2456
59.289
59.3134
59.3343
59.355
59.376
59.4007
59.4215
59.4424
59.4632
59.5037
59.5363
59.5573
59.5782
59.599
59.6238
59.6446
59.6654
59.6862
59.7142
59.7561
59.7803
59.8012
59.8252
59.8468
59.8677
59.8887
59.9096
59.9344
59.9658
60.0028
60.0237
60.0486
60.0694
60.0902
60.111
60.1319
60.1567
60.1775
60.2165
60.2492
60.2741
60.295
60.316
60.3369
60.3617
60.3826
60.4058
60.4319
60.476
60.4968
60.5177
60.5386
60.5635
60.5844
60.6053
60.6263
60.6512
60.6885
60.7203
60.7413
60.7661
60.7871
60.808
60.829
60.8499
60.8747
60.8998
60.9426
60.9645
60.9893
61.0113
61.0322
61.0531
61.0766
61.0975
61.1184
61.1512
61.1874
61.2122
61.2333
61.2545
61.2754
61.3001
61.3209
61.3417
61.3628
61.4118
61.4361
61.457
61.4779
61.5028
61.5237
61.5444
61.5652
61.586
61.6219
61.659
61.6801
61.7013
61.7256
61.7466
61.7674
61.7883
61.8131
61.8338
61.8747
61.902
61.927
61.9479
61.9688
61.9897
62.0104
62.0352
62.0561
62.0825
62.1244
62.1493
62.1703
62.1912
62.2152
62.2373
62.2581
62.279
62.2998
62.3412
62.3719
62.3927
62.4136
62.4386
62.4593
62.4801
62.5009
62.5218
62.5507
62.593
62.6154
62.6363
62.6611
62.6823
62.7031
62.7239
62.7447
62.7696
62.8015
62.8405
62.8614
62.8841
62.905
62.9258
62.9467
62.9716
62.9927
63.0136
63.056
63.0877
63.1087
63.1297
63.1506
63.1754
63.1962
63.217
63.2381
63.2726
63.3117
63.3327
63.3537
63.3787
63.3995
63.4221
63.4431
63.4641
63.4869
63.5246
63.5559
63.5767
63.6016
63.6226
63.6435
63.6644
63.6893
63.7101
63.7355
63.7788
63.7996
63.8244
63.8454
63.8662
63.8871
63.9121
63.9329
63.954
63.9865
64.0263
64.0485
64.0695
64.0906
64.114
64.1349
64.1558
64.1771
64.2052
64.2471
64.2704
64.2912
64.3121
64.3371
64.3579
64.3787
64.3995
64.4243
64.4558
64.4921
64.5129
64.5379
64.5587
64.5797
64.6008
64.6259
64.6478
64.669
64.7114
64.741
64.7619
64.7829
64.8038
64.8289
64.8497
64.8706
64.8916
64.926
64.9637
64.9848
65.0059
65.0308
65.0517
65.0727
65.0937
65.1185
65.1395
65.1798
65.2086
65.2336
65.2546
65.2756
65.2965
65.3212
65.342
65.3629
65.3884
65.4321
65.457
65.4779
65.4989
65.5198
65.5446
65.5656
65.5864
65.6074
65.6483
65.6806
65.7015
65.7224
65.7472
65.7682
65.7891
65.8131
65.8349
65.8587
65.9025
65.9255
65.9503
65.9713
65.9922
66.0132
66.0381
66.059
66.0798
66.1113
66.1522
66.1731
66.194
66.2149
66.2397
66.2607
66.2815
66.3024
66.3293
66.3722
66.3995
66.4205
66.4432
66.4641
66.4849
66.5058
66.5307
66.5516
66.5819
66.6205
66.6453
66.6662
66.6871
66.7082
66.7331
66.754
66.7748
66.7957
66.8413
66.8693
66.8901
66.9109
66.9359
66.9569
66.9792
67.0002
67.0214
67.0527
67.0934
67.1142
67.1391
67.1601
67.1811
67.2021
67.2229
67.2477
67.2685
67.3049
67.3372
67.362
67.383
67.4039
67.4249
67.4497
67.4706
67.4914
67.5152
67.5645
67.5863
67.6076
67.6286
67.6522
67.673
67.6939
67.7148
67.7397
67.7744
67.8083
67.8293
67.8542
67.8751
67.896
67.9169
67.9419
67.9629
67.9851
68.029
68.0562
68.0771
68.0981
68.1191
68.1442
68.1652
68.1863
68.2074
68.2444
68.2799
68.3013
68.3226
68.348
68.3694
68.3907
68.4161
68.4373
68.4585
68.5077
68.5308
68.552
68.5771
68.5984
68.6221
68.6451
68.6665
68.6878
68.7204
68.7602
68.781
68.8023
68.8276
68.849
68.8703
68.8956
68.917
68.9411
68.9852
69.011
69.0323
69.0536
69.0797
69.1013
69.1229
69.1472
69.1684
69.2042
69.242
69.2629
69.2837
69.3047
69.3297
69.3505
69.3714
69.3923
69.4236
69.4654
69.4862
69.5071
69.5322
69.5532
69.5741
69.595
69.6199
69.6409
69.6755
69.71
69.7345
69.7554
69.7763
69.7972
69.8221
69.843
69.8639
69.8857
69.936
69.96
69.9808
70.0057
70.0266
70.0475
70.0684
70.0894
70.1143
70.1475
70.1857
70.2081
70.2291
70.25
70.2709
70.2918
70.3167
70.3377
70.3586
70.4073
70.4325
70.4535
70.4745
70.4998
70.5211
70.5424
70.5677
70.5889
70.621
70.6622
70.6845
70.7059
70.7302
70.7515
70.7728
70.7981
70.8193
70.8425
70.8921
70.9193
70.9405
70.9659
70.9872
71.0084
71.0337
71.055
71.0762
71.119
71.1496
71.1708
71.1921
71.2174
71.2386
71.2598
71.2851
71.3063
71.332
71.3797
71.4008
71.4221
71.4473
71.4686
71.4898
71.515
71.5373
71.5586
71.6022
71.6307
71.6519
71.6732
71.6986
71.7199
71.7412
71.7664
71.7876
71.8154
71.8604
71.8816
71.9028
71.9281
71.9494
71.9706
71.9959
72.0172
72.0384
72.0857
72.1121
72.1335
72.1548
72.1801
72.2013
72.2225
72.2477
72.2689
72.2999
72.3417
72.3628
72.384
72.4094
72.4325
72.454
72.4774
72.4986
72.5212
72.5706
72.5927
72.614
72.6393
72.6605
72.6818
72.703
72.7283
72.7495
72.7835
72.8232
72.8444
72.8657
72.8913
72.9127
72.934
72.9589
72.9801
73.0049
73.054
73.0769
73.0982
73.1235
73.1449
73.1662
73.1914
73.2126
73.2339
73.2784
73.3147
73.3384
73.3599
73.3824
73.4036
73.4248
73.4501
73.4714
73.4995
73.5453
73.5666
73.5879
73.6132
73.6344
73.6557
73.681
73.7023
73.7235
73.7715
73.7975
73.819
73.8426
73.8639
73.8852
73.9064
73.9317
73.9529
73.9842
74.0252
74.0464
74.0677
74.093
74.1142
74.1354
74.1607
74.182
74.2043
74.2536
74.2772
74.2981
74.319
74.3439
74.3648
74.3858
74.4068
74.432
74.4648
74.502
74.5228
74.5478
74.5687
74.5897
74.6106
74.6356
74.6564
74.6774
74.721
74.7525
74.7733
74.7942
74.8175
74.8385
74.8608
74.8816
74.9025
74.9307
74.9748
74.9957
75.0166
75.0378
75.063
75.0843
75.1055
75.1308
75.152
75.1951
75.2246
75.2458
75.267
75.2922
75.3147
75.3361
75.36
75.3812
75.4128
75.4498
75.475
75.4962
75.5175
75.5427
75.5639
75.5852
75.6105
75.6337
75.6782
75.7046
75.7258
75.75
75.7723
75.7936
75.8148
75.8401
75.8613
75.896
75.9399
75.9611
75.9824
76.0076
76.0289
76.05
76.0752
76.0964
76.1228
76.1678
76.1968
76.2181
76.2395
76.2636
76.2848
76.3061
76.3312
76.3525
76.3899
76.4279
76.4492
76.4704
76.4957
76.517
76.5383
76.5635
76.5848
76.6163
76.6584
76.6796
76.7009
76.7262
76.7475
76.7687
76.794
76.8153
76.8365
76.8839
76.9102
76.9314
76.9566
76.9779
76.9988
77.0197
77.0445
77.0654
77.0979
77.1421
77.1735
77.1945
77.2153
77.2364
77.2613
77.2822
77.3031
77.324
77.3623
77.4119
77.4362
77.457
77.4779
77.5027
77.5235
77.5444
77.5654
77.5992
77.6397
77.6606
77.6815
77.7064
77.728
77.7488
77.7699
77.7938
77.8147
77.852
77.8857
77.9107
77.9317
77.9526
77.9735
77.9943
78.0193
78.0402
78.0653
78.1147
78.136
78.1573
78.1782
78.203
78.2238
78.2447
78.269
78.2906
78.3273
78.3606
78.3816
78.4065
78.4274
78.4484
78.4693
78.4941
78.515
78.5395
78.584
78.6108
78.6318
78.6527
78.6736
78.6985
78.7194
78.7403
78.7612
78.8007
78.8348
78.8557
78.8792
78.9016
78.9224
78.9432
78.9641
78.985
79.0115
79.054
79.0809
79.1019
79.1268
79.1477
79.1686
79.1895
79.2147
79.2356
79.2659
79.3068
79.349
79.3698
79.3906
79.4115
79.4363
79.4571
79.4793
79.5005
79.5418
79.5742
79.5951
79.6161
79.6373
79.6621
79.6831
79.7041
79.725
79.758
79.7999
79.8208
79.8416
79.8666
79.8874
79.9082
79.9292
79.954
79.9749
80.0108
80.046
80.0669
80.0918
80.1139
80.1347
80.1556
80.1791
80.2001
80.2237
80.2681
80.2967
80.3177
80.3386
80.3595
80.3843
80.4051
80.426
80.4469
80.4775
80.5224
80.5433
80.5642
80.5851
80.61
80.6308
80.6516
80.6725
80.6984
80.7403
80.773
80.7941
80.8171
80.8379
80.8589
80.8796
80.9005
80.9254
80.9544
80.9967
81.0176
81.0426
81.0635
81.0844
81.1051
81.1299
81.1508
81.1718
81.2082
81.2426
81.2676
81.2886
81.3095
81.3304
81.3554
81.3764
81.4001
81.4236
81.4705
81.4931
81.5141
81.5351
81.5599
81.581
81.6019
81.6227
81.6475
81.682
81.7177
81.7386
81.7635
81.7845
81.8054
81.8266
81.8474
81.8722
81.8942
81.9378
81.9669
81.9917
82.0127
82.0336
82.0573
82.0792
82.1002
82.121
82.15
82.1981
82.219
82.2399
82.2608
82.2817
82.3067
82.3277
82.3485
82.3735
82.4142
82.4476
82.4686
82.4935
82.5145
82.5351
82.5559
82.5768
82.6016
82.6314
82.6757
82.7011
82.722
82.7429
82.764
82.7888
82.8096
82.8304
82.8513
82.8866
82.9301
82.951
82.972
82.9928
83.0177
83.0385
83.0594
83.0802
83.1106
83.1536
83.1807
83.2058
83.2269
83.248
83.2693
83.294
83.3152
83.3363
83.378
83.4145
83.4358
83.4611
83.4824
83.5037
83.529
83.5501
83.5713
83.6042
83.6472
83.674
83.6969
83.7182
83.7394
83.7647
83.7858
83.807
83.8279
83.872
83.9067
83.9277
83.9486
83.9735
83.9943
84.0152
84.036
84.0609
84.0888
84.132
84.1567
84.1816
84.2035
84.2245
84.2459
84.2695
84.2904
84.3113
84.3462
84.3952
84.421
84.442
84.4628
84.4878
84.5087
84.5297
84.5505
84.5722
84.6222
84.6604
84.6813
84.7022
84.7271
84.7479
84.7688
84.7897
84.8146
84.8483
84.8926
84.9214
84.9462
84.9671
84.9879
85.0087
85.0336
85.0545
85.0756
85.1202
85.1656
85.1865
85.2075
85.2283
85.2532
85.2741
85.2952
85.3161
85.3528
85.3956
85.4314
85.4535
85.4745
85.4955
85.5165
85.5415
85.5625
85.5832
85.6229
85.6719
85.7001
85.7211
85.742
85.7671
85.788
85.8091
85.83
85.8646
85.9066
85.9292
85.9503
85.9753
85.9964
86.0194
86.0405
86.0632
86.0841
86.1221
86.1587
86.1836
86.2047
86.2257
86.2466
86.2715
86.2924
86.3133
86.3383
86.3873
86.4221
86.4431
86.464
86.489
86.51
86.5311
86.552
86.5769
86.6147
86.6581
86.6843
86.7081
86.7291
86.75
86.7711
86.796
86.8169
86.8414
86.8859
86.929
86.9498
86.9707
86.9916
87.0165
87.0374
87.0582
87.0793
87.119
87.1612
87.1908
87.2117
87.2368
87.2582
87.2795
87.3016
87.3249
87.3483
87.3921
87.4344
87.4593
87.4802
87.501
87.5219
87.5467
87.5676
87.5885
87.6186
87.6679
87.6905
87.7113
87.7322
87.7571
87.778
87.7988
87.8197
87.8451
87.8869
87.9212
87.9459
87.9672
87.9885
88.0137
88.0351
88.0564
88.0815
88.1143
88.1578
88.1967
88.2219
88.2431
88.2644
88.2897
88.311
88.335
88.3606
88.4019
88.4466
88.4846
88.5058
88.527
88.5524
88.5736
88.5949
88.6202
88.6561
88.7008
88.7316
88.7529
88.7741
88.7999
88.8213
88.8428
88.8672
88.8944
88.9387
88.982
89.0032
89.0245
89.0498
89.071
89.0923
89.1175
89.1388
89.1768
89.226
89.2521
89.2728
89.2967
89.3187
89.3396
89.3606
89.3814
89.4064
89.4559
89.4953
89.5161
89.5369
89.5619
89.5827
89.6036
89.6244
89.6494
89.6859
89.7257
89.7466
89.7674
89.7924
89.8132
89.834
89.8549
89.8798
89.9036
89.9493
89.9779
90.0007
90.0216
90.0428
90.0639
90.0892
90.1104
90.1315
90.1715
90.2146
90.2439
90.2688
90.2897
90.3106
90.3315
90.3524
90.3776
90.401
90.4445
90.4858
90.5113
90.5322
90.5533
90.5744
90.5984
90.6194
90.6405
90.6713
90.7208
90.7569
90.7777
90.7986
90.8236
90.8446
90.8655
90.8865
90.9127
90.9536
90.9969
91.0256
91.0505
91.0714
91.0923
91.1135
91.1387
91.1596
91.1895
91.2338
91.2788
91.3004
91.3213
91.3423
91.3671
91.3879
91.409
91.4298
91.467
91.5085
91.5295
91.5504
91.5713
91.5962
91.617
91.6379
91.6588
91.6911
91.7329
91.7538
91.7747
91.7996
91.8206
91.8414
91.8623
91.8833
91.9079
91.9439
91.9781
91.9992
92.0241
92.045
92.0658
92.0866
92.1115
92.1324
92.1559
92.2
92.2273
92.2482
92.2692
92.2903
92.3152
92.3359
92.3567
92.3805
92.4118
92.4503
92.4712
92.4924
92.5133
92.5382
92.5589
92.58
92.6009
92.627
92.6697
92.6963
92.7172
92.7421
92.7629
92.7838
92.8046
92.8296
92.8504
92.88
92.9194
92.9402
92.9652
92.9861
93.0094
93.0304
93.0528
93.0736
93.0948
93.1359
93.1685
93.1894
93.2103
93.2355
93.2564
93.2772
93.2983
93.3234
93.3519
93.3932
93.4141
93.4391
93.4601
93.481
93.5018
93.5266
93.5474
93.5697
93.6054
93.6394
93.6627
93.6838
93.7047
93.7256
93.7505
93.7716
93.7924
93.8152
93.8642
93.886
93.9069
93.928
93.9529
93.9737
93.9946
94.0155
94.0363
94.0745
94.1093
94.1302
94.1511
94.1761
94.1986
94.2199
94.241
94.2638
94.2855
94.3288
94.3576
94.3825
94.4034
94.4243
94.4452
94.4701
94.491
94.5117
94.5412
94.5855
94.6115
94.6324
94.6534
94.6743
94.6991
94.7199
94.7408
94.7617
94.8064
94.8412
94.8624
94.8834
94.907
94.9279
94.9488
94.9696
94.9946
95.0225
95.0653
95.0919
95.1127
95.1376
95.1584
95.1792
95.2001
95.2251
95.2461
95.2813
95.3203
95.3452
95.3661
95.3869
95.4078
95.4286
95.4536
95.4757
95.4987
95.5443
95.5742
95.5949
95.6158
95.6365
95.6613
95.6822
95.703
95.7239
95.7621
95.8017
95.8225
95.8434
95.8642
95.8894
95.9103
95.9312
95.956
95.9772
96.0199
96.0514
96.0724
96.0974
96.1183
96.1392
96.1601
96.1845
96.2055
96.2338
96.2777
96.3044
96.3253
96.3461
96.3669
96.3876
96.4124
96.4332
96.4541
96.4901
96.5328
96.5537
96.5746
96.5954
96.6163
96.6412
96.662
96.6828
96.7089
96.7549
96.7821
96.803
96.8239
96.8487
96.8694
96.8904
96.9111
96.932
96.9703
97.009
97.0299
97.0508
97.0757
97.0966
97.1174
97.1383
97.1631
97.1853
97.2281
97.2582
97.2791
97.3039
97.3248
97.3481
97.3691
97.3914
97.4123
97.4419
97.4823
97.5071
97.5282
97.5491
97.5699
97.5948
97.6156
97.6365
97.6573
97.6985
97.7316
97.7524
97.7733
97.7943
97.8191
97.8399
97.8609
97.8818
97.9145
97.9568
97.9778
97.9988
98.0199
98.0431
98.0639
98.0848
98.1057
98.1305
98.1669
98.2006
98.2214
98.2462
98.2671
98.288
98.3088
98.3297
98.3546
98.3787
98.4195
98.4527
98.4776
98.4985
98.5194
98.5403
98.5656
98.587
98.6083
98.64
98.688
98.7214
98.7423
98.7632
98.7881
98.8088
98.8297
98.8505
98.8714
98.9191
98.9472
98.9681
98.989
99.0138
99.0347
99.0555
99.0763
99.1011
99.1311
99.1721
99.193
99.2176
99.2389
99.2599
99.2808
99.3016
99.3266
99.3478
99.3857
99.4239
99.4448
99.4657
99.4866
99.5114
99.5323
99.553
99.5738
99.5982
99.6475
99.6697
99.6906
99.7115
99.7363
99.7571
99.7802
99.8011
99.8238
99.8598
99.8934
99.9142
99.9351
99.9601
99.9809
100.002
100.023
100.047
100.071
100.114
100.137
100.161
100.182
100.203
100.224
100.245
100.27
100.291
100.321
100.359
100.384
100.406
100.427
100.448
100.471
100.492
100.513
100.534
100.58
100.608
100.629
100.65
100.675
100.695
100.716
100.737
100.758
100.791
100.831
100.852
100.873
100.897
100.918
100.939
100.96
100.985
101.006
101.042
101.075
101.1
101.121
101.141
101.162
101.187
101.208
101.229
101.252
101.301
101.324
101.345
101.366
101.391
101.412
101.433
101.453
101.478
101.513
101.548
101.572
101.594
101.615
101.636
101.657
101.682
101.703
101.724
101.768
101.799
101.82
101.841
101.862
101.887
101.908
101.929
101.95
101.978
102.022
102.043
102.064
102.089
102.113
102.135
102.157
102.179
102.199
102.243
102.272
102.294
102.315
102.34
102.361
102.382
102.407
102.429
102.462
102.501
102.522
102.543
102.564
102.59
102.612
102.633
102.657
102.68
102.724
102.748
102.773
102.794
102.815
102.835
102.86
102.881
102.902
102.932
102.975
102.996
103.017
103.038
103.063
103.084
103.105
103.125
103.15
103.192
103.22
103.241
103.262
103.286
103.307
103.328
103.349
103.374
103.402
103.444
103.464
103.485
103.51
103.531
103.552
103.573
103.598
103.618
103.655
103.688
103.713
103.734
103.755
103.779
103.801
103.822
103.843
103.866
103.911
103.939
103.96
103.981
104.002
104.027
104.047
104.068
104.089
104.127
104.163
104.184
104.205
104.23
104.251
104.272
104.292
104.313
104.339
104.381
104.408
104.429
104.452
104.473
104.494
104.514
104.539
104.56
104.59
104.628
104.649
104.674
104.695
104.716
104.737
104.762
104.782
104.803
104.844
104.875
104.896
104.917
104.938
104.959
104.984
105.007
105.028
105.053
105.099
105.12
105.141
105.162
105.187
105.208
105.229
105.249
105.274
105.31
105.345
105.365
105.391
105.412
105.433
105.458
105.48
105.501
105.533
105.576
105.598
105.622
105.643
105.664
105.686
105.711
105.732
105.753
105.797
105.828
105.849
105.874
105.896
105.917
105.942
105.963
105.984
106.019
106.059
106.081
106.106
106.127
106.148
106.174
106.195
106.216
106.237
106.284
106.311
106.333
106.358
106.379
106.4
106.425
106.448
106.47
106.505
106.542
106.563
106.589
106.61
106.631
106.652
106.678
106.699
106.72
106.769
106.793
106.814
106.839
106.86
106.882
106.907
106.928
106.95
106.989
107.023
107.044
107.065
107.09
107.112
107.133
107.158
107.179
107.202
107.251
107.273
107.294
107.319
107.341
107.364
107.387
107.409
107.43
107.464
107.504
107.525
107.546
107.572
107.593
107.614
107.64
107.661
107.686
107.735
107.756
107.777
107.803
107.824
107.846
107.87
107.891
107.912
107.953
107.986
108.007
108.029
108.054
108.075
108.096
108.121
108.143
108.171
108.216
108.238
108.259
108.284
108.306
108.327
108.348
108.373
108.394
108.438
108.47
108.491
108.513
108.538
108.559
108.58
108.606
108.627
108.658
108.701
108.724
108.745
108.769
108.79
108.811
108.832
108.858
108.881
108.925
108.953
108.974
108.996
109.021
109.042
109.063
109.089
109.11
109.144
109.183
109.204
109.226
109.251
109.272
109.293
109.315
109.34
109.365
109.409
109.434
109.455
109.477
109.502
109.523
109.544
109.569
109.591
109.629
109.661
109.685
109.706
109.727
109.753
109.774
109.795
109.82
109.848
109.89
109.915
109.936
109.958
109.979
110.004
110.025
110.046
110.072
110.114
110.142
110.166
110.188
110.209
110.234
110.255
110.277
110.302
110.332
110.372
110.397
110.419
110.44
110.465
110.486
110.51
110.531
110.554
110.597
110.623
110.649
110.67
110.691
110.716
110.737
110.758
110.78
110.816
110.853
110.874
110.899
110.92
110.942
110.967
110.989
111.01
111.037
111.081
111.104
111.129
111.151
111.172
111.197
111.218
111.24
111.265
111.3
111.334
111.355
111.38
111.402
111.426
111.448
111.469
111.49
111.521
111.564
111.585
111.61
111.631
111.652
111.677
111.699
111.72
111.741
111.782
111.813
111.834
111.86
111.883
111.904
111.925
111.948
111.97
111.995
112.043
112.065
112.086
112.111
112.132
112.153
112.179
112.2
112.221
112.266
112.295
112.316
112.341
112.363
112.384
112.405
112.43
112.452
112.48
112.524
112.545
112.567
112.592
112.613
112.634
112.656
112.681
112.702
112.745
112.775
112.797
112.822
112.844
112.865
112.886
112.911
112.933
112.963
113.005
113.027
113.048
113.069
113.094
113.115
113.137
113.162
113.183
113.228
113.257
113.278
113.301
113.325
113.346
113.367
113.388
113.413
113.446
113.483
113.508
113.53
113.551
113.576
113.597
113.618
113.64
113.668
113.711
113.733
113.759
113.78
113.801
113.826
113.847
113.869
113.894
113.929
113.965
113.99
114.011
114.032
114.053
114.079
114.1
114.121
114.152
114.197
114.218
114.241
114.262
114.283
114.309
114.33
114.351
114.376
114.414
114.446
114.471
114.492
114.513
114.535
114.56
114.581
114.602
114.637
114.678
114.7
114.724
114.745
114.766
114.791
114.813
114.834
114.859
114.901
114.93
114.955
114.976
114.998
115.023
115.044
115.065
115.09
115.122
115.161
115.186
115.208
115.229
115.254
115.275
115.297
115.318
115.344
115.387
115.414
115.439
115.46
115.481
115.507
115.53
115.551
115.574
115.607
115.645
115.67
115.691
115.713
115.738
115.759
115.78
115.805
115.83
115.873
115.901
115.922
115.943
115.968
115.99
116.011
116.032
116.057
116.093
116.128
116.153
116.175
116.196
116.221
116.242
116.264
116.289
116.316
116.359
116.385
116.406
116.429
116.452
116.474
116.495
116.516
116.541
116.579
116.613
116.638
116.659
116.681
116.706
116.727
116.748
116.773
116.803
116.845
116.87
116.891
116.912
116.933
116.957
116.978
116.998
117.019
117.064
117.103
117.124
117.15
117.171
117.192
117.213
117.238
117.26
117.288
117.334
117.355
117.38
117.402
117.423
117.444
117.469
117.49
117.512
117.56
117.586
117.607
117.633
117.654
117.674
117.695
117.72
117.741
117.771
117.813
117.834
117.859
117.88
117.901
117.925
117.946
117.967
117.988
118.029
118.061
118.082
118.103
118.124
118.149
118.169
118.19
118.211
118.237
118.283
118.304
118.325
118.346
118.371
118.391
118.412
118.433
118.458
118.495
118.526
118.55
118.571
118.593
118.614
118.635
118.656
118.681
118.705
118.748
118.77
118.795
118.816
118.837
118.858
118.879
118.904
118.925
118.956
118.994
119.018
119.039
119.06
119.081
119.106
119.127
119.149
119.17
119.213
119.242
119.263
119.284
119.305
119.33
119.35
119.371
119.392
119.418
119.464
119.485
119.506
119.527
119.552
119.573
119.593
119.614
119.639
119.676
119.708
119.728
119.749
119.774
119.796
119.817
119.838
119.862
119.886
119.93
119.952
119.976
119.997
120.018
120.039
120.064
120.085
120.106
120.137
120.178
120.199
120.219
120.24
120.261
120.286
120.307
120.328
120.355
120.397
120.422
120.443
120.468
120.488
120.509
120.53
120.551
120.576
120.606
120.644
120.669
120.69
120.711
120.732
120.753
120.778
120.799
120.819
120.86
120.892
120.913
120.934
120.958
120.98
121.001
121.022
121.043
121.076
121.117
121.138
121.159
121.184
121.205
121.226
121.251
121.272
121.292
121.329
121.362
121.387
121.408
121.429
121.45
121.474
121.495
121.516
121.543
121.588
121.609
121.631
121.652
121.676
121.697
121.718
121.739
121.764
121.799
121.832
121.853
121.878
121.899
121.92
121.941
121.965
121.986
122.009
122.053
122.075
122.1
122.123
122.144
122.165
122.188
122.209
122.23
122.26
122.302
122.323
122.344
122.365
122.39
122.411
122.432
122.453
122.479
122.521
122.547
122.567
122.592
122.613
122.634
122.655
122.676
122.701
122.731
122.77
122.791
122.815
122.836
122.857
122.877
122.902
122.923
122.944
122.983
123.017
123.037
123.058
123.079
123.104
123.125
123.146
123.167
123.199
123.239
123.26
123.281
123.306
123.327
123.348
123.369
123.393
123.414
123.449
123.483
123.504
123.529
123.549
123.57
123.591
123.616
123.637
123.659
123.703
123.73
123.751
123.772
123.793
123.818
123.839
123.859
123.884
123.917
123.954
123.975
123.996
124.021
124.042
124.063
124.084
124.109
124.129
124.172
124.2
124.225
124.246
124.267
124.288
124.313
124.334
124.355
124.383
124.423
124.448
124.469
124.492
124.514
124.536
124.557
124.578
124.598
124.642
124.671
124.692
124.713
124.738
124.759
124.78
124.801
124.821
124.851
124.893
124.915
124.936
124.961
124.982
125.003
125.024
125.049
125.071
125.105
125.142
125.165
125.186
125.207
125.228
125.253
125.274
125.294
125.315
125.36
125.39
125.411
125.432
125.452
125.477
125.498
125.519
125.54
125.576
125.613
125.633
125.654
125.679
125.701
125.722
125.743
125.767
125.788
125.829
125.857
125.878
125.903
125.924
125.945
125.966
125.991
126.011
126.038
126.082
126.106
126.127
126.148
126.169
126.194
126.215
126.236
126.257
126.291
126.33
126.352
126.373
126.397
126.418
126.439
126.46
126.48
126.51
126.553
126.575
126.596
126.621
126.642
126.663
126.684
126.709
126.73
126.763
126.8
126.825
126.846
126.866
126.887
126.912
126.933
126.954
126.975
127.02
127.051
127.072
127.093
127.118
127.139
127.16
127.181
127.201
127.238
127.275
127.296
127.321
127.342
127.364
127.389
127.41
127.434
127.459
127.502
127.527
127.549
127.574
127.595
127.616
127.642
127.663
127.684
127.724
127.758
127.779
127.804
127.826
127.847
127.873
127.894
127.915
127.946
127.988
128.014
128.039
128.061
128.082
128.107
128.129
128.15
128.17
128.212
128.243
128.264
128.285
128.306
128.331
128.352
128.373
128.393
128.423
128.465
128.488
128.509
128.533
128.554
128.575
128.596
128.621
128.642
128.675
128.712
128.737
128.757
128.778
128.799
128.824
128.845
128.866
128.887
128.93
128.962
128.983
129.004
129.028
129.05
129.07
129.091
129.112
129.148
129.186
129.207
129.228
129.253
129.274
129.294
129.315
129.34
129.361
129.402
129.431
129.456
129.478
129.498
129.52
129.544
129.565
129.586
129.613
129.659
129.681
129.702
129.723
129.744
129.769
129.79
129.811
129.831
129.873
129.905
129.926
129.947
129.971
129.992
130.013
130.034
130.055
130.084
130.127
130.148
130.169
130.194
130.215
130.236
130.261
130.282
130.303
130.335
130.372
130.396
130.417
130.438
130.459
130.484
130.505
130.526
130.547
130.594
130.622
130.643
130.664
130.689
130.71
130.731
130.752
130.773
130.807
130.849
130.87
130.891
130.913
130.934
130.955
130.976
131.001
131.022
131.061
131.092
131.117
131.138
131.159
131.18
131.204
131.225
131.246
131.271
131.315
131.34
131.361
131.382
131.402
131.427
131.449
131.47
131.492
131.531
131.562
131.583
131.604
131.625
131.65
131.67
131.691
131.712
131.74
131.782
131.806
131.826
131.851
131.872
131.893
131.914
131.935
131.96
131.991
132.029
132.054
132.076
132.097
132.122
132.143
132.164
132.19
132.212
132.256
132.285
132.306
132.327
132.349
132.374
132.395
132.415
132.436
132.474
132.51
132.533
132.555
132.577
132.599
132.62
132.645
132.666
132.687
132.736
132.76
132.781
132.802
132.827
132.848
132.869
132.89
132.914
132.946
132.989
133.012
133.032
133.057
133.079
133.1
133.121
133.145
133.166
133.207
133.235
133.259
133.28
133.301
133.322
133.343
133.368
133.389
133.415
133.456
133.481
133.502
133.523
133.544
133.569
133.59
133.611
133.632
133.665
133.704
133.725
133.746
133.767
133.791
133.812
133.832
133.853
133.882
133.924
133.945
133.966
133.987
134.012
134.033
134.053
134.074
134.099
134.131
134.167
134.187
134.208
134.233
134.254
134.275
134.299
134.321
134.342
134.383
134.409
134.43
134.455
134.476
134.497
134.518
134.543
134.564
134.59
134.633
134.658
134.679
134.7
134.72
134.745
134.766
134.787
134.808
134.842
134.881
134.902
134.923
134.947
134.969
134.99
135.011
135.032
135.061
135.102
135.125
135.145
135.166
135.191
135.212
135.233
135.254
135.279
135.311
135.348
135.368
135.389
135.414
135.435
135.456
135.477
135.502
135.523
135.565
135.594
135.617
135.638
135.658
135.679
135.7
135.725
135.746
135.774
135.815
135.84
135.861
135.882
135.903
135.928
135.949
135.969
135.99
136.034
136.063
136.084
136.105
136.126
136.151
136.172
136.195
136.216
136.245
136.286
136.307
136.328
136.353
136.374
136.395
136.415
136.44
136.461
136.496
136.531
136.551
136.576
136.597
136.618
136.639
136.664
136.685
136.706
136.751
136.778
136.799
136.822
136.843
136.864
136.887
136.908
136.928
136.957
137
137.021
137.042
137.063
137.088
137.109
137.13
137.151
137.176
137.218
137.244
137.265
137.286
137.311
137.332
137.353
137.373
137.398
137.427
137.467
137.488
137.512
137.533
137.554
137.575
137.6
137.62
137.641
137.677
137.71
137.735
137.756
137.777
137.798
137.823
137.843
137.864
137.887
137.936
137.958
137.979
138
138.021
138.046
138.067
138.088
138.109
138.146
138.18
138.201
138.222
138.247
138.268
138.288
138.309
138.33
138.355
138.398
138.424
138.445
138.47
138.491
138.512
138.533
138.558
138.579
138.607
138.646
138.671
138.692
138.714
138.735
138.759
138.78
138.801
138.822
138.866
138.894
138.915
138.936
138.961
138.981
139.002
139.023
139.044
139.075
139.118
139.14
139.165
139.186
139.207
139.23
139.253
139.274
139.295
139.329
139.367
139.388
139.409
139.43
139.455
139.476
139.497
139.518
139.539
139.588
139.611
139.632
139.653
139.678
139.699
139.72
139.746
139.769
139.802
139.841
139.861
139.882
139.903
139.928
139.95
139.971
139.991
140.02
140.062
140.087
140.108
140.133
140.153
140.174
140.195
140.216
140.241
140.272
140.31
140.331
140.356
140.377
140.398
140.419
140.44
140.464
140.485
140.527
140.555
140.58
140.601
140.622
140.643
140.668
140.688
140.709
140.736
140.783
140.803
140.824
140.845
140.866
140.891
140.912
140.933
140.956
140.995
141.027
141.047
141.068
141.093
141.114
141.135
141.155
141.176
141.206
141.248
141.272
141.293
141.318
141.338
141.359
141.38
141.401
141.426
141.458
141.494
141.515
141.54
141.561
141.582
141.605
141.628
141.649
141.67
141.712
141.738
141.763
141.784
141.805
141.826
141.851
141.872
141.892
141.919
141.965
141.986
142.007
142.028
142.049
142.074
142.094
142.115
142.136
142.178
142.21
142.231
142.252
142.276
142.296
142.317
142.338
142.359
142.388
142.429
142.469
142.49
142.515
142.536
142.556
142.577
142.598
142.623
142.655
142.695
142.716
142.741
142.762
142.782
142.803
142.828
142.849
142.87
142.91
142.949
142.97
142.991
143.012
143.033
143.058
143.079
143.1
143.127
143.175
143.196
143.217
143.238
143.263
143.284
143.304
143.325
143.346
143.389
143.421
143.445
143.467
143.489
143.51
143.534
143.555
143.576
143.603
143.65
143.672
143.693
143.718
143.74
143.761
143.786
143.807
143.827
143.865
143.902
143.923
143.946
143.967
143.99
144.011
144.032
144.052
144.077
144.127
144.148
144.169
144.194
144.215
144.236
144.256
144.277
144.302
144.339
144.372
144.393
144.418
144.439
144.46
144.481
144.506
144.528
144.552
144.597
144.623
144.644
144.665
144.686
144.711
144.732
144.753
144.774
144.813
144.848
144.869
144.89
144.915
144.936
144.957
144.978
145.003
145.025
145.068
145.095
145.12
145.142
145.163
145.185
145.208
145.229
145.25
145.28
145.323
145.344
145.365
145.386
145.411
145.432
145.452
145.473
145.494
145.541
145.569
145.59
145.615
145.636
145.656
145.677
145.702
145.723
145.752
145.792
145.813
145.838
145.858
145.879
145.9
145.925
145.946
145.967
146.003
146.04
146.06
146.081
146.102
146.123
146.148
146.169
146.19
146.213
146.263
146.285
146.306
146.331
146.352
146.373
146.394
146.419
146.44
146.474
146.51
146.531
146.556
146.577
146.598
146.619
146.644
146.664
146.686
146.731
146.761
146.782
146.802
146.823
146.848
146.869
146.892
146.913
146.948
146.984
147.005
147.026
147.051
147.072
147.092
147.113
147.138
147.159
147.202
147.229
147.254
147.275
147.296
147.317
147.342
147.363
147.383
147.411
147.453
147.479
147.501
147.522
147.546
147.567
147.588
147.613
147.634
147.674
147.704
147.729
147.751
147.772
147.797
147.818
147.839
147.86
147.894
147.934
147.955
147.976
148.001
148.022
148.043
148.064
148.089
148.11
148.147
148.18
148.201
148.226
148.247
148.268
148.289
148.313
148.334
148.359
148.403
148.428
148.449
148.47
148.491
148.516
148.537
148.558
148.582
148.619
148.653
148.674
148.695
148.716
148.741
148.762
148.783
148.804
148.832
148.874
148.903
148.924
148.949
148.97
148.991
149.012
149.037
149.058
149.089
149.129
149.15
149.175
149.196
149.217
149.241
149.263
149.284
149.304
149.343
149.378
149.403
149.423
149.444
149.465
149.49
149.511
149.532
149.557
149.606
149.628
149.649
149.67
149.691
149.715
149.736
149.757
149.778
149.819
149.853
149.874
149.898
149.92
149.941
149.962
149.983
150.008
150.032
150.075
150.098
150.119
150.144
150.165
150.186
150.207
150.231
150.252
150.284
150.322
150.343
150.368
150.389
150.41
150.43
150.455
150.476
150.499
150.541
150.571
150.592
150.613
150.634
150.655
150.68
150.701
150.721
150.747
150.794
150.814
150.835
150.856
150.881
150.902
150.923
150.944
150.968
151.006
151.037
151.058
151.079
151.103
151.125
151.146
151.168
151.191
151.215
151.258
151.282
151.307
151.328
151.349
151.369
151.39
151.415
151.436
151.467
151.506
151.531
151.552
151.573
151.593
151.618
151.639
151.66
151.681
151.728
151.756
151.777
151.798
151.819
151.843
151.864
151.884
151.905
151.94
151.978
151.999
152.02
152.045
152.066
152.087
152.108
152.133
152.154
152.194
152.223
152.248
152.269
152.29
152.31
152.335
152.356
152.377
152.403
152.449
152.47
152.491
152.511
152.536
152.557
152.578
152.599
152.62
152.661
152.692
152.713
152.733
152.758
152.779
152.8
152.821
152.846
152.871
152.913
152.936
152.96
152.982
153.003
153.024
153.045
153.07
153.091
153.122
153.16
153.185
153.206
153.227
153.248
153.269
153.294
153.315
153.336
153.378
153.408
153.429
153.45
153.471
153.496
153.517
153.54
153.561
153.592
153.631
153.652
153.673
153.694
153.719
153.74
153.761
153.782
153.806
153.843
153.875
153.896
153.92
153.941
153.962
153.983
154.008
154.029
154.053
154.097
154.122
154.144
154.165
154.186
154.209
154.23
154.251
154.272
154.303
154.344
154.365
154.386
154.406
154.431
154.452
154.473
154.494
154.52
154.562
154.588
154.609
154.63
154.655
154.676
154.696
154.717
154.743
154.772
154.811
154.832
154.856
154.877
154.898
154.918
154.943
154.964
154.985
155.022
155.053
155.078
155.099
155.12
155.141
155.166
155.187
155.208
155.232
155.28
155.301
155.322
155.343
155.368
155.39
155.411
155.432
155.456
155.491
155.524
155.545
155.57
155.591
155.612
155.632
155.657
155.678
155.7
155.744
155.767
155.792
155.813
155.834
155.855
155.88
155.901
155.922
155.951
155.994
156.015
156.036
156.058
156.081
156.102
156.123
156.144
156.169
156.211
156.237
156.258
156.279
156.304
156.325
156.346
156.367
156.392
156.42
156.46
156.481
156.506
156.527
156.548
156.568
156.593
156.615
156.636
156.671
156.704
156.728
156.749
156.77
156.79
156.815
156.836
156.857
156.88
156.929
156.952
156.972
156.993
157.014
157.039
157.06
157.081
157.102
157.14
157.174
157.194
157.215
157.236
157.261
157.283
157.304
157.325
157.35
157.393
157.417
157.438
157.463
157.484
157.505
157.526
157.551
157.572
157.601
157.64
157.665
157.686
157.707
157.728
157.752
157.773
157.794
157.815
157.855
157.887
157.908
157.929
157.95
157.974
157.995
158.016
158.037
158.069
158.11
158.131
158.152
158.173
158.197
158.218
158.239
158.26
158.285
158.321
158.353
158.374
158.399
158.42
158.441
158.462
158.487
158.508
158.531
158.576
158.602
158.623
158.644
158.665
158.686
158.711
158.732
158.753
158.783
158.824
158.845
158.866
158.887
158.912
158.933
158.954
158.974
158.995
159.042
159.068
159.089
159.113
159.135
159.155
159.176
159.197
159.222
159.252
159.292
159.313
159.338
159.359
159.38
159.401
159.422
159.447
159.468
159.504
159.541
159.562
159.583
159.604
159.625
159.65
159.671
159.692
159.718
159.764
159.785
159.806
159.827
159.852
159.873
159.894
159.914
159.939
159.974
160.007
160.028
160.054
160.074
160.095
160.116
160.137
160.162
160.184
160.227
160.252
160.277
160.298
160.32
160.342
160.365
160.386
160.406
160.436
160.479
160.5
160.521
160.542
160.562
160.587
160.608
160.629
160.65
160.695
160.723
160.744
160.765
160.79
160.811
160.832
160.857
160.88
160.909
160.949
160.973
160.994
161.015
161.041
161.062
161.083
161.108
161.13
161.173
161.203
161.224
161.246
161.271
161.292
161.314
161.339
161.36
161.392
161.433
161.454
161.475
161.497
161.522
161.543
161.564
161.59
161.613
161.658
161.685
161.706
161.727
161.752
161.775
161.797
161.82
161.841
161.876
161.915
161.936
161.957
161.983
162.004
162.025
162.051
162.072
162.097
162.145
162.166
162.187
162.213
162.234
162.256
162.277
162.302
162.323
162.364
162.396
162.417
162.439
162.464
162.485
162.506
162.532
162.553
162.581
162.626
162.647
162.671
162.693
162.715
162.736
162.757
162.783
162.804
162.847
162.879
162.901
162.922
162.947
162.968
162.989
163.01
163.035
163.065
163.105
163.126
163.151
163.173
163.194
163.215
163.238
163.259
163.28
163.321
163.354
163.375
163.396
163.417
163.442
163.463
163.484
163.505
163.537
163.578
163.599
163.62
163.645
163.666
163.686
163.707
163.732
163.754
163.79
163.823
163.847
163.868
163.889
163.91
163.931
163.957
163.978
164.002
164.051
164.074
164.095
164.116
164.141
164.162
164.183
164.204
164.228
164.264
164.299
164.32
164.345
164.367
164.388
164.409
164.433
164.454
164.476
164.521
164.55
164.57
164.591
164.612
164.637
164.658
164.679
164.7
164.738
164.773
164.794
164.815
164.84
164.861
164.882
164.903
164.928
164.949
164.992
165.019
165.04
165.064
165.085
165.106
165.126
165.151
165.172
165.2
165.242
165.263
165.288
165.309
165.329
165.35
165.375
165.396
165.417
165.452
165.491
165.512
165.532
165.553
165.578
165.6
165.621
165.642
165.665
165.713
165.736
165.757
165.778
165.803
165.824
165.844
165.865
165.89
165.924
165.96
165.981
166.006
166.027
166.047
166.068
166.089
166.114
166.135
166.178
166.205
166.23
166.252
166.273
166.294
166.315
166.338
166.359
166.388
166.429
166.454
166.475
166.496
166.517
166.541
166.562
166.583
166.604
166.647
166.677
166.698
166.719
166.74
166.765
166.785
166.806
166.827
166.858
166.9
166.922
166.943
166.968
166.989
167.01
167.031
167.052
167.076
167.11
167.147
167.168
167.193
167.213
167.234
167.255
167.276
167.301
167.322
167.365
167.392
167.417
167.438
167.459
167.479
167.504
167.525
167.546
167.575
167.619
167.64
167.661
167.682
167.706
167.727
167.748
167.769
167.79
167.834
167.863
167.883
167.904
167.929
167.95
167.971
167.992
168.017
168.043
168.086
168.106
168.131
168.152
168.173
168.194
168.215
168.24
168.261
168.294
168.33
168.35
168.375
168.396
168.417
168.438
168.463
168.484
168.505
168.548
168.573
168.598
168.619
168.64
168.661
168.686
168.706
168.727
168.756
168.8
168.82
168.842
168.862
168.887
168.908
168.929
168.95
168.971
169.015
169.043
169.063
169.084
169.105
169.13
169.151
169.172
169.192
169.224
169.265
169.286
169.307
169.332
169.352
169.373
169.394
169.418
169.44
169.475
169.509
169.529
169.554
169.575
169.596
169.617
169.638
169.663
169.684
169.728
169.752
169.777
169.798
169.819
169.84
169.865
169.886
169.906
169.935
169.979
170
170.023
170.044
170.067
170.088
170.108
170.129
170.15
170.195
170.224
170.245
170.27
170.291
170.312
170.333
170.354
170.379
170.406
170.448
170.469
170.494
170.515
170.535
170.557
170.581
170.603
170.624
170.66
170.698
170.719
170.74
170.761
170.786
170.806
170.827
170.848
170.879
170.92
170.942
170.963
170.988
171.009
171.03
171.051
171.076
171.097
171.131
171.166
171.191
171.212
171.233
171.255
171.279
171.3
171.321
171.342
171.387
171.416
171.437
171.457
171.478
171.503
171.524
171.545
171.566
171.603
171.64
171.66
171.681
171.706
171.727
171.748
171.772
171.794
171.815
171.856
171.884
171.905
171.93
171.951
171.972
171.993
172.018
172.038
172.068
172.109
172.13
172.154
172.175
172.196
172.217
172.242
172.263
172.284
172.319
172.358
172.379
172.402
172.423
172.444
172.467
172.488
172.509
172.532
172.581
172.602
172.623
172.644
172.669
172.69
172.711
172.732
172.757
172.791
172.825
172.846
172.871
172.891
172.912
172.933
172.958
172.979
173.003
173.046
173.07
173.093
173.114
173.135
173.156
173.181
173.202
173.222
173.252
173.294
173.315
173.336
173.357
173.378
173.403
173.424
173.445
173.466
173.511
173.54
173.561
173.582
173.607
173.629
173.65
173.671
173.694
173.722
173.765
173.787
173.808
173.833
173.854
173.875
173.896
173.921
173.942
173.977
174.018
174.043
174.064
174.085
174.105
174.13
174.151
174.172
174.195
174.244
174.275
174.296
174.317
174.341
174.362
174.383
174.404
174.425
174.463
174.504
174.525
174.546
174.571
174.592
174.613
174.634
174.659
174.681
174.721
174.756
174.78
174.801
174.822
174.847
174.868
174.889
174.91
174.939
174.988
175.011
175.032
175.053
175.074
175.099
175.12
175.14
175.161
175.205
175.247
175.269
175.29
175.315
175.336
175.357
175.378
175.402
175.43
175.475
175.496
175.517
175.539
175.56
175.581
175.602
175.627
175.648
175.683
175.716
175.741
175.762
175.783
175.804
175.825
175.85
175.871
175.893
175.938
175.966
175.987
176.008
176.029
176.054
176.075
176.098
176.119
176.154
176.191
176.212
176.233
176.258
176.279
176.3
176.32
176.345
176.366
176.408
176.436
176.457
176.482
176.503
176.524
176.545
176.57
176.591
176.62
176.661
176.686
176.707
176.728
176.751
176.772
176.795
176.816
176.837
176.872
176.91
176.931
176.952
176.973
176.997
177.019
177.039
177.06
177.092
177.133
177.154
177.175
177.2
177.221
177.242
177.263
177.287
177.308
177.345
177.379
177.4
177.423
177.444
177.464
177.485
177.51
177.532
177.554
177.602
177.625
177.647
177.668
177.693
177.714
177.735
177.756
177.781
177.814
177.852
177.878
177.899
177.92
177.941
177.965
177.987
178.008
178.036
178.079
178.104
178.129
178.15
178.17
178.192
178.217
178.238
178.259
178.299
178.333
178.355
178.38
178.401
178.422
178.443
178.464
178.488
178.51
178.554
178.579
178.604
178.625
178.646
178.667
178.692
178.712
178.733
178.763
178.803
178.827
178.848
178.869
178.89
178.915
178.936
178.957
178.978
179.023
179.053
179.074
179.095
179.12
179.141
179.162
179.183
179.208
179.237
179.278
179.298
179.323
179.344
179.365
179.386
179.411
179.432
179.453
179.489
179.526
179.547
179.568
179.589
179.613
179.635
179.655
179.676
179.7
179.749
179.771
179.792
179.813
179.838
179.859
179.88
179.901
179.926
179.961
179.996
180.017
180.042
180.062
180.083
180.104
180.125
180.15
180.172
180.216
180.244
180.266
180.287
180.308
180.329
180.354
180.374
180.395
180.424
180.47
180.491
180.512
180.532
180.557
180.578
180.599
180.62
180.645
180.687
180.716
180.737
180.762
180.783
180.806
180.827
180.849
180.87
180.898
180.94
180.965
180.986
181.007
181.028
181.053
181.074
181.095
181.115
181.158
181.189
181.21
181.231
181.256
181.277
181.298
181.318
181.339
181.369
181.414
181.437
181.46
181.481
181.501
181.522
181.543
181.568
181.589
181.622
181.66
181.685
181.706
181.727
181.748
181.772
181.793
181.814
181.836
181.885
181.911
181.932
181.953
181.978
182
182.021
182.042
182.066
182.098
182.136
182.157
182.182
182.203
182.224
182.244
182.269
182.29
182.311
182.356
182.388
182.409
182.43
182.451
182.476
182.496
182.517
182.538
182.573
182.612
182.633
182.654
182.679
182.7
182.72
182.741
182.766
182.787
182.827
182.856
182.88
182.901
182.922
182.943
182.964
182.989
183.01
183.035
183.079
183.104
183.125
183.148
183.169
183.191
183.212
183.233
183.254
183.295
183.327
183.347
183.368
183.393
183.414
183.435
183.456
183.481
183.505
183.549
183.572
183.596
183.618
183.639
183.659
183.685
183.707
183.728
183.76
183.8
183.821
183.841
183.862
183.887
183.908
183.929
183.95
183.977
184.02
184.045
184.066
184.091
184.112
184.132
184.153
184.178
184.199
184.229
184.268
184.289
184.314
184.335
184.356
184.377
184.401
184.422
184.443
184.484
184.516
184.537
184.558
184.579
184.6
184.624
184.645
184.666
184.691
184.739
184.759
184.78
184.801
184.826
184.847
184.868
184.893
184.914
184.951
184.983
185.008
185.029
185.051
185.076
185.097
185.118
185.143
185.171
185.212
185.237
185.259
185.28
185.301
185.326
185.349
185.37
185.394
185.435
185.463
185.488
185.509
185.53
185.556
185.577
185.598
185.619
185.654
185.693
185.714
185.74
185.761
185.782
185.808
185.829
185.85
185.876
185.918
185.945
185.966
185.991
186.013
186.034
186.059
186.08
186.102
186.139
186.175
186.196
186.221
186.242
186.267
186.289
186.31
186.332
186.36
186.403
186.427
186.452
186.473
186.494
186.52
186.541
186.562
186.583
186.624
186.656
186.677
186.702
186.725
186.746
186.77
186.791
186.813
186.844
186.887
186.908
186.933
186.954
186.975
186.996
187.022
187.043
187.064
187.107
187.137
187.158
187.183
187.205
187.226
187.251
187.272
187.293
187.32
187.368
187.389
187.41
187.435
187.457
187.478
187.503
187.524
187.545
187.591
187.621
187.645
187.668
187.689
187.71
187.736
187.757
187.778
187.806
187.851
187.872
187.893
187.919
187.94
187.961
187.986
188.008
188.029
188.078
188.104
188.126
188.15
188.171
188.192
188.217
188.238
188.26
188.299
188.333
188.354
188.379
188.4
188.421
188.442
188.468
188.489
188.514
188.561
188.584
188.605
188.631
188.652
188.673
188.698
188.719
188.74
188.781
188.815
188.836
188.861
188.883
188.904
188.925
188.95
188.973
188.997
189.044
189.067
189.088
189.113
189.135
189.156
189.181
189.202
189.224
189.267
189.297
189.318
189.344
189.365
189.386
189.411
189.433
189.454
189.489
189.529
189.55
189.575
189.597
189.618
189.643
189.664
189.685
189.706
189.753
189.782
189.803
189.828
189.852
189.873
189.896
189.917
189.938
189.976
190.013
190.034
190.059
190.081
190.102
190.127
190.148
190.17
190.191
190.24
190.265
190.286
190.312
190.333
190.355
190.379
190.4
190.421
190.461
190.494
190.515
190.541
190.562
190.583
190.609
190.63
190.651
190.682
190.724
190.748
190.771
190.792
190.813
190.834
190.86
190.881
190.902
190.945
190.976
190.997
191.023
191.044
191.065
191.09
191.111
191.133
191.167
191.21
191.24
191.264
191.286
191.307
191.328
191.353
191.374
191.395
191.442
191.47
191.491
191.516
191.538
191.559
191.584
191.605
191.63
191.664
191.7
191.722
191.747
191.768
191.79
191.815
191.836
191.857
191.885
191.928
191.954
191.979
192
192.022
192.047
192.068
192.091
192.115
192.15
192.186
192.211
192.232
192.253
192.275
192.3
192.321
192.342
192.373
192.414
192.45
192.475
192.496
192.517
192.538
192.559
192.584
192.605
192.64
192.676
192.7
192.721
192.742
192.763
192.788
192.809
192.83
192.85
192.9
192.923
192.944
192.965
192.99
193.011
193.032
193.053
193.078
193.11
193.146
193.167
193.192
193.213
193.234
193.255
193.276
193.301
193.322
193.365
193.398
193.418
193.439
193.46
193.485
193.506
193.527
193.548
193.582
193.622
193.643
193.664
193.689
193.709
193.73
193.751
193.776
193.797
193.834
193.868
193.892
193.913
193.934
193.955
193.976
194.001
194.021
194.046
194.091
194.118
194.139
194.16
194.181
194.206
194.227
194.247
194.268
194.309
194.343
194.364
194.388
194.41
194.431
194.451
194.472
194.497
194.521
194.565
194.593
194.614
194.635
194.656
194.681
194.702
194.723
194.744
194.775
194.818
194.839
194.86
194.881
194.906
194.927
194.95
194.971
194.995
195.039
195.065
195.089
195.11
195.131
195.152
195.177
195.198
195.219
195.249
195.292
195.312
195.333
195.354
195.379
195.4
195.421
195.442
195.462
195.51
195.538
195.559
195.582
195.603
195.624
195.645
195.666
195.691
195.719
195.761
195.786
195.807
195.828
195.848
195.869
195.894
195.915
195.936
195.972
196.01
196.03
196.051
196.072
196.097
196.119
196.14
196.161
196.191
196.233
196.254
196.275
196.3
196.321
196.341
196.362
196.387
196.408
196.443
196.478
196.499
196.523
196.544
196.565
196.586
196.611
196.632
196.653
196.697
196.723
196.749
196.77
196.791
196.812
196.836
196.857
196.878
196.907
196.951
196.972
196.993
197.014
197.038
197.059
197.08
197.101
197.122
197.167
197.196
197.216
197.237
197.262
197.283
197.304
197.325
197.35
197.378
197.421
197.442
197.463
197.486
197.507
197.528
197.548
197.573
197.594
197.629
197.664
197.689
197.71
197.731
197.752
197.777
197.798
197.819
197.841
197.886
197.913
197.933
197.954
197.975
198
198.021
198.044
198.066
198.102
198.139
198.16
198.18
198.201
198.226
198.247
198.268
198.289
198.314
198.356
198.389
198.409
198.434
198.455
198.476
198.497
198.522
198.543
198.571
198.613
198.634
198.658
198.681
198.702
198.723
198.746
198.767
198.788
198.824
198.863
198.884
198.905
198.926
198.951
198.972
198.993
199.014
199.045
199.087
199.116
199.137
199.162
199.183
199.203
199.224
199.245
199.271
199.305
199.343
199.364
199.388
199.409
199.43
199.451
199.476
199.496
199.518
199.559
199.598
199.619
199.64
199.661
199.685
199.706
199.727
199.748
199.776
199.824
199.845
199.866
199.887
199.912
199.932
199.954
199.975
199.999
200.039
200.073
200.094
200.119
200.14
200.161
200.182
200.207
200.228
200.255
200.299
200.322
200.347
200.368
200.388
200.409
200.434
200.455
200.476
200.511
200.551
200.572
200.593
200.614
200.635
200.66
200.681
200.701
200.724
200.773
200.801
200.821
200.842
200.863
200.888
200.909
200.93
200.951
200.988
201.025
201.046
201.067
201.092
201.112
201.133
201.157
201.179
201.2
201.241
201.274
201.295
201.32
201.341
201.362
201.383
201.408
201.429
201.456
201.5
201.524
201.545
201.566
201.587
201.612
201.633
201.654
201.674
201.71
201.748
201.769
201.79
201.814
201.835
201.856
201.877
201.898
201.929
201.971
201.993
202.014
202.039
202.059
202.08
202.101
202.122
202.147
202.181
202.217
202.238
202.262
202.283
202.304
202.325
202.35
202.371
202.392
202.439
202.467
202.488
202.509
202.53
202.555
202.576
202.597
202.618
202.654
202.691
202.712
202.732
202.753
202.778
202.799
202.82
202.84
202.865
202.906
202.935
202.956
202.981
203.001
203.024
203.045
203.068
203.089
203.116
203.159
203.183
203.204
203.225
203.246
203.267
203.292
203.312
203.333
203.368
203.406
203.427
203.448
203.469
203.49
203.515
203.535
203.556
203.579
203.628
203.65
203.671
203.692
203.716
203.737
203.758
203.778
203.803
203.837
203.872
203.893
203.914
203.939
203.96
203.98
204.001
204.026
204.047
204.09
204.116
204.141
204.162
204.183
204.204
204.228
204.249
204.271
204.299
204.34
204.364
204.385
204.406
204.427
204.452
204.472
204.493
204.515
204.558
204.587
204.608
204.629
204.653
204.674
204.695
204.716
204.741
204.768
204.81
204.833
204.855
204.876
204.897
204.918
204.939
204.964
204.985
205.019
205.053
205.078
205.099
205.12
205.141
205.165
205.186
205.207
205.229
205.278
205.301
205.322
205.342
205.368
205.388
205.411
205.432
205.453
205.488
205.524
205.545
205.566
205.591
205.611
205.632
205.653
205.678
205.699
205.742
205.769
205.79
205.815
205.836
205.857
205.878
205.903
205.924
205.951
205.992
206.017
206.039
206.06
206.081
206.105
206.126
206.147
206.168
206.211
206.24
206.261
206.282
206.303
206.327
206.348
206.369
206.39
206.421
206.462
206.483
206.504
206.529
206.55
206.57
206.591
206.612
206.637
206.672
206.707
206.728
206.751
206.772
206.793
206.814
206.839
206.86
206.881
206.925
206.951
206.976
206.997
207.017
207.038
207.063
207.084
207.105
207.133
207.178
207.199
207.22
207.24
207.265
207.286
207.307
207.328
207.349
207.392
207.422
207.443
207.464
207.489
207.51
207.531
207.552
207.572
207.604
207.646
207.667
207.688
207.713
207.734
207.755
207.776
207.8
207.821
207.856
207.895
207.916
207.937
207.958
207.979
208.004
208.025
208.045
208.068
208.112
208.14
208.162
208.183
208.208
208.229
208.25
208.271
208.296
208.33
208.364
208.389
208.411
208.434
208.455
208.478
208.5
208.521
208.55
208.593
208.615
208.64
208.662
208.683
208.709
208.73
208.751
208.772
208.813
208.845
208.866
208.891
208.913
208.935
208.956
208.981
209.002
209.026
209.076
209.097
209.118
209.143
209.164
209.185
209.206
209.232
209.253
209.289
209.328
209.349
209.37
209.394
209.416
209.437
209.459
209.484
209.511
209.554
209.579
209.6
209.621
209.642
209.667
209.688
209.708
209.729
209.772
209.814
209.838
209.858
209.883
209.904
209.925
209.948
209.969
209.997
210.039
210.061
210.082
210.106
210.127
210.148
210.169
210.19
210.215
210.247
210.284
210.305
210.33
210.35
210.371
210.392
210.417
210.438
210.459
210.502
210.529
210.554
210.575
210.599
210.62
210.642
210.663
210.683
210.711
210.759
210.78
210.801
210.821
210.842
210.867
210.888
210.909
210.93
210.973
211.002
211.023
211.044
211.069
211.09
211.11
211.131
211.156
211.182
211.224
211.248
211.269
211.292
211.313
211.333
211.354
211.379
211.4
211.434
211.469
211.494
211.515
211.536
211.556
211.577
211.602
211.623
211.644
211.689
211.718
211.739
211.76
211.781
211.806
211.827
211.847
211.871
211.9
211.941
211.962
211.983
212.004
212.029
212.05
212.071
212.092
212.116
212.158
212.187
212.208
212.233
212.254
212.274
212.295
212.316
212.341
212.369
212.41
212.431
212.456
212.477
212.5
212.521
212.542
212.565
212.586
212.62
212.659
212.68
212.702
212.727
212.748
212.769
212.791
212.816
212.842
212.885
212.911
212.932
212.953
212.978
213
213.021
213.046
213.067
213.108
213.141
213.163
213.184
213.209
213.23
213.252
213.277
213.298
213.327
213.371
213.392
213.413
213.437
213.459
213.481
213.502
213.527
213.548
213.592
213.621
213.642
213.664
213.689
213.71
213.731
213.756
213.778
213.81
213.848
213.874
213.896
213.917
213.941
213.962
213.983
214.008
214.031
214.076
214.104
214.126
214.147
214.172
214.193
214.214
214.239
214.261
214.295
214.335
214.356
214.377
214.403
214.424
214.445
214.466
214.491
214.516
214.56
214.586
214.607
214.629
214.654
214.675
214.696
214.721
214.743
214.781
214.815
214.839
214.86
214.885
214.906
214.927
214.949
214.974
215.001
215.046
215.071
215.092
215.113
215.138
215.16
215.181
215.206
215.228
215.269
215.302
215.324
215.345
215.366
215.391
215.413
215.434
215.459
215.49
215.529
215.554
215.575
215.596
215.621
215.642
215.663
215.683
215.707
215.75
215.777
215.798
215.819
215.844
215.865
215.886
215.906
215.927
215.96
216
216.021
216.042
216.067
216.087
216.108
216.129
216.154
216.175
216.21
216.245
216.266
216.291
216.312
216.333
216.357
216.379
216.4
216.423
216.467
216.495
216.516
216.537
216.558
216.583
216.604
216.625
216.646
216.684
216.72
216.741
216.762
216.786
216.807
216.828
216.849
216.874
216.895
216.939
216.969
216.99
217.013
217.034
217.055
217.076
217.101
217.122
217.151
217.192
217.217
217.238
217.259
217.28
217.3
217.325
217.346
217.367
217.407
217.44
217.461
217.482
217.503
217.528
217.549
217.57
217.591
217.622
217.664
217.685
217.706
217.731
217.752
217.773
217.794
217.818
217.839
217.874
217.909
217.934
217.955
217.976
217.997
218.018
218.042
218.063
218.086
218.13
218.158
218.179
218.2
218.221
218.242
218.266
218.287
218.308
218.337
218.382
218.403
218.424
218.444
218.469
218.49
218.511
218.532
218.557
218.599
218.628
218.649
218.674
218.694
218.715
218.739
218.76
218.782
218.81
218.853
218.874
218.899
218.92
218.941
218.962
218.987
219.007
219.028
219.064
219.103
219.124
219.144
219.165
219.186
219.211
219.232
219.253
219.276
219.325
219.346
219.367
219.391
219.413
219.434
219.455
219.475
219.5
219.535
219.569
219.59
219.611
219.636
219.657
219.678
219.698
219.723
219.745
219.788
219.813
219.834
219.859
219.879
219.9
219.921
219.946
219.967
219.996
220.038
220.06
220.081
220.102
220.123
220.144
220.168
220.189
220.21
220.246
220.283
220.304
220.325
220.345
220.366
220.391
220.412
220.433
220.456
220.505
220.528
220.549
220.57
220.595
220.616
220.637
220.66
220.681
220.717
220.752
220.773
220.794
220.819
220.839
220.86
220.881
220.906
220.928
220.971
220.997
221.018
221.043
221.064
221.085
221.106
221.13
221.151
221.18
221.221
221.242
221.267
221.289
221.31
221.331
221.354
221.375
221.396
221.436
221.468
221.489
221.51
221.531
221.556
221.577
221.597
221.618
221.642
221.691
221.712
221.733
221.754
221.779
221.799
221.82
221.841
221.862
221.901
221.936
221.957
221.978
222.003
222.023
222.044
222.065
222.09
222.112
222.156
222.181
222.206
222.227
222.248
222.269
222.294
222.315
222.336
222.366
222.409
222.43
222.451
222.475
222.496
222.517
222.538
222.559
222.584
222.627
222.656
222.677
222.702
222.723
222.744
222.764
222.789
222.81
222.838
222.88
222.905
222.926
222.947
222.967
222.992
223.013
223.036
223.057
223.093
223.128
223.149
223.17
223.195
223.216
223.236
223.257
223.278
223.308
223.351
223.374
223.395
223.42
223.441
223.462
223.483
223.507
223.528
223.562
223.597
223.622
223.643
223.664
223.687
223.708
223.731
223.751
223.773
223.823
223.845
223.865
223.886
223.911
223.932
223.953
223.974
223.995
224.032
224.068
224.089
224.11
224.135
224.156
224.177
224.198
224.223
224.244
224.288
224.314
224.337
224.358
224.379
224.401
224.426
224.447
224.469
224.505
224.543
224.564
224.589
224.61
224.631
224.652
224.677
224.698
224.718
224.76
224.788
224.814
224.835
224.856
224.877
224.901
224.922
224.942
224.969
225.016
225.037
225.058
225.079
225.1
225.124
225.145
225.166
225.187
225.229
225.26
225.281
225.302
225.327
225.348
225.368
225.389
225.413
225.439
225.481
225.504
225.525
225.55
225.571
225.592
225.613
225.638
225.659
225.691
225.727
225.752
225.773
225.794
225.815
225.835
225.86
225.881
225.902
225.945
225.975
225.995
226.018
226.039
226.06
226.083
226.104
226.125
226.151
226.198
226.219
226.239
226.26
226.281
226.306
226.327
226.348
226.369
226.411
226.442
226.463
226.484
226.509
226.53
226.551
226.572
226.597
226.623
226.666
226.689
226.713
226.734
226.755
226.776
226.797
226.821
226.842
226.874
226.912
226.937
226.958
226.979
226.999
227.02
227.045
227.066
227.087
227.126
227.165
227.186
227.207
227.228
227.253
227.274
227.295
227.316
227.343
227.39
227.411
227.432
227.453
227.478
227.499
227.519
227.54
227.565
227.603
227.638
227.659
227.684
227.705
227.726
227.747
227.767
227.792
227.818
227.861
227.889
227.914
227.934
227.955
227.976
228.001
228.022
228.043
228.076
228.119
228.14
228.161
228.182
228.202
228.227
228.248
228.269
228.29
228.338
228.369
228.39
228.411
228.435
228.456
228.477
228.501
228.522
228.554
228.595
228.615
228.636
228.662
228.683
228.704
228.729
228.75
228.771
228.818
228.846
228.867
228.888
228.913
228.934
228.955
228.975
229
229.03
229.072
229.093
229.114
229.137
229.157
229.178
229.199
229.224
229.245
229.282
229.313
229.334
229.359
229.38
229.401
229.422
229.447
229.467
229.491
229.535
229.561
229.582
229.603
229.624
229.645
229.669
229.692
229.713
229.744
229.784
229.805
229.826
229.847
229.871
229.893
229.913
229.934
229.96
230.002
230.029
230.05
230.075
230.096
230.116
230.137
230.158
230.183
230.211
230.254
230.274
230.299
230.321
230.342
230.363
230.387
230.408
230.429
230.464
230.499
230.524
230.545
230.566
230.586
230.611
230.632
230.653
230.676
230.72
230.747
230.768
230.789
230.809
230.834
230.855
230.876
230.897
230.935
230.969
230.99
231.011
231.032
231.056
231.077
231.098
231.119
231.145
231.188
231.215
231.235
231.26
231.281
231.302
231.323
231.348
231.368
231.398
231.44
231.461
231.485
231.506
231.527
231.551
231.573
231.594
231.615
231.652
231.688
231.713
231.734
231.755
231.776
231.801
231.821
231.842
231.867
231.916
231.938
231.959
231.984
232.005
232.027
232.048
232.073
232.094
232.13
232.169
232.19
232.211
232.236
232.258
232.279
232.3
232.325
232.353
232.395
232.42
232.441
232.463
232.488
232.509
232.53
232.556
232.576
232.619
232.649
232.672
232.693
232.714
232.739
232.761
232.782
232.807
232.837
232.875
232.896
232.917
232.942
232.963
232.984
233.009
233.03
233.052
233.097
233.127
233.148
233.169
233.193
233.214
233.234
233.255
233.281
233.309
233.35
233.371
233.396
233.417
233.438
233.458
233.483
233.504
233.525
233.56
233.595
233.62
233.641
233.662
233.687
233.708
233.729
233.75
233.773
233.822
233.845
233.866
233.887
233.912
233.932
233.953
233.974
233.999
234.034
234.068
234.089
234.114
234.135
234.156
234.177
234.202
234.223
234.244
234.288
234.316
234.338
234.358
234.379
234.4
234.425
234.446
234.467
234.496
234.54
234.561
234.582
234.603
234.624
234.649
234.67
234.69
234.711
234.756
234.786
234.807
234.828
234.853
234.874
234.895
234.918
234.94
234.969
235.01
235.03
235.051
235.076
235.097
235.118
235.139
235.163
235.184
235.22
235.254
235.278
235.299
235.32
235.341
235.362
235.387
235.408
235.431
235.476
235.502
235.523
235.546
235.567
235.59
235.611
235.632
235.652
235.683
235.726
235.747
235.768
235.789
235.814
235.835
235.856
235.876
235.902
235.944
235.97
235.991
236.015
236.036
236.057
236.078
236.099
236.124
236.154
236.194
236.215
236.238
236.259
236.28
236.301
236.326
236.347
236.368
236.404
236.441
236.462
236.483
236.504
236.529
236.55
236.571
236.592
236.614
236.665
236.687
236.708
236.733
236.754
236.775
236.796
236.817
236.841
236.876
236.912
236.933
236.958
236.978
236.999
237.02
237.041
237.066
237.088
237.132
237.162
237.183
237.204
237.225
237.25
237.271
237.292
237.312
237.35
237.386
237.407
237.428
237.449
237.473
237.494
237.515
237.536
237.561
237.602
237.631
237.652
237.677
237.698
237.718
237.739
237.76
237.785
237.813
237.855
237.88
237.901
237.922
237.948
237.969
237.99
238.016
238.037
238.079
238.106
238.131
238.152
238.173
238.194
238.218
238.239
238.26
238.287
238.333
238.354
238.376
238.401
238.424
238.445
238.468
238.49
238.511
238.557
238.586
238.607
238.628
238.654
238.675
238.696
238.721
238.742
238.776
238.821
238.853
238.874
238.899
238.921
238.942
238.967
238.988
239.009
239.059
239.083
239.104
239.129
239.15
239.171
239.197
239.218
239.239
239.279
239.313
239.336
239.358
239.381
239.402
239.423
239.448
239.469
239.492
239.543
239.568
239.589
239.614
239.635
239.657
239.682
239.703
239.724
239.768
239.797
239.819
239.843
239.864
239.886
239.911
239.932
239.953
239.987
240.027
240.048
240.074
240.095
240.116
240.137
240.162
240.186
240.208
240.251
240.28
240.302
240.327
240.348
240.37
240.395
240.416
240.437
240.473
240.511
240.533
240.558
240.578
240.599
240.62
240.645
240.667
240.688
240.731
240.761
240.782
240.803
240.824
240.845
240.87
240.891
240.912
240.938
240.985
241.006
241.027
241.047
241.072
241.093
241.114
241.135
241.16
241.198
241.228
241.249
241.27
241.295
241.316
241.337
241.358
241.382
241.408
241.451
241.473
241.498
241.518
241.539
241.56
241.585
241.606
241.627
241.659
241.701
241.722
241.742
241.763
241.788
241.809
241.83
241.851
241.876
241.92
241.947
241.968
241.989
242.013
242.034
242.055
242.076
242.101
242.131
242.17
242.191
242.216
242.237
242.258
242.279
242.303
242.324
242.345
242.383
242.416
242.441
242.462
242.485
242.506
242.528
242.549
242.57
242.595
242.643
242.664
242.685
242.706
242.731
242.752
242.772
242.793
242.814
242.855
242.886
242.907
242.928
242.953
242.974
242.995
243.015
243.04
243.067
243.11
243.132
243.155
243.176
243.197
243.218
243.243
243.264
243.284
243.317
243.354
243.378
243.399
243.42
243.441
243.466
243.487
243.508
243.528
243.576
243.603
243.624
243.644
243.665
243.691
243.712
243.733
243.754
243.788
243.826
243.847
243.868
243.893
243.914
243.934
243.955
243.976
244.001
244.039
244.072
244.093
244.118
244.139
244.159
244.18
244.205
244.226
244.251
244.295
244.321
244.342
244.363
244.384
244.405
244.43
244.45
244.471
244.504
244.546
244.567
244.588
244.609
244.634
244.655
244.675
244.696
244.724
244.767
244.791
244.816
244.837
244.858
244.881
244.903
244.924
244.945
244.976
245.014
245.039
245.059
245.08
245.101
245.126
245.146
245.167
245.188
245.235
245.263
245.284
245.305
245.33
245.351
245.371
245.392
245.415
245.446
245.487
245.511
245.533
245.554
245.575
245.596
245.621
245.641
245.662
245.699
245.738
245.758
245.779
245.8
245.825
245.846
245.867
245.887
245.912
245.961
245.982
246.003
246.025
246.048
246.071
246.092
246.113
246.136
246.172
246.206
246.232
246.253
246.274
246.299
246.321
246.342
246.367
246.395
246.437
246.462
246.483
246.504
246.53
246.551
246.572
246.594
246.619
246.659
246.687
246.713
246.734
246.755
246.78
246.801
246.823
246.848
246.878
246.918
246.943
246.964
246.988
247.011
247.032
247.053
247.074
247.1
247.144
247.171
247.196
247.217
247.239
247.264
247.285
247.307
247.332
247.365
247.402
247.428
247.45
247.472
247.496
247.517
247.538
247.563
247.588
247.633
247.661
247.683
247.704
247.729
247.75
247.772
247.797
247.818
247.854
247.887
247.912
247.933
247.953
247.974
247.999
248.02
248.041
248.063
248.112
248.134
248.155
248.176
248.197
248.222
248.243
248.263
248.284
248.322
248.357
248.378
248.399
248.42
248.445
248.465
248.486
248.511
248.532
248.575
248.602
248.623
248.648
248.668
248.689
248.71
248.735
248.756
248.784
248.826
248.851
248.872
248.892
248.913
248.934
248.959
248.98
249
249.035
249.074
249.095
249.116
249.139
249.161
249.182
249.203
249.224
249.246
249.296
249.319
249.34
249.361
249.386
249.407
249.428
249.448
249.473
249.507
249.542
249.563
249.588
249.609
249.629
249.65
249.675
249.696
249.719
249.763
249.789
249.81
249.831
249.852
249.873
249.898
249.918
249.94
249.968
250.013
250.033
250.054
250.075
250.1
250.121
250.142
250.163
250.183
250.229
250.258
250.279
250.305
250.326
250.348
250.372
250.393
250.414
250.45
250.489
250.51
250.535
250.556
250.577
250.603
250.624
250.645
250.672
250.715
250.744
250.767
250.788
250.809
250.834
250.856
250.877
250.898
250.936
250.973
250.994
251.019
251.041
251.062
251.087
251.108
251.13
251.159
251.203
251.224
251.247
251.268
251.289
251.31
251.331
251.356
251.377
251.409
251.444
251.469
251.49
251.511
251.532
251.557
251.578
251.599
251.62
251.663
251.693
251.714
251.734
251.755
251.78
251.802
251.823
251.844
251.878
251.916
251.936
251.957
251.982
252.003
252.024
252.045
252.07
252.091
252.129
252.16
252.181
252.206
252.227
252.248
252.269
252.293
252.314
252.34
252.383
252.409
252.431
252.452
252.473
252.497
252.518
252.539
252.56
252.601
252.633
252.655
252.676
252.701
252.722
252.744
252.769
252.79
252.814
252.862
252.883
252.907
252.93
252.951
252.973
252.998
253.019
253.04
253.076
253.112
253.133
253.154
253.175
253.201
253.222
253.243
253.268
253.295
253.337
253.358
253.383
253.404
253.427
253.45
253.472
253.493
253.519
253.557
253.588
253.613
253.634
253.655
253.676
253.701
253.722
253.744
253.769
253.817
253.838
253.86
253.885
253.906
253.928
253.952
253.973
253.994
254.03
254.068
254.09
254.111
254.136
254.157
254.179
254.199
254.224
254.251
254.294
254.319
254.34
254.365
254.387
254.409
254.43
254.451
254.476
254.516
254.545
254.571
254.592
254.613
254.638
254.66
254.681
254.706
254.736
254.775
254.795
254.817
254.843
254.865
254.886
254.91
254.931
254.953
254.999
255.027
255.048
255.073
255.094
255.115
255.136
255.161
255.182
255.211
255.257
255.278
255.3
255.325
255.346
255.367
255.388
255.413
255.434
255.476
255.509
255.53
255.551
255.577
255.598
255.619
255.64
255.665
255.696
255.734
255.755
255.78
255.804
255.825
255.848
255.869
255.89
255.916
255.958
255.985
256.006
256.032
256.053
256.074
256.099
256.121
256.142
256.179
256.214
256.234
256.256
256.281
256.303
256.324
256.349
256.37
256.392
256.44
256.466
256.487
256.508
256.533
256.554
256.575
256.596
256.621
256.653
256.692
256.717
256.738
256.763
256.785
256.806
256.827
256.848
256.875
256.918
256.943
256.969
256.99
257.011
257.036
257.057
257.078
257.099
257.137
257.173
257.194
257.219
257.242
257.263
257.287
257.308
257.329
257.349
257.399
257.424
257.445
257.47
257.492
257.513
257.538
257.559
257.58
257.612
257.656
257.677
257.702
257.724
257.745
257.767
257.792
257.813
257.836
257.885
257.907
257.928
257.949
257.974
257.995
258.016
258.042
258.063
258.098
258.137
258.158
258.182
258.205
258.226
258.247
258.268
258.293
258.319
258.362
258.389
258.41
258.431
258.452
258.478
258.499
258.519
258.54
258.582
258.615
258.641
258.663
258.685
258.709
258.73
258.751
258.772
258.804
258.845
258.867
258.892
258.914
258.935
258.96
258.981
259.003
259.023
259.068
259.098
259.119
259.141
259.167
259.188
259.21
259.234
259.255
259.282
259.328
259.348
259.37
259.395
259.416
259.437
259.463
259.484
259.505
259.552
259.581
259.603
259.627
259.649
259.67
259.692
259.717
259.738
259.768
259.812
259.834
259.855
259.88
259.902
259.923
259.948
259.97
259.991
260.04
260.067
260.09
260.113
260.135
260.156
260.181
260.202
260.223
260.256
260.3
260.321
260.342
260.367
260.389
260.41
260.435
260.456
260.48
260.53
260.558
260.579
260.604
260.626
260.647
260.672
260.693
260.715
260.757
260.79
260.811
260.832
260.858
260.879
260.9
260.925
260.949
260.975
261.022
261.045
261.066
261.091
261.112
261.134
261.159
261.18
261.202
261.247
261.281
261.303
261.328
261.349
261.371
261.392
261.418
261.439
261.467
261.515
261.536
261.558
261.583
261.604
261.625
261.651
261.672
261.693
261.741
261.774
261.795
261.82
261.842
261.866
261.888
261.909
261.931
261.969
262.007
262.028
262.05
262.075
262.096
262.117
262.143
262.164
262.185
262.235
262.264
262.285
262.31
262.333
262.354
262.378
262.399
262.42
262.462
262.494
262.516
262.537
262.562
262.583
262.605
262.63
262.651
262.676
262.724
262.745
262.767
262.792
262.813
262.834
262.86
262.881
262.902
262.938
262.977
262.998
263.023
263.045
263.066
263.087
263.112
263.134
263.161
263.209
263.23
263.254
263.277
263.298
263.319
263.344
263.365
263.387
263.434
263.461
263.482
263.508
263.529
263.55
263.575
263.597
263.618
263.656
263.692
263.714
263.738
263.759
263.78
263.806
263.827
263.848
263.869
263.92
263.944
263.965
263.99
264.011
264.033
264.058
264.079
264.103
264.141
264.179
264.201
264.226
264.247
264.269
264.294
264.315
264.336
264.368
264.41
264.432
264.458
264.479
264.5
264.526
264.548
264.57
264.594
264.634
264.663
264.689
264.71
264.731
264.757
264.778
264.799
264.82
264.855
264.893
264.914
264.939
264.961
264.982
265.008
265.029
265.051
265.076
265.12
265.144
265.17
265.191
265.212
265.233
265.258
265.28
265.301
265.338
265.374
265.395
265.42
265.441
265.465
265.488
265.509
265.53
265.559
265.602
265.626
265.647
265.672
265.693
265.715
265.74
265.761
265.782
265.822
265.856
265.877
265.902
265.925
265.947
265.97
265.992
266.013
266.036
266.086
266.108
266.129
266.154
266.175
266.196
266.222
266.243
266.264
266.308
266.337
266.358
266.384
266.405
266.426
266.451
266.472
266.494
266.521
266.567
266.588
266.609
266.634
266.656
266.677
266.702
266.723
266.744
266.791
266.82
266.841
266.865
266.886
266.907
266.933
266.954
266.975
267.005
267.05
267.071
267.092
267.117
267.139
267.16
267.185
267.206
267.227
267.276
267.302
267.323
267.348
267.37
267.391
267.412
267.437
267.458
267.49
267.531
267.553
267.578
267.599
267.621
267.642
267.667
267.69
267.713
267.761
267.783
267.804
267.83
267.851
267.872
267.897
267.919
267.94
267.982
268.014
268.035
268.06
268.081
268.102
268.127
268.149
268.17
268.195
268.243
268.264
268.286
268.311
268.332
268.353
268.375
268.4
268.421
268.463
268.495
268.516
268.538
268.563
268.586
268.607
268.63
268.652
268.681
268.725
268.746
268.767
268.793
268.814
268.835
268.86
268.881
268.903
268.951
268.976
268.997
269.022
269.044
269.065
269.086
269.111
269.132
269.164
269.206
269.227
269.249
269.274
269.295
269.316
269.341
269.363
269.385
269.43
269.457
269.481
269.502
269.525
269.547
269.568
269.593
269.614
269.647
269.682
269.708
269.729
269.75
269.775
269.796
269.818
269.843
269.867
269.911
269.938
269.96
269.981
270.006
270.027
270.048
270.069
270.095
270.13
270.165
270.19
270.211
270.232
270.257
270.278
270.3
270.325
270.352
270.394
270.42
270.441
270.462
270.484
270.509
270.53
270.551
270.576
270.615
270.648
270.673
270.694
270.716
270.741
270.762
270.783
270.809
270.839
270.879
270.903
270.924
270.946
270.971
270.992
271.013
271.034
271.06
271.103
271.128
271.154
271.175
271.196
271.221
271.242
271.264
271.289
271.321
271.359
271.384
271.406
271.427
271.448
271.473
271.494
271.516
271.543
271.586
271.611
271.636
271.657
271.679
271.704
271.725
271.748
271.77
271.806
271.841
271.862
271.888
271.909
271.93
271.955
271.977
271.998
272.028
272.071
272.093
272.118
272.14
272.161
272.186
272.208
272.229
272.25
272.291
272.323
272.344
272.369
272.39
272.411
272.437
272.458
272.479
272.512
272.553
272.574
272.599
272.621
272.644
272.666
272.688
272.709
272.73
272.776
272.804
272.825
272.851
272.872
272.893
272.919
272.94
272.961
272.997
273.034
273.056
273.081
273.103
273.124
273.146
273.17
273.191
273.212
273.26
273.286
273.307
273.333
273.354
273.375
273.4
273.422
273.443
273.482
273.515
273.536
273.56
273.583
273.604
273.625
273.65
273.672
273.694
273.743
273.767
273.788
273.813
273.835
273.856
273.877
273.902
273.923
273.957
273.998
274.02
274.041
274.065
274.086
274.108
274.133
274.154
274.179
274.227
274.248
274.269
274.291
274.316
274.337
274.358
274.383
274.405
274.445
274.478
274.499
274.521
274.546
274.567
274.588
274.613
274.634
274.662
274.708
274.729
274.751
274.776
274.797
274.818
274.844
274.865
274.889
274.932
274.96
274.981
275.002
275.027
275.049
275.07
275.095
275.116
275.147
275.19
275.211
275.232
275.257
275.278
275.3
275.321
275.347
275.369
275.414
275.441
275.462
275.484
275.509
275.53
275.551
275.576
275.597
275.631
275.666
275.691
275.712
275.733
275.759
275.78
275.804
275.826
275.852
275.895
275.921
275.942
275.963
275.988
276.01
276.031
276.052
276.077
276.114
276.147
276.172
276.193
276.215
276.24
276.261
276.284
276.305
276.335
276.376
276.397
276.423
276.444
276.465
276.49
276.511
276.533
276.554
276.597
276.628
276.649
276.674
276.696
276.717
276.742
276.764
276.785
276.82
276.857
276.879
276.904
276.925
276.946
276.971
276.993
277.014
277.041
277.084
277.108
277.133
277.154
277.178
277.199
277.222
277.243
277.264
277.302
277.337
277.359
277.384
277.405
277.426
277.452
277.473
277.494
277.523
277.566
277.589
277.615
277.636
277.657
277.679
277.704
277.725
277.746
277.786
277.821
277.842
277.867
277.888
277.91
277.935
277.956
277.977
278.008
278.051
278.076
278.099
278.12
278.141
278.163
278.188
278.209
278.23
278.275
278.303
278.329
278.35
278.371
278.392
278.418
278.439
278.46
278.495
278.535
278.556
278.58
278.601
278.622
278.647
278.669
278.69
278.711
278.757
278.784
278.805
278.831
278.852
278.873
278.898
278.92
278.941
278.977
279.015
279.036
279.057
279.081
279.102
279.123
279.144
279.165
279.189
279.231
279.258
279.279
279.304
279.325
279.345
279.366
279.391
279.412
279.439
279.481
279.502
279.527
279.547
279.568
279.589
279.614
279.635
279.656
279.691
279.728
279.749
279.77
279.791
279.812
279.837
279.857
279.878
279.9
279.949
279.972
279.993
280.014
280.039
280.06
280.08
280.101
280.122
280.159
280.195
280.216
280.237
280.262
280.283
280.304
280.325
280.345
280.37
280.412
280.441
280.461
280.486
280.507
280.528
280.549
280.574
280.595
280.623
280.666
280.69
280.711
280.732
280.753
280.778
280.799
280.823
280.844
280.885
280.916
280.937
280.963
280.984
281.005
281.031
281.052
281.073
281.107
281.148
281.169
281.194
281.215
281.237
281.262
281.285
281.306
281.33
281.372
281.401
281.427
281.448
281.469
281.495
281.516
281.537
281.558
281.595
281.631
281.652
281.677
281.699
281.72
281.745
281.767
281.788
281.816
281.859
281.884
281.909
281.93
281.951
281.977
281.998
282.019
282.04
282.08
282.114
282.135
282.161
282.182
282.206
282.228
282.25
282.271
282.302
282.345
282.366
282.391
282.412
282.434
282.459
282.48
282.501
282.527
282.565
282.597
282.623
282.645
282.666
282.69
282.711
282.733
282.758
282.787
282.829
282.854
282.875
282.897
282.922
282.943
282.964
282.989
283.01
283.054
283.088
283.11
283.131
283.152
283.177
283.199
283.22
283.245
283.278
283.314
283.339
283.36
283.382
283.407
283.428
283.449
283.475
283.5
283.545
283.57
283.591
283.613
283.638
283.659
283.68
283.702
283.727
283.762
283.796
283.822
283.843
283.864
283.889
283.91
283.932
283.957
283.984
284.029
284.054
284.075
284.096
284.122
284.143
284.164
284.189
284.21
284.251
284.285
284.306
284.328
284.353
284.374
284.397
284.419
284.442
284.471
284.512
284.538
284.559
284.58
284.605
284.627
284.648
284.673
284.694
284.738
284.768
284.789
284.81
284.831
284.857
284.878
284.899
284.92
284.955
284.991
285.012
285.033
285.058
285.08
285.101
285.126
285.147
285.169
285.217
285.243
285.264
285.284
285.31
285.331
285.352
285.377
285.399
285.43
285.468
285.493
285.514
285.535
285.56
285.582
285.603
285.629
285.651
285.694
285.721
285.747
285.767
285.788
285.809
285.834
285.855
285.876
285.906
285.951
285.972
285.994
286.018
286.04
286.061
286.086
286.107
286.128
286.177
286.201
286.222
286.244
286.269
286.29
286.311
286.337
286.358
286.393
286.432
286.453
286.474
286.5
286.521
286.542
286.567
286.589
286.612
286.661
286.684
286.705
286.726
286.751
286.773
286.794
286.819
286.842
286.877
286.915
286.936
286.957
286.978
287.004
287.025
287.046
287.071
287.097
287.141
287.167
287.188
287.209
287.23
287.254
287.275
287.297
287.318
287.359
287.394
287.415
287.436
287.46
287.481
287.502
287.523
287.547
287.571
287.615
287.637
287.662
287.683
287.704
287.724
287.749
287.77
287.791
287.822
287.859
287.884
287.905
287.926
287.947
287.972
287.994
288.015
288.036
288.081
288.108
288.129
288.15
288.175
288.196
288.217
288.238
288.258
288.292
288.332
288.353
288.374
288.399
288.42
288.441
288.462
288.487
288.507
288.544
288.577
288.602
288.624
288.645
288.666
288.687
288.71
288.731
288.755
288.798
288.826
288.847
288.868
288.889
288.91
288.934
288.955
288.976
289.007
289.049
289.07
289.091
289.112
289.137
289.158
289.178
289.199
289.22
289.266
289.294
289.315
289.337
289.36
289.381
289.402
289.423
289.447
289.476
289.517
289.538
289.559
289.584
289.605
289.626
289.646
289.671
289.692
289.728
289.761
289.786
289.807
289.828
289.848
289.869
289.894
289.915
289.94
289.984
290.009
290.031
290.052
290.073
290.098
290.119
290.14
290.166
290.2
290.236
290.261
290.282
290.303
290.328
290.35
290.371
290.396
290.423
290.466
290.489
290.514
290.535
290.556
290.582
290.603
290.624
290.649
290.686
290.717
290.738
290.764
290.785
290.806
290.831
290.852
290.877
290.906
290.946
290.967
290.992
291.013
291.035
291.056
291.081
291.102
291.123
291.166
291.197
291.217
291.238
291.263
291.284
291.305
291.326
291.351
291.377
291.422
291.443
291.466
291.487
291.507
291.528
291.549
291.574
291.594
291.628
291.663
291.688
291.709
291.73
291.751
291.775
291.796
291.817
291.839
291.888
291.913
291.934
291.955
291.98
292.002
292.023
292.044
292.068
292.1
292.139
292.16
292.185
292.206
292.227
292.247
292.272
292.293
292.314
292.358
292.388
292.409
292.43
292.451
292.476
292.497
292.518
292.539
292.566
292.612
292.633
292.654
292.675
292.699
292.72
292.74
292.761
292.786
292.826
292.856
292.876
292.901
292.922
292.943
292.964
292.984
293.009
293.035
293.078
293.099
293.124
293.145
293.165
293.186
293.207
293.232
293.254
293.287
293.325
293.348
293.37
293.39
293.411
293.436
293.457
293.478
293.499
293.542
293.578
293.599
293.62
293.64
293.665
293.686
293.707
293.728
293.756
293.804
293.826
293.846
293.868
293.892
293.913
293.936
293.957
293.98
294.02
294.048
294.069
294.09
294.115
294.135
294.156
294.177
294.202
294.229
294.271
294.292
294.317
294.338
294.359
294.379
294.4
294.425
294.446
294.48
294.516
294.541
294.563
294.584
294.605
294.629
294.649
294.67
294.692
294.737
294.765
294.786
294.807
294.828
294.852
294.873
294.894
294.915
294.953
294.988
295.009
295.03
295.055
295.076
295.097
295.117
295.138
295.164
295.207
295.234
295.255
295.279
295.3
295.321
295.342
295.366
295.387
295.417
295.455
295.476
295.501
295.522
295.543
295.564
295.589
295.609
295.63
295.667
295.704
295.725
295.746
295.767
295.792
295.813
295.834
295.856
295.888
295.93
295.951
295.977
295.998
296.019
296.04
296.065
296.085
296.107
296.15
296.181
296.203
296.228
296.25
296.273
296.296
296.317
296.338
296.365
296.412
296.433
296.454
296.475
296.5
296.522
296.543
296.568
296.588
296.629
296.658
296.684
296.705
296.726
296.752
296.773
296.795
296.819
296.849
296.888
296.908
296.934
296.955
296.976
297.002
297.023
297.044
297.07
297.112
297.139
297.16
297.185
297.206
297.227
297.252
297.274
297.295
297.323
297.37
297.391
297.412
297.437
297.458
297.479
297.504
297.525
297.546
297.589
297.621
297.642
297.663
297.688
297.711
297.733
297.756
297.776
297.807
297.847
297.872
297.893
297.915
297.94
297.961
297.982
298.003
298.029
298.071
298.098
298.119
298.143
298.164
298.185
298.206
298.231
298.253
298.281
298.321
298.342
298.366
298.387
298.408
298.429
298.454
298.475
298.495
298.531
298.568
298.589
298.61
298.631
298.652
298.677
298.698
298.721
298.745
298.795
298.817
298.838
298.863
298.884
298.905
298.926
298.95
298.972
299.006
299.042
299.063
299.088
299.109
299.129
299.15
299.175
299.196
299.218
299.263
299.292
299.313
299.334
299.355
299.38
299.401
299.421
299.442
299.479
299.515
299.538
299.559
299.582
299.602
299.623
299.644
299.669
299.69
299.733
299.76
299.785
299.806
299.827
299.848
299.873
299.894
299.915
299.942
299.989
300.01
300.031
300.052
300.076
300.097
300.12
300.141
300.162
300.202
300.235
300.255
300.276
300.301
300.322
300.343
300.364
300.389
300.414
300.457
300.479
300.504
300.525
300.546
300.567
300.592
300.613
300.633
300.666
300.708
300.729
300.75
300.771
300.795
300.816
300.837
300.858
300.886
300.927
300.953
300.974
300.995
301.02
301.04
301.061
301.082
301.107
301.137
301.175
301.196
301.221
301.242
301.263
301.284
301.308
301.329
301.35
301.391
301.423
301.444
301.465
301.486
301.507
301.532
301.552
301.575
301.598
301.647
301.685
301.706
301.731
301.752
301.774
301.795
301.82
301.841
301.878
301.91
301.936
301.957
301.979
302.003
302.024
302.049
302.071
302.098
302.139
302.163
302.186
302.207
302.228
302.254
302.275
302.296
302.321
302.362
302.389
302.413
302.435
302.456
302.477
302.503
302.524
302.545
302.58
302.618
302.639
302.659
302.685
302.707
302.727
302.753
302.774
302.796
302.841
302.871
302.892
302.913
302.936
302.957
302.978
303
303.024
