0
0
0
0
0
0
0
0
0
0
0
0
0
0
0
0
0
0
0
0
0
0
0
0
0
0
0
0
-7.85475
-7.85475
-7.85475
-7.85475
-7.85475
-7.85475
-7.85475
-7.85475
-7.85475
-7.85475
1.5716
1.5716
1.5716
1.5716
1.5716
1.5716
1.5716
1.5716
1.57322
1.57322
1.57322
1.57322
1.57322
1.57322
1.57322
1.57322
1.5711
1.5711
1.5711
1.5711
1.5711
1.5711
1.5711
1.5711
1.5711
1.62944
1.62944
1.62944
1.62944
1.62944
1.62944
1.62944
1.62944
1.62944
1.56516
1.56516
1.56516
1.56516
1.56516
1.56516
1.56516
1.56516
1.56516
1.77361
1.77361
1.77361
1.77361
1.77361
1.77361
1.77361
1.77361
1.77361
1.77361
1.85237
1.85237
1.85237
1.85237
1.85237
1.85237
1.85237
1.85237
1.60111
1.60111
1.60111
1.60111
1.60111
1.60111
1.60111
1.60111
1.60111
1.7616
1.7616
1.7616
1.7616
1.7616
1.7616
1.7616
1.7616
1.7616
1.76216
1.76216
1.76216
1.76216
1.76216
1.76216
1.76216
1.76216
2.64384
2.64384
2.64384
2.64384
2.64384
2.64384
2.64384
2.64384
2.64384
2.75449
2.75449
2.75449
2.75449
2.75449
2.75449
2.75449
