0
0
0
0
0
0
0
0
0
0
0
0
0
0
0
0
0
0
0
0
0
0
0
0
0
0
224.257
224.257
249.964
249.964
249.964
249.964
249.964
249.964
249.964
249.964
249.964
250
250
250
250
250
250
250
250
250
250
250
250
250
250
250
250
250
250
250
250
250
250
250
250
250
250
250
250
250
250
250
250
250
250
250
250
250
250
250
250
250
250
250
250
250
250
250
250
250
250
250
250
250
250
250
250
250
250
250
250
250
250
250
250
250
250
250
250
250
250
250
250
250
250
250
250
250
250
250
250
250
250
250
250
250
250
250
250
250
250
250
250
250
250
250
250
250
250
250
250
250
250
250
250
250
250
250
250
250
250
250
250
250
250
250
250
250
250
250
250
250
250
250
250
250
250
250
250
250
250
250
250
250
250
250
250
250
250
250
250
250
250
250
250
250
250
250
250
250
250
250
250
250
250
250
250
250
250
250
250
250
250
250
250
250
250
250
250
250
250
250
250
250
250
250
250
250
250
250
250
250
250
250
250
250
250
250
250
250
250
250
250
250
250
250
250
250
250
250
250
250
250
250
250
250
250
250
250
250
250
250
250
250
250
250
250
250
250
250
250
250
250
250
250
250
250
250
250
250
250
250
250
250
250
250
250
250
250
250
250
250
250
250
250
250
250
250
250
250
250
250
250
250
250
250
250
250
250
250
250
250
250
250
250
250
250
250
250
250
250
250
250
250
250
250
250
250
250
250
250
250
250
250
250
250
250
250
250
250
250
250
250
250
250
250
250
250
250
250
250
250
250
250
250
250
250
250
250
250
250
250
250
250
250
250
250
250
250
250
250
250
250
250
250
250
250
250
250
250
250
250
250
250
250
250
250
250
250
250
250
250
250
250
250
250
250
250
250
250
250
250
250
250
250
250
250
250
250
250
250
250
250
250
250
250
250
250
250
250
250
250
250
250
250
250
250
250
250
250
250
250
250
250
250
250
250
250
250
250
250
250
250
250
250
250
250
250
250
250
250
250
250
250
250
250
250
250
250
250
250
250
250
250
250
250
250
250
250
250
250
250
250
250
250
250
250
250
250
250
250
250
250
250
250
250
250
250
250
250
250
250
250
250
250
250
250
250
250
250
250
250
250
250
250
250
250
250
250
250
250
250
250
250
250
250
250
250
250
250
250
250
250
250
250
250
250
250
250
250
250
250
250
250
250
250
250
250
250
250
250
250
250
250
250
250
250
250
250
250
250
250
250
250
250
250
250
250
250
250
250
250
250
250
250
250
250
250
250
250
250
250
250
250
250
250
250
250
250
250
250
250
250
250
250
250
250
250
250
250
250
250
250
250
250
250
250
250
250
250
250
250
250
250
250
250
250
250
250
250
250
250
250
250
250
250
250
250
250
250
250
250
240.945
240.945
240.945
240.945
240.945
240.945
240.945
240.945
240.945
240.945
207.31
207.31
207.31
207.31
207.31
207.31
207.31
207.31
207.31
174.612
174.612
174.612
174.612
174.612
174.612
174.612
174.612
174.612
159.945
159.945
159.945
159.945
159.945
159.945
159.945
159.945
159.945
159.945
181.502
181.502
181.502
181.502
181.502
181.502
181.502
181.502
181.502
160.071
160.071
160.071
160.071
160.071
160.071
160.071
160.071
160.071
160.071
171.835
171.835
171.835
171.835
171.835
171.835
171.835
171.835
171.835
194.591
194.591
194.591
194.591
194.591
194.591
194.591
194.591
194.591
226.9
226.9
226.9
226.9
226.9
226.9
226.9
226.9
226.9
226.9
250
250
250
250
250
250
250
250
250
250
250
250
250
250
250
250
250
250
250
250
250
250
250
250
250
250
250
250
250
250
250
250
250
250
250
250
250
250
250
250
250
250
250
250
250
250
250
250
250
250
250
250
250
250
250
250
250
231.485
231.485
231.485
231.485
231.485
231.485
231.485
231.485
231.485
231.485
215.227
215.227
215.227
215.227
215.227
215.227
215.227
215.227
215.227
210.07
210.07
210.07
210.07
210.07
210.07
210.07
210.07
210.07
210.07
207.725
207.725
207.725
207.725
207.725
207.725
207.725
207.725
207.725
201.592
201.592
201.592
201.592
201.592
201.592
201.592
201.592
201.592
201.592
195.71
195.71
195.71
195.71
195.71
195.71
195.71
195.71
195.71
195.71
197.65
197.65
197.65
197.65
197.65
197.65
197.65
197.65
197.65
194.029
194.029
194.029
194.029
194.029
194.029
194.029
194.029
194.029
194.029
151.26
151.26
151.26
151.26
151.26
151.26
151.26
151.26
151.26
157.713
157.713
157.713
157.713
157.713
157.713
157.713
157.713
157.713
157.713
179.861
179.861
179.861
179.861
179.861
179.861
179.861
179.861
179.861
179.861
199.668
199.668
199.668
199.668
199.668
199.668
199.668
199.668
199.668
208.298
208.298
208.298
208.298
208.298
208.298
208.298
208.298
208.298
208.298
206.885
206.885
206.885
206.885
206.885
206.885
206.885
206.885
206.885
205.33
205.33
205.33
205.33
205.33
205.33
205.33
205.33
205.33
205.33
205.937
205.937
205.937
205.937
205.937
205.937
205.937
205.937
205.937
205.937
200.02
200.02
200.02
200.02
200.02
200.02
200.02
200.02
200.02
203.438
203.438
203.438
203.438
203.438
203.438
203.438
203.438
203.438
203.438
207.045
207.045
207.045
207.045
207.045
207.045
207.045
207.045
207.045
199.539
199.539
199.539
199.539
199.539
199.539
199.539
199.539
199.539
199.539
200.793
200.793
200.793
200.793
200.793
200.793
200.793
200.793
200.793
206.718
206.718
206.718
206.718
206.718
206.718
206.718
206.718
206.718
206.718
199.847
199.847
199.847
199.847
199.847
199.847
199.847
199.847
199.847
201.088
201.088
201.088
201.088
201.088
201.088
201.088
201.088
201.088
201.088
205.223
205.223
205.223
205.223
205.223
205.223
205.223
205.223
205.223
205.223
207.678
207.678
207.678
207.678
207.678
207.678
207.678
207.678
207.678
201.59
201.59
201.59
201.59
201.59
201.59
201.59
201.59
201.59
201.59
201.17
201.17
201.17
201.17
201.17
201.17
201.17
201.17
201.17
205.311
205.311
205.311
205.311
205.311
205.311
205.311
205.311
205.311
205.311
202.11
202.11
202.11
202.11
202.11
202.11
202.11
202.11
202.11
203.37
203.37
203.37
203.37
203.37
203.37
203.37
203.37
203.37
203.37
146.25
146.25
146.25
146.25
146.25
146.25
146.25
146.25
146.25
144.303
144.303
144.303
144.303
144.303
144.303
144.303
144.303
144.303
144.303
167.216
167.216
167.216
167.216
167.216
167.216
167.216
167.216
167.216
194.402
194.402
194.402
194.402
194.402
194.402
194.402
194.402
194.402
194.402
211.483
211.483
211.483
211.483
211.483
211.483
211.483
211.483
211.483
211.483
217.039
217.039
217.039
217.039
217.039
217.039
217.039
217.039
217.039
212.599
212.599
212.599
212.599
212.599
212.599
212.599
212.599
212.599
212.599
211.058
211.058
211.058
211.058
211.058
211.058
211.058
211.058
211.058
203.859
203.859
203.859
203.859
203.859
203.859
203.859
203.859
203.859
203.859
205.722
205.722
205.722
205.722
205.722
205.722
205.722
205.722
205.722
208.166
208.166
208.166
208.166
208.166
208.166
208.166
208.166
208.166
208.166
200.394
200.394
200.394
200.394
200.394
200.394
200.394
200.394
200.394
202.258
202.258
202.258
202.258
202.258
202.258
202.258
202.258
202.258
202.258
206.404
206.404
206.404
206.404
206.404
206.404
206.404
206.404
206.404
206.404
208.27
208.27
208.27
208.27
208.27
208.27
208.27
208.27
208.27
200.499
200.499
200.499
200.499
200.499
200.499
200.499
200.499
200.499
200.499
201.779
201.779
201.779
201.779
201.779
201.779
201.779
201.779
201.779
205.34
205.34
205.34
205.34
205.34
205.34
205.34
205.34
205.34
205.34
201.541
201.541
201.541
201.541
201.541
201.541
201.541
201.541
201.541
203.407
203.407
203.407
203.407
203.407
203.407
203.407
203.407
203.407
203.407
207.547
207.547
207.547
207.547
207.547
207.547
207.547
207.547
207.547
208.318
208.318
208.318
208.318
208.318
208.318
208.318
208.318
208.318
208.318
200.547
200.547
200.547
200.547
200.547
200.547
200.547
200.547
200.547
200.547
201.238
201.238
201.238
201.238
201.238
201.238
201.238
201.238
201.238
204.802
204.802
204.802
204.802
204.802
204.802
204.802
204.802
204.802
204.802
199.308
199.308
199.308
199.308
199.308
199.308
199.308
199.308
199.308
201.175
201.175
201.175
201.175
201.175
201.175
201.175
201.175
201.175
201.175
207.598
207.598
207.598
207.598
207.598
207.598
207.598
207.598
207.598
207.598
209.465
209.465
209.465
209.465
209.465
209.465
209.465
209.465
209.465
200.005
200.005
200.005
200.005
200.005
200.005
200.005
200.005
200.005
200.005
199.005
199.005
199.005
199.005
199.005
199.005
199.005
199.005
199.005
204.84
204.84
204.84
204.84
204.84
204.84
204.84
204.84
204.84
204.84
208.985
208.985
208.985
208.985
208.985
208.985
208.985
208.985
208.985
206.877
206.877
206.877
206.877
206.877
206.877
206.877
206.877
206.877
206.877
199.11
199.11
199.11
199.11
199.11
199.11
199.11
199.11
199.11
199.11
200.977
200.977
200.977
200.977
200.977
200.977
200.977
200.977
200.977
206.233
206.233
206.233
206.233
206.233
206.233
206.233
206.233
206.233
206.233
200.739
200.739
200.739
200.739
200.739
200.739
200.739
200.739
200.739
202.029
202.029
202.029
202.029
202.029
202.029
202.029
202.029
202.029
202.029
206.747
206.747
206.747
206.747
206.747
206.747
206.747
206.747
206.747
206.747
206.923
206.923
206.923
206.923
206.923
206.923
206.923
206.923
206.923
200.841
200.841
200.841
200.841
200.841
200.841
200.841
200.841
200.841
200.841
202.125
202.125
202.125
202.125
202.125
202.125
202.125
202.125
202.125
206.264
206.264
206.264
206.264
206.264
206.264
206.264
206.264
206.264
206.264
201.984
201.984
201.984
201.984
201.984
201.984
201.984
201.984
201.984
201.984
202.639
202.639
202.639
202.639
202.639
202.639
202.639
202.639
202.639
204.503
204.503
204.503
204.503
204.503
204.503
204.503
204.503
204.503
204.503
206.369
206.369
206.369
206.369
206.369
206.369
206.369
206.369
206.369
200.291
200.291
200.291
200.291
200.291
200.291
200.291
200.291
200.291
200.291
201.579
201.579
201.579
201.579
201.579
201.579
201.579
201.579
201.579
206.302
206.302
206.302
206.302
206.302
206.302
206.302
206.302
206.302
206.302
208.166
208.166
208.166
208.166
208.166
208.166
208.166
208.166
208.166
208.166
200.393
200.393
200.393
200.393
200.393
200.393
200.393
200.393
200.393
199.402
199.402
199.402
199.402
199.402
199.402
199.402
199.402
199.402
199.402
203.534
203.534
203.534
203.534
203.534
203.534
203.534
203.534
203.534
207.673
207.673
207.673
207.673
207.673
207.673
207.673
207.673
207.673
207.673
200.493
200.493
200.493
200.493
200.493
200.493
200.493
200.493
200.493
199.488
199.488
199.488
199.488
199.488
199.488
199.488
199.488
199.488
199.488
205.317
205.317
205.317
205.317
205.317
205.317
205.317
205.317
205.317
205.317
207.766
207.766
207.766
207.766
207.766
207.766
207.766
207.766
207.766
199.988
199.988
199.988
199.988
199.988
199.988
199.988
199.988
199.988
199.988
201.263
201.263
201.263
201.263
201.263
201.263
201.263
201.263
201.263
205.402
205.402
205.402
205.402
205.402
205.402
205.402
205.402
205.402
205.402
208.957
208.957
208.957
208.957
208.957
208.957
208.957
208.957
208.957
208.957
200.082
200.082
200.082
200.082
200.082
200.082
200.082
200.082
200.082
199.657
199.657
199.657
199.657
199.657
199.657
199.657
199.657
199.657
199.657
204.902
204.902
204.902
204.902
204.902
204.902
204.902
204.902
204.902
201.689
201.689
201.689
201.689
201.689
201.689
201.689
201.689
201.689
201.689
202.958
202.958
202.958
202.958
202.958
202.958
202.958
202.958
202.958
202.958
204.239
204.239
204.239
204.239
204.239
204.239
204.239
204.239
204.239
200.433
200.433
200.433
200.433
200.433
200.433
200.433
200.433
200.433
200.433
202.292
202.292
202.292
202.292
202.292
202.292
202.292
202.292
202.292
207.014
207.014
207.014
207.014
207.014
207.014
207.014
207.014
207.014
207.014
207.187
207.187
207.187
207.187
207.187
207.187
207.187
207.187
207.187
201.097
201.097
201.097
201.097
201.097
201.097
201.097
201.097
201.097
201.097
202.372
202.372
202.372
202.372
202.372
202.372
202.372
202.372
202.372
206.521
206.521
206.521
206.521
206.521
206.521
206.521
206.521
206.521
206.521
209.001
209.001
209.001
209.001
209.001
209.001
209.001
209.001
209.001
201.263
201.263
201.263
201.263
201.263
201.263
201.263
201.263
201.263
201.263
200.315
200.315
200.315
200.315
200.315
200.315
200.315
200.315
200.315
203.971
203.971
203.971
203.971
203.971
203.971
203.971
203.971
203.971
203.971
200.318
200.318
200.318
200.318
200.318
200.318
200.318
200.318
200.318
201.82
201.82
201.82
201.82
201.82
201.82
201.82
201.82
201.82
205.714
205.714
205.714
205.714
205.714
205.714
205.714
205.714
205.714
205.714
200.769
200.769
200.769
200.769
200.769
200.769
200.769
200.769
200.769
205.202
205.202
205.202
205.202
205.202
205.202
205.202
205.202
205.202
205.202
207.904
207.904
207.904
207.904
207.904
207.904
207.904
207.904
207.904
209.327
209.327
209.327
209.327
209.327
209.327
209.327
209.327
209.327
209.327
203.123
203.123
203.123
203.123
203.123
203.123
203.123
203.123
203.123
197.171
197.171
197.171
197.171
197.171
197.171
197.171
197.171
197.171
197.171
201.263
201.263
201.263
201.263
201.263
201.263
201.263
201.263
201.263
209.186
209.186
209.186
209.186
209.186
209.186
209.186
209.186
209.186
209.186
212.473
212.473
212.473
212.473
212.473
212.473
212.473
212.473
212.473
212.473
212.905
212.905
212.905
212.905
212.905
212.905
212.905
212.905
212.905
210.686
210.686
210.686
210.686
210.686
210.686
210.686
210.686
210.686
208.687
208.687
208.687
208.687
208.687
208.687
208.687
208.687
208.687
208.687
215.188
215.188
215.188
215.188
215.188
215.188
215.188
215.188
215.188
215.188
210.065
210.065
210.065
210.065
210.065
210.065
210.065
210.065
210.065
199.798
199.798
199.798
199.798
199.798
199.798
199.798
199.798
199.798
199.798
191.558
191.558
191.558
191.558
191.558
191.558
191.558
191.558
191.558
189.212
189.212
189.212
189.212
189.212
189.212
189.212
189.212
189.212
189.212
185.493
185.493
185.493
185.493
185.493
185.493
185.493
185.493
185.493
173.998
173.998
173.998
173.998
173.998
173.998
173.998
173.998
173.998
173.998
169.675
169.675
169.675
169.675
169.675
169.675
169.675
169.675
169.675
169.675
166.414
166.414
166.414
166.414
166.414
166.414
166.414
166.414
166.414
165.155
165.155
165.155
165.155
165.155
165.155
165.155
165.155
165.155
165.155
158.321
158.321
158.321
158.321
158.321
158.321
158.321
158.321
158.321
157.063
157.063
157.063
157.063
157.063
157.063
157.063
157.063
157.063
157.063
156.18
156.18
156.18
156.18
156.18
156.18
156.18
156.18
156.18
156.18
158.216
158.216
158.216
158.216
158.216
158.216
158.216
158.216
158.216
153.25
153.25
153.25
153.25
153.25
153.25
153.25
153.25
153.25
153.25
154.891
154.891
154.891
154.891
154.891
154.891
154.891
154.891
154.891
156.311
156.311
156.311
156.311
156.311
156.311
156.311
156.311
156.311
156.311
158.458
158.458
158.458
158.458
158.458
158.458
158.458
158.458
158.458
158.458
157.056
157.056
157.056
157.056
157.056
157.056
157.056
157.056
157.056
161.513
161.513
161.513
161.513
161.513
161.513
161.513
161.513
161.513
118.313
118.313
118.313
118.313
118.313
118.313
118.313
118.313
118.313
118.313
121.253
121.253
121.253
121.253
121.253
121.253
121.253
121.253
121.253
121.253
150.08
150.08
150.08
150.08
150.08
150.08
150.08
150.08
150.08
177.245
177.245
177.245
177.245
177.245
177.245
177.245
177.245
177.245
177.245
196.091
196.091
196.091
196.091
196.091
196.091
196.091
196.091
196.091
203.91
203.91
203.91
203.91
203.91
203.91
203.91
203.91
203.91
203.91
200.31
200.31
200.31
200.31
200.31
200.31
200.31
200.31
200.31
200.31
197.975
197.975
197.975
197.975
197.975
197.975
197.975
197.975
197.975
194.948
194.948
194.948
194.948
194.948
194.948
194.948
194.948
194.948
194.948
199.51
199.51
199.51
199.51
199.51
199.51
199.51
199.51
199.51
199.51
197.525
197.525
197.525
197.525
197.525
197.525
197.525
197.525
197.525
200.596
200.596
200.596
200.596
200.596
200.596
200.596
200.596
200.596
200.596
204.088
204.088
204.088
204.088
204.088
204.088
204.088
204.088
204.088
204.088
206.251
206.251
206.251
206.251
206.251
206.251
206.251
206.251
206.251
203.205
203.205
203.205
203.205
203.205
203.205
203.205
203.205
203.205
195.729
195.729
195.729
195.729
195.729
195.729
195.729
195.729
195.729
195.729
201.507
201.507
201.507
201.507
201.507
201.507
201.507
201.507
201.507
205.786
205.786
205.786
205.786
205.786
205.786
205.786
205.786
205.786
205.786
208.006
208.006
208.006
208.006
208.006
208.006
208.006
208.006
208.006
208.006
200.053
200.053
200.053
200.053
200.053
200.053
200.053
200.053
200.053
198.91
198.91
198.91
198.91
198.91
198.91
198.91
198.91
198.91
198.91
205.119
205.119
205.119
205.119
205.119
205.119
205.119
205.119
205.119
209.072
209.072
209.072
209.072
209.072
209.072
209.072
209.072
209.072
209.072
200.006
200.006
200.006
200.006
200.006
200.006
200.006
200.006
200.006
201.113
201.113
201.113
201.113
201.113
201.113
201.113
201.113
201.113
201.113
205.067
205.067
205.067
205.067
205.067
205.067
205.067
205.067
205.067
205.067
207.328
207.328
207.328
207.328
207.328
207.328
207.328
207.328
207.328
201.072
201.072
201.072
201.072
201.072
201.072
201.072
201.072
201.072
201.072
201.059
201.059
201.059
201.059
201.059
201.059
201.059
201.059
201.059
206.711
206.711
206.711
206.711
206.711
206.711
206.711
206.711
206.711
206.711
208.973
208.973
208.973
208.973
208.973
208.973
208.973
208.973
208.973
208.973
199.327
199.327
199.327
199.327
199.327
199.327
199.327
199.327
199.327
200.441
200.441
200.441
200.441
200.441
200.441
200.441
200.441
200.441
200.441
203.832
203.832
203.832
203.832
203.832
203.832
203.832
203.832
203.832
198.723
198.723
198.723
198.723
198.723
198.723
198.723
198.723
198.723
198.723
202.111
202.111
202.111
202.111
202.111
202.111
202.111
202.111
202.111
206.067
206.067
206.067
206.067
206.067
206.067
206.067
206.067
206.067
206.067
207.754
207.754
207.754
207.754
207.754
207.754
207.754
207.754
207.754
207.754
200.382
200.382
200.382
200.382
200.382
200.382
200.382
200.382
200.382
202.07
202.07
202.07
202.07
202.07
202.07
202.07
202.07
202.07
202.07
207.723
207.723
207.723
207.723
207.723
207.723
207.723
207.723
207.723
208.294
208.294
208.294
208.294
208.294
208.294
208.294
208.294
208.294
208.294
200.932
200.932
200.932
200.932
200.932
200.932
200.932
200.932
200.932
199.759
199.759
199.759
199.759
199.759
199.759
199.759
199.759
199.759
199.759
204.298
204.298
204.298
204.298
204.298
204.298
204.298
204.298
204.298
204.298
206.576
206.576
206.576
206.576
206.576
206.576
206.576
206.576
206.576
200.312
200.312
200.312
200.312
200.312
200.312
200.312
200.312
200.312
200.312
200.856
200.856
200.856
200.856
200.856
200.856
200.856
200.856
200.856
205.378
205.378
205.378
205.378
205.378
205.378
205.378
205.378
205.378
205.378
207.646
207.646
207.646
207.646
207.646
207.646
207.646
207.646
207.646
201.393
201.393
201.393
201.393
201.393
201.393
201.393
201.393
201.393
201.393
200.814
200.814
200.814
200.814
200.814
200.814
200.814
200.814
200.814
204.77
204.77
204.77
204.77
204.77
204.77
204.77
204.77
204.77
204.77
201.956
201.956
201.956
201.956
201.956
201.956
201.956
201.956
201.956
201.956
203.64
203.64
203.64
203.64
203.64
203.64
203.64
203.64
203.64
205.324
205.324
205.324
205.324
205.324
205.324
205.324
205.324
205.324
205.324
207.009
207.009
207.009
207.009
207.009
207.009
207.009
207.009
207.009
200.758
200.758
200.758
200.758
200.758
200.758
200.758
200.758
200.758
202.448
202.448
202.448
202.448
202.448
202.448
202.448
202.448
202.448
202.448
205.838
205.838
205.838
205.838
205.838
205.838
205.838
205.838
205.838
200.163
200.163
200.163
200.163
200.163
200.163
200.163
200.163
200.163
200.163
202.421
202.421
202.421
202.421
202.421
202.421
202.421
202.421
202.421
202.421
206.381
206.381
206.381
206.381
206.381
206.381
206.381
206.381
206.381
208.068
208.068
208.068
208.068
208.068
208.068
208.068
208.068
208.068
208.068
200.701
200.701
200.701
200.701
200.701
200.701
200.701
200.701
200.701
202.387
202.387
202.387
202.387
202.387
202.387
202.387
202.387
202.387
202.387
205.771
205.771
205.771
205.771
205.771
205.771
205.771
205.771
205.771
201.793
201.793
201.793
201.793
201.793
201.793
201.793
201.793
201.793
201.784
201.784
201.784
201.784
201.784
201.784
201.784
201.784
201.784
201.784
205.742
205.742
205.742
205.742
205.742
205.742
205.742
205.742
205.742
209.702
209.702
209.702
209.702
209.702
209.702
209.702
209.702
209.702
209.702
200.646
200.646
200.646
200.646
200.646
200.646
200.646
200.646
200.646
199.475
199.475
199.475
199.475
199.475
199.475
199.475
199.475
199.475
205.13
205.13
205.13
205.13
205.13
205.13
205.13
205.13
205.13
205.13
209.088
209.088
209.088
209.088
209.088
209.088
209.088
209.088
209.088
209.088
201.721
201.721
201.721
201.721
201.721
201.721
201.721
201.721
201.721
200.573
200.573
200.573
200.573
200.573
200.573
200.573
200.573
200.573
203.428
203.428
203.428
203.428
203.428
203.428
203.428
203.428
203.428
203.428
202.251
202.251
202.251
202.251
202.251
202.251
202.251
202.251
202.251
206.201
206.201
206.201
206.201
206.201
206.201
206.201
206.201
206.201
206.201
208.455
208.455
208.455
208.455
208.455
208.455
208.455
208.455
208.455
202.268
202.268
202.268
202.268
202.268
202.268
202.268
202.268
202.268
202.268
201.66
201.66
201.66
201.66
201.66
201.66
201.66
201.66
201.66
203.89
203.89
203.89
203.89
203.89
203.89
203.89
203.89
203.89
203.89
201.618
201.618
201.618
201.618
201.618
201.618
201.618
201.618
201.618
202.217
202.217
202.217
202.217
202.217
202.217
202.217
202.217
202.217
206.842
206.842
206.842
206.842
206.842
206.842
206.842
206.842
206.842
206.842
206.929
206.929
206.929
206.929
206.929
206.929
206.929
206.929
206.929
206.929
200.723
200.723
200.723
200.723
200.723
200.723
200.723
200.723
200.723
201.244
201.244
201.244
201.244
201.244
201.244
201.244
201.244
201.244
204.56
204.56
204.56
204.56
204.56
204.56
204.56
204.56
204.56
204.56
201.075
201.075
201.075
201.075
201.075
201.075
201.075
201.075
201.075
201.075
203.728
203.728
203.728
203.728
203.728
203.728
203.728
203.728
203.728
203.728
204.746
204.746
204.746
204.746
204.746
204.746
204.746
204.746
194.915
194.915
194.915
194.915
194.915
194.915
194.915
194.915
194.915
194.915
195.535
195.535
195.535
195.535
195.535
195.535
195.535
195.535
195.535
203.663
203.663
203.663
203.663
203.663
203.663
203.663
203.663
203.663
203.663
210.232
210.232
210.232
210.232
210.232
210.232
210.232
210.232
210.232
210.232
202.194
202.194
202.194
202.194
202.194
202.194
202.194
202.194
202.194
206.717
206.717
206.717
206.717
206.717
206.717
206.717
206.717
206.717
206.717
221.466
221.466
221.466
221.466
221.466
221.466
221.466
221.466
221.466
221.466
228.835
228.835
228.835
228.835
228.835
228.835
228.835
228.835
228.835
193.217
193.217
193.217
193.217
193.217
193.217
193.217
193.217
193.217
202.287
202.287
202.287
202.287
202.287
202.287
202.287
202.287
202.287
202.287
210.136
210.136
210.136
210.136
210.136
210.136
210.136
210.136
210.136
210.136
210.879
210.879
210.879
210.879
210.879
210.879
210.879
210.879
210.879
203.115
203.115
203.115
203.115
203.115
203.115
203.115
203.115
203.115
203.115
192.721
192.721
192.721
192.721
192.721
192.721
192.721
192.721
192.721
186.397
186.397
186.397
186.397
186.397
186.397
186.397
186.397
186.397
186.397
190.408
190.408
190.408
190.408
190.408
190.408
190.408
190.408
190.408
190.408
184.862
184.862
184.862
184.862
184.862
184.862
184.862
184.862
184.862
179.412
179.412
179.412
179.412
179.412
179.412
179.412
179.412
179.412
179.412
163.544
163.544
163.544
163.544
163.544
163.544
163.544
163.544
163.544
160.528
160.528
160.528
160.528
160.528
160.528
160.528
160.528
160.528
160.528
164.494
164.494
164.494
164.494
164.494
164.494
164.494
164.494
164.494
164.494
167.864
167.864
167.864
167.864
167.864
167.864
167.864
167.864
167.864
167.132
167.132
167.132
167.132
167.132
167.132
167.132
167.132
167.132
167.132
162.506
162.506
162.506
162.506
162.506
162.506
162.506
162.506
162.506
156.08
156.08
156.08
156.08
156.08
156.08
156.08
156.08
156.08
156.08
155.869
155.869
155.869
155.869
155.869
155.869
155.869
155.869
155.869
155.891
155.891
155.891
155.891
155.891
155.891
155.891
155.891
155.891
155.891
164.346
164.346
164.346
164.346
164.346
164.346
164.346
164.346
164.346
164.346
168.528
168.528
168.528
168.528
168.528
168.528
168.528
168.528
168.528
163.49
163.49
163.49
163.49
163.49
163.49
163.49
163.49
163.49
163.49
167.037
167.037
167.037
167.037
167.037
167.037
167.037
167.037
167.037
171.223
171.223
171.223
171.223
171.223
171.223
171.223
171.223
171.223
171.223
165.637
165.637
165.637
165.637
165.637
165.637
165.637
165.637
165.637
165.637
170.637
170.637
170.637
170.637
170.637
170.637
170.637
170.637
170.637
168.518
168.518
168.518
168.518
168.518
168.518
168.518
168.518
168.518
170.634
170.634
170.634
170.634
170.634
170.634
170.634
170.634
170.634
170.634
165.218
165.218
165.218
165.218
165.218
165.218
165.218
165.218
165.218
165.218
162.184
162.184
162.184
162.184
162.184
162.184
162.184
162.184
162.184
161.317
161.317
161.317
161.317
161.317
161.317
161.317
161.317
161.317
161.317
170.159
170.159
170.159
170.159
170.159
170.159
170.159
170.159
170.159
171.914
171.914
171.914
171.914
171.914
171.914
171.914
171.914
171.914
171.914
174.812
174.812
174.812
174.812
174.812
174.812
174.812
174.812
174.812
168.371
168.371
168.371
168.371
168.371
168.371
168.371
168.371
168.371
168.371
165.147
165.147
165.147
165.147
165.147
165.147
165.147
165.147
165.147
165.147
161.565
161.565
161.565
161.565
161.565
161.565
161.565
161.565
161.565
172.503
172.503
172.503
172.503
172.503
172.503
172.503
172.503
172.503
173.633
173.633
173.633
173.633
173.633
173.633
173.633
173.633
173.633
173.633
170.109
170.109
170.109
170.109
170.109
170.109
170.109
170.109
170.109
164.336
164.336
164.336
164.336
164.336
164.336
164.336
164.336
164.336
174.664
174.664
174.664
174.664
174.664
174.664
174.664
174.664
174.664
174.664
183.196
183.196
183.196
183.196
183.196
183.196
183.196
183.196
183.196
183.196
174.374
174.374
174.374
174.374
174.374
174.374
174.374
174.374
174.374
150.056
150.056
150.056
150.056
150.056
150.056
150.056
150.056
150.056
150.056
158.015
158.015
158.015
158.015
158.015
158.015
158.015
158.015
158.015
158.015
179.967
179.967
179.967
179.967
179.967
179.967
179.967
179.967
179.967
187.777
187.777
187.777
187.777
187.777
187.777
187.777
187.777
187.777
185.196
185.196
185.196
185.196
185.196
185.196
185.196
185.196
185.196
183.899
183.899
183.899
183.899
183.899
183.899
183.899
183.899
183.899
183.899
171.343
171.343
171.343
171.343
171.343
171.343
171.343
171.343
171.343
171.343
165.992
165.992
165.992
165.992
165.992
165.992
165.992
165.992
165.992
165.97
165.97
165.97
165.97
165.97
165.97
165.97
165.97
165.97
165.97
162.368
162.368
162.368
162.368
162.368
162.368
162.368
162.368
162.368
164.137
164.137
164.137
164.137
164.137
164.137
164.137
164.137
164.137
164.137
165.908
165.908
165.908
165.908
165.908
165.908
165.908
165.908
165.908
158.724
158.724
158.724
158.724
158.724
158.724
158.724
158.724
158.724
158.724
162.286
162.286
162.286
162.286
162.286
162.286
162.286
162.286
162.286
167.681
167.681
167.681
167.681
167.681
167.681
167.681
167.681
167.681
167.681
233.795
233.795
233.795
233.795
233.795
233.795
233.795
233.795
233.795
233.795
250
250
250
250
250
250
250
250
250
250
250
250
250
250
250
250
250
250
250
250
250
250
250
250
250
250
250
250
250
250
250
250
250
250
250
250
250
250
250
250
250
250
250
250
250
250
250
250
250
250
250
250
250
250
250
250
250
250
250
250
250
250
250
250
250
250
250
250
250
250
250
250
250
250
250
250
250
250
250
250
250
250
250
250
250
250
250
250
250
250
250
250
250
250
250
250
250
250
250
250
250
250
250
250
250
250
250
250
250
250
250
250
250
250
250
250
250
250
250
250
250
250
250
250
226.311
226.311
226.311
226.311
226.311
226.311
226.311
226.311
226.311
226.311
177.303
177.303
177.303
177.303
177.303
177.303
177.303
177.303
177.303
141.25
141.25
141.25
141.25
141.25
141.25
141.25
141.25
141.25
141.25
127.561
127.561
127.561
127.561
127.561
127.561
127.561
127.561
127.561
127.561
125.979
125.979
125.979
125.979
125.979
125.979
125.979
125.979
125.979
125.979
112.518
112.518
112.518
112.518
112.518
112.518
112.518
112.518
112.518
82.2544
82.2544
82.2544
82.2544
82.2544
82.2544
82.2544
82.2544
82.2544
33.8574
33.8574
33.8574
33.8574
33.8574
33.8574
33.8574
33.8574
33.8574
33.8574
78.6501
78.6501
78.6501
78.6501
78.6501
78.6501
78.6501
78.6501
78.6501
78.6501
35.6226
35.6226
35.6226
35.6226
35.6226
35.6226
35.6226
35.6226
35.6226
0
0
0
0
0
0
0
0
0
0
0
0
0
0
0
0
0
0
0
0
0
0
0
0
0
0
0
0
0
0
0
0
0
0
0
0
0
0
0
0
0
0
0
0
0
0
0
0
0
0
0
0
0
0
0
0
0
0
0
0
0
0
0
0
0
0
0
0
0
0
0
0
0
0
0
0
0
0
0
0
0
0
0
0
0
0
0
0
0
0
0
0
0
0
0
0
0
0
0
0
0
0
0
0
0
0
0
0
0
0
0
0
0
0
0
0
0
0
0
0
0
0
0
0
0
0
0
0
0
0
0
0
0
0
0
0
0
0
0
0
0
0
0
0
0
0
0
0
0
0
0
0
0
0
0
0
0
0
0
0
0
0
0
0
0
0
0
0
0
0
0
0
0
0
0
0
0
0
0
0
0
0
0
0
0
0
0
0
0
0
0
0
0
0
0
0
0
0
0
0
0
0
0
0
0
0
0
0
0
0
0
0
0
0
0
0
0
0
0
0
0
0
0
0
0
0
0
0
0
0
0
0
0
0
0
0
0
0
0
0
0
0
0
0
0
0
0
0
0
0
0
0
0
0
0
0
0
0
0
0
0
0
0
0
0
0
0
0
0
0
0
0
0
0
0
0
0
0
0
0
0
0
0
0
0
0
0
0
0
0
0
0
0
0
0
0
0
0
0
0
0
0
0
0
0
0
0
0
0
0
0
0
0
0
0
0
0
0
0
0
0
0
0
0
0
0
0
0
0
0
0
0
0
0
0
0
0
0
0
0
0
0
0
0
0
0
0
0
0
0
0
0
0
0
0
0
0
0
0
0
0
0
0
0
0
0
0
0
0
0
0
0
0
0
0
0
0
0
0
0
0
0
0
0
0
0
0
0
0
0
0
0
0
0
0
0
0
0
0
0
0
0
0
0
0
0
0
0
0
0
0
0
0
0
0
0
0
0
0
0
0
0
0
0
0
0
0
0
0
0
0
0
0
0
0
0
0
0
0
0
0
0
0
0
0
0
0
0
0
0
0
0
0
0
0
0
0
0
0
0
0
0
0
0
0
0
0
0
0
0
0
0
0
0
0
0
0
0
0
0
0
0
0
0
0
0
0
0
0
0
0
0
0
0
0
0
0
0
0
0
0
0
0
0
0
0
0
0
0
0
0
0
0
0
0
0
0
0
0
0
0
0
0
0
0
0
0
0
0
0
0
0
0
0
0
0
0
0
0
0
0
0
0
0
0
0
0
0
0
0
0
0
0
0
0
0
0
0
0
0
0
0
0
0
0
0
0
0
0
0
0
0
0
0
0
0
0
0
0
0
0
0
0
0
0
0
0
0
0
0
0
0
0
0
0
0
0
0
0
0
0
0
0
0
0
0
0
0
0
0
0
0
0
0
0
0
0
0
0
0
0
0
0
0
0
0
0
0
0
0
0
0
0
0
0
0
0
0
0
0
0
0
0
0
0
0
0
0
0
0
0
0
0
0
0
0
0
0
0
0
0
0
0
0
0
0
0
0
0
0
0
0
0
0
0
0
0
0
0
0
0
0
0
0
0
0
0
0
0
0
0
0
0
0
0
0
0
0
0
0
0
0
0
0
0
0
0
0
0
0
0
0
0
0
0
0
0
0
0
0
0
0
0
0
0
0
0
0
0
0
0
0
0
0
0
0
0
0
0
0
0
0
0
0
0
0
0
0
0
0
0
0
0
0
0
0
0
0
0
0
0
0
0
0
0
0
0
0
0
0
0
0
0
0
0
0
0
0
0
0
0
0
0
0
0
0
0
0
0
0
0
0
0
0
0
0
0
0
0
0
0
0
0
0
0
0
0
0
0
0
0
0
0
0
0
0
0
0
0
0
0
0
0
0
0
0
0
0
0
0
0
0
0
0
0
0
0
0
0
0
0
0
0
0
0
0
0
0
0
0
0
0
0
0
0
0
0
0
0
0
0
0
0
0
0
0
0
0
0
0
0
0
0
0
0
0
0
0
0
0
0
0
0
0
0
0
0
0
0
0
0
0
0
0
0
0
0
0
0
0
0
0
0
0
0
0
0
0
0
0
0
0
0
0
0
0
0
0
0
0
0
0
0
0
0
0
0
0
0
0
0
0
0
0
0
0
0
0
0
0
0
0
0
0
0
0
0
0
0
0
0
0
0
0
0
0
0
0
0
0
0
0
0
0
0
0
0
0
0
0
0
0
0
0
0
0
0
0
0
0
0
0
0
0
0
0
0
0
0
0
0
0
0
0
0
0
0
0
0
0
0
0
0
0
0
0
0
0
0
0
0
0
0
0
0
0
0
0
0
0
0
0
0
0
0
0
0
0
0
0
0
0
0
0
0
0
0
0
0
0
0
0
0
0
0
0
0
0
0
0
0
0
0
0
0
0
0
0
0
0
0
0
0
0
0
0
0
0
0
0
0
0
0
0
0
0
0
0
0
0
0
0
0
0
0
0
0
0
0
0
0
0
0
0
0
0
0
0
0
0
0
0
0
0
0
0
0
0
0
0
0
0
0
0
0
0
0
0
0
0
0
0
0
0
0
0
0
0
0
0
0
0
0
0
0
0
0
0
0
0
0
0
0
0
0
0
0
0
0
0
0
0
0
0
0
0
0
0
0
0
0
0
0
0
0
0
0
0
0
0
0
0
0
0
0
0
0
0
0
0
0
0
0
0
0
0
0
0
0
0
0
0
0
0
0
0
0
0
0
0
0
0
0
0
0
0
0
0
0
0
0
0
0
0
0
0
0
0
0
0
0
0
0
0
0
0
0
0
0
0
0
0
0
0
0
0
0
0
0
0
0
0
0
0
0
0
0
0
0
0
0
0
0
0
0
0
0
0
0
0
0
0
0
0
0
0
0
0
0
0
0
0
0
0
0
0
0
0
0
0
0
0
0
0
0
0
0
0
0
0
0
0
0
0
0
0
0
0
0
0
0
0
0
0
0
0
0
0
0
0
0
0
0
0
0
0
0
0
0
0
0
0
0
0
0
0
0
0
0
0
0
0
0
0
0
0
0
0
0
0
0
0
0
0
0
0
0
0
0
0
0
0
0
0
0
0
0
0
0
0
0
0
0
0
0
0
0
0
0
0
0
0
0
0
0
0
0
0
0
0
0
0
0
0
0
0
0
0
0
0
0
0
0
0
0
0
0
0
0
0
0
0
0
0
0
0
0
0
0
0
0
0
0
0
0
0
0
0
0
0
0
0
0
0
0
0
0
0
0
0
0
0
0
0
0
0
0
0
0
0
0
0
0
0
0
0
0
0
0
0
0
0
0
0
0
0
0
0
0
0
0
0
0
0
0
0
0
0
0
0
0
0
0
0
0
0
0
0
0
0
0
0
0
0
0
0
0
0
0
0
0
0
0
0
0
0
0
0
0
0
0
0
0
0
0
0
0
0
0
0
0
0
0
0
0
0
0
0
0
0
0
0
0
0
0
0
0
0
0
0
0
0
0
0
0
0
0
0
0
0
0
0
0
0
0
0
0
0
0
0
0
0
0
0
0
0
0
0
0
0
0
0
0
0
0
0
0
0
0
0
0
0
0
0
0
0
0
0
0
0
0
0
0
0
0
0
0
0
0
0
0
0
0
0
0
0
0
0
0
0
0
0
0
0
0
0
0
0
0
0
0
0
0
0
0
0
0
0
0
0
0
0
0
0
0
0
0
0
0
0
0
0
0
0
0
0
0
0
0
0
0
0
0
0
0
0
0
0
0
0
0
0
0
0
0
0
0
0
0
0
0
0
0
0
0
0
0
0
0
0
0
0
0
0
0
0
0
0
0
0
0
0
0
0
0
0
0
0
0
0
0
0
0
0
0
0
0
0
0
0
0
0
0
0
0
0
0
0
0
0
0
0
0
0
0
0
0
0
0
0
0
0
0
0
0
0
0
0
0
0
0
0
0
0
0
0
0
0
0
0
0
0
0
0
0
0
0
0
0
0
0
0
0
0
0
0
0
0
0
0
0
0
0
0
0
0
0
0
0
0
0
0
0
0
0
0
0
0
0
0
0
0
0
0
0
0
0
0
0
0
0
0
0
0
0
0
0
0
0
0
0
0
0
0
0
0
0
0
0
0
0
0
0
0
0
0
0
0
0
0
0
0
0
0
0
0
0
0
0
0
0
0
0
0
0
0
0
0
0
0
0
0
0
0
0
0
0
0
0
0
0
0
0
0
0
0
0
0
0
0
0
0
0
0
0
0
0
0
0
0
0
0
0
0
0
0
0
0
0
0
0
0
0
0
0
0
0
0
0
0
0
0
0
0
0
0
0
0
0
0
0
0
0
0
0
0
0
0
0
0
0
0
0
0
0
0
0
0
0
0
0
0
0
0
0
0
0
0
0
0
0
0
0
0
0
0
0
0
0
0
0
0
0
0
0
0
0
0
0
0
0
0
0
0
0
0
0
0
0
0
0
0
0
0
0
0
0
0
0
0
0
0
0
0
0
0
0
0
0
0
0
0
0
0
0
0
0
0
0
0
0
0
0
0
0
0
0
0
0
0
0
0
0
0
0
0
0
0
0
0
0
0
0
0
0
0
0
0
0
0
0
0
0
0
0
0
0
0
0
0
0
0
0
0
0
0
0
0
0
0
0
0
0
0
0
0
0
0
0
0
0
0
0
0
0
0
0
0
0
0
0
0
0
0
0
0
0
0
0
0
0
0
0
0
0
0
0
0
0
0
0
0
0
0
0
0
0
0
0
0
0
0
0
0
0
0
0
0
0
0
0
0
0
0
0
0
0
0
0
0
0
0
0
0
0
0
0
0
0
0
0
0
0
0
0
0
0
0
0
0
0
0
0
0
0
0
0
0
0
0
0
0
0
0
0
0
0
0
0
0
0
0
0
0
0
0
0
0
0
0
0
0
0
0
0
0
0
0
0
0
0
0
0
0
0
0
0
0
0
0
0
0
0
0
0
0
0
0
0
0
0
0
0
0
0
0
0
0
0
0
0
0
0
0
0
0
0
0
0
0
0
0
0
0
0
0
0
0
0
0
0
0
0
0
0
0
0
0
0
0
0
0
0
0
0
0
0
0
0
0
0
0
0
0
0
0
0
0
0
0
0
0
0
0
0
0
0
0
0
0
0
0
0
0
0
0
0
0
0
0
0
0
0
0
0
0
0
0
0
0
0
0
0
0
0
0
0
0
0
0
0
0
0
0
0
0
0
0
0
0
0
0
0
0
0
0
0
0
0
0
0
0
0
0
0
0
0
0
0
0
0
0
0
0
0
0
0
0
0
0
0
0
0
0
0
0
0
0
0
0
0
0
0
0
0
0
0
0
0
0
0
0
0
0
0
0
0
0
0
0
0
0
0
0
0
0
0
0
0
0
0
0
0
0
0
0
0
0
0
0
0
0
0
0
0
0
0
0
0
0
0
0
0
0
0
0
0
0
0
0
0
0
0
0
0
0
0
0
0
0
0
0
0
0
0
0
0
0
0
0
0
0
0
0
0
0
0
0
0
0
0
0
0
0
0
0
0
0
0
0
0
0
0
0
0
0
0
0
0
0
0
0
0
0
0
0
0
0
0
0
0
0
0
0
0
0
0
0
0
0
0
0
0
0
0
0
0
0
0
0
0
0
0
0
0
0
0
0
0
0
0
0
0
0
0
0
0
0
0
0
0
0
0
0
0
0
0
0
0
0
0
0
0
0
0
0
0
0
0
0
0
0
0
0
0
0
0
0
0
0
0
0
0
0
0
0
0
0
0
0
0
0
0
0
0
0
0
0
0
0
0
0
0
0
0
0
0
0
0
0
0
0
0
0
0
0
0
0
0
0
0
0
0
0
0
0
0
0
0
0
0
0
0
0
0
0
0
0
0
0
0
0
0
0
0
0
0
0
0
0
0
0
0
0
0
0
0
0
0
0
0
0
0
0
0
0
0
0
0
0
0
0
0
0
0
0
0
0
0
0
0
0
0
0
0
0
0
0
0
0
0
0
0
0
0
0
0
0
0
0
0
0
0
0
0
0
0
0
0
0
0
0
0
0
0
0
0
0
0
0
0
0
0
0
0
0
0
0
0
0
0
0
0
0
0
0
0
0
0
0
0
0
0
0
0
0
0
0
0
0
0
0
0
0
0
0
0
0
0
0
0
0
0
0
0
0
0
0
0
0
0
0
0
0
0
0
0
0
0
0
0
0
0
0
0
0
0
0
0
0
0
0
0
0
0
0
0
0
0
0
0
0
0
0
0
0
0
0
0
0
0
0
0
0
0
0
0
0
0
0
0
0
0
0
0
0
0
0
0
0
0
0
0
0
0
0
0
0
0
0
0
0
0
0
0
0
0
0
0
0
0
0
0
0
0
0
0
0
0
0
0
0
0
0
0
0
0
0
0
0
0
0
0
0
0
0
0
0
0
0
0
0
0
0
0
0
0
0
0
0
0
0
0
0
0
0
0
0
0
0
0
0
0
0
0
0
0
0
0
0
0
0
0
0
0
0
0
0
0
0
0
0
0
0
0
0
0
0
0
0
0
0
0
0
0
0
0
0
0
0
0
0
0
0
0
0
0
0
0
0
0
0
0
0
0
0
0
0
0
0
0
0
0
0
0
0
0
0
0
0
0
0
0
0
0
0
0
0
0
0
0
0
0
0
0
0
0
0
0
0
0
0
0
0
0
0
0
0
0
0
0
0
0
0
0
0
0
0
0
0
0
0
0
0
0
0
0
0
0
0
0
0
0
0
0
0
0
0
0
0
0
0
0
0
0
0
0
0
0
0
0
0
0
0
0
0
0
0
0
0
0
0
0
0
0
0
0
0
0
0
0
0
0
0
0
0
0
0
0
0
0
0
0
0
0
0
0
0
0
0
0
0
0
0
0
0
0
0
0
0
0
0
0
0
0
0
0
0
0
0
0
0
0
0
0
0
0
0
0
0
0
0
0
0
0
0
0
0
0
0
0
0
0
0
0
0
0
0
0
0
0
0
0
0
0
0
0
0
0
0
0
0
0
0
0
0
0
0
0
0
0
0
0
0
0
0
0
0
0
0
0
0
0
0
0
0
0
0
0
0
0
0
0
0
0
0
0
0
0
0
0
0
0
0
0
0
0
0
0
0
0
0
0
0
0
0
0
0
0
0
0
0
0
0
0
0
0
0
0
0
0
0
0
0
0
0
0
0
0
0
0
0
0
0
0
0
0
0
0
0
0
0
0
0
0
0
0
0
0
0
0
0
0
0
0
0
0
0
0
0
0
0
0
0
0
0
0
0
0
0
0
0
0
0
0
0
0
0
0
0
0
0
0
0
0
0
0
0
0
0
0
0
0
0
0
0
0
0
0
0
0
0
0
0
0
0
0
0
0
0
0
0
0
0
0
0
0
0
0
0
0
0
0
0
0
0
0
0
0
0
0
0
0
0
0
0
0
0
0
0
0
0
0
0
0
0
0
0
0
0
0
0
0
0
0
0
0
0
0
0
0
0
0
0
0
0
0
0
0
0
0
0
0
0
0
0
0
0
0
0
0
0
0
0
0
0
0
0
0
0
0
0
0
0
0
0
0
0
0
0
0
0
0
0
0
0
0
0
0
0
0
0
0
0
0
0
0
0
0
0
0
0
0
0
0
0
0
0
0
0
0
0
0
0
0
0
0
0
0
0
0
0
0
0
0
0
0
0
0
0
0
0
0
0
0
0
0
0
0
0
0
0
0
0
0
0
0
0
0
0
0
0
0
0
0
0
0
0
0
0
0
0
0
0
0
0
0
0
0
0
0
0
0
0
0
0
0
0
0
0
0
0
0
0
0
0
0
0
0
0
0
0
0
0
0
0
0
0
0
0
0
0
0
0
0
0
0
0
0
0
0
0
0
0
0
0
0
0
0
0
0
0
0
0
0
0
0
0
0
0
0
0
0
0
0
0
0
0
0
0
0
0
0
0
0
0
0
0
0
0
0
0
0
0
0
0
0
0
0
0
0
0
0
0
0
0
0
0
0
0
0
0
0
0
0
0
0
0
0
0
0
0
0
0
0
0
0
0
0
0
0
0
0
0
0
0
0
0
0
0
0
0
0
0
0
0
0
0
0
0
0
0
0
0
0
0
0
0
0
0
0
0
0
0
0
0
0
0
0
0
0
0
0
0
0
0
0
0
0
0
0
0
0
0
0
0
0
0
0
0
0
0
0
0
0
0
0
0
0
0
0
0
0
0
0
0
0
0
0
0
0
0
0
0
0
0
0
0
0
0
0
0
0
0
0
0
0
0
0
0
0
0
0
0
0
0
0
0
0
0
0
0
0
0
0
0
0
0
0
0
0
0
0
0
0
0
0
0
0
0
0
0
0
0
0
0
0
0
0
0
0
0
0
0
0
0
0
0
0
0
0
0
0
0
0
0
0
0
0
0
0
0
0
0
0
0
0
0
0
0
0
0
0
0
0
0
0
0
0
0
0
0
0
0
0
0
0
0
0
0
0
0
0
0
0
0
0
0
0
0
0
0
0
0
0
0
0
0
0
0
0
0
0
0
0
0
0
0
0
0
0
0
0
0
0
0
0
0
0
0
0
0
0
0
0
0
0
0
0
0
0
0
0
0
0
0
0
0
0
0
0
0
0
0
0
0
0
0
0
0
0
0
0
0
0
0
0
0
0
0
0
0
0
0
0
0
0
0
0
0
0
0
0
0
0
0
0
0
0
0
0
0
0
0
0
0
0
0
0
0
0
0
0
0
0
0
0
0
0
0
0
0
0
0
0
0
0
0
0
0
0
0
0
0
0
0
0
0
0
0
0
0
0
0
0
0
0
0
0
0
0
0
0
0
0
0
0
0
0
0
0
0
0
0
0
0
0
0
0
0
0
0
0
0
0
0
0
0
0
0
0
0
0
0
0
0
0
0
0
0
0
0
0
0
0
0
0
0
0
0
0
0
0
0
0
0
0
0
0
0
0
0
0
0
0
0
0
0
0
0
0
0
0
0
0
0
0
0
0
0
0
0
0
0
0
0
0
0
0
0
0
0
0
0
0
0
0
0
0
0
0
0
0
0
0
0
0
0
0
0
0
0
0
0
0
0
0
0
0
0
0
0
0
0
0
0
0
0
0
0
0
0
0
0
0
0
0
0
0
0
0
0
0
0
0
0
0
0
0
0
0
0
0
0
0
0
0
0
0
0
0
0
0
0
0
0
0
0
0
0
0
0
0
0
0
0
0
0
0
0
0
0
0
0
0
0
0
0
0
0
0
0
0
0
0
0
0
0
0
0
0
0
0
0
0
0
0
0
0
0
0
0
0
0
0
0
0
0
0
0
0
0
0
0
0
0
0
0
0
0
0
0
0
0
0
0
0
0
0
0
0
0
0
0
0
0
0
0
0
0
0
0
0
0
0
0
0
0
0
0
0
0
0
0
0
0
0
0
0
0
0
0
0
0
0
0
0
0
0
0
0
0
0
0
0
0
0
0
0
0
0
0
0
0
0
0
0
0
0
0
0
0
0
0
0
0
0
0
0
0
0
0
0
0
0
0
0
0
0
0
0
0
0
0
0
0
0
0
0
0
0
0
0
0
0
0
0
0
0
0
0
0
0
0
0
0
0
0
0
0
0
0
0
0
0
0
0
0
0
0
0
0
0
0
0
0
0
0
0
0
0
0
0
0
0
0
0
0
0
0
0
0
0
0
0
0
0
0
0
0
0
0
0
0
0
0
0
0
0
0
0
0
0
0
0
0
0
0
0
0
0
0
0
0
0
0
0
0
0
0
0
0
0
0
0
0
0
0
0
0
0
0
0
0
0
0
0
0
0
0
0
0
0
0
0
0
0
0
0
0
0
0
0
0
0
0
0
0
0
0
0
0
0
0
0
0
0
0
0
0
0
0
0
0
0
0
0
0
0
0
0
0
0
0
0
0
0
0
0
0
0
0
0
0
0
0
0
0
0
0
0
0
0
0
0
0
0
0
0
0
0
0
0
0
0
0
0
0
0
0
0
0
0
0
0
0
0
0
0
0
0
0
0
0
0
0
0
0
0
0
0
0
0
0
0
0
0
0
0
0
0
0
0
0
0
0
0
0
0
0
0
0
0
0
0
0
0
0
0
0
0
0
0
0
0
0
0
0
0
0
0
0
0
0
0
0
0
0
0
0
0
0
0
0
0
0
0
0
0
0
0
0
0
0
0
0
0
0
0
0
0
0
0
0
0
0
0
0
0
0
0
0
0
0
0
0
0
0
0
0
0
0
0
0
0
0
0
0
0
0
0
0
0
0
0
0
0
0
0
0
0
0
0
0
0
0
0
0
0
0
0
0
0
0
0
0
0
0
0
0
0
0
0
0
0
0
0
0
0
0
0
0
0
0
0
0
0
0
0
0
0
0
0
0
0
0
0
0
0
0
0
0
0
0
0
0
0
0
0
0
0
0
0
0
0
0
0
0
0
0
0
0
0
0
0
0
0
0
0
0
0
0
0
0
0
0
0
0
0
0
0
0
0
0
0
0
0
0
0
0
0
0
0
0
0
0
0
0
0
0
0
0
0
0
0
0
0
0
0
0
0
0
0
0
0
0
0
0
0
0
0
0
0
0
0
0
0
0
0
0
0
0
0
0
0
0
0
0
0
0
0
0
0
0
0
0
0
0
0
0
0
0
0
0
0
0
0
0
0
0
0
0
0
0
0
0
0
0
0
0
0
0
0
0
0
0
0
0
0
0
0
0
0
0
0
0
0
0
0
0
0
0
0
0
0
0
0
0
0
0
0
0
0
0
0
0
0
0
0
0
0
0
0
0
0
0
0
0
0
0
0
0
0
0
0
0
0
0
0
0
0
0
0
0
0
0
0
0
0
0
0
0
0
0
0
0
0
0
0
0
0
0
0
0
0
0
0
0
0
0
0
0
0
0
0
0
0
0
0
0
0
0
0
0
0
0
0
0
0
0
0
0
0
0
0
0
0
0
0
0
0
0
0
0
0
0
0
0
0
0
0
0
0
0
0
0
0
0
0
0
0
0
0
0
0
0
0
0
0
0
0
0
0
0
0
0
0
0
0
0
0
0
0
0
0
0
0
0
0
0
0
0
0
0
0
0
0
0
0
0
0
0
0
0
0
0
0
0
0
0
0
0
0
0
0
0
0
0
0
0
0
0
0
0
0
0
0
0
0
0
0
0
0
0
0
0
0
0
0
0
0
0
0
0
0
0
0
0
0
0
0
0
0
0
0
0
0
0
0
0
0
0
0
0
0
0
0
0
0
0
0
0
0
0
0
0
0
0
0
0
0
0
0
0
0
0
0
0
0
0
0
0
0
0
0
0
0
0
0
0
0
0
0
0
0
0
0
0
0
0
0
0
0
0
0
0
0
0
0
0
0
0
0
0
0
0
0
0
0
0
0
0
0
0
0
0
0
0
0
0
0
0
0
0
0
0
0
0
0
0
0
0
0
0
0
0
0
0
0
0
0
0
0
0
0
0
0
0
0
0
0
0
0
0
0
0
0
0
0
0
0
0
0
0
0
0
0
0
0
0
0
0
0
0
0
0
0
0
0
0
0
0
0
0
0
0
0
0
0
0
0
0
0
0
0
0
0
0
0
0
0
0
0
0
0
0
0
0
0
0
0
0
0
0
0
0
0
0
0
0
0
0
0
0
0
0
0
0
0
0
0
0
0
0
0
0
0
0
0
0
0
0
0
0
0
0
0
0
0
0
0
0
0
0
0
0
0
0
0
0
0
0
0
0
0
0
0
0
0
0
0
0
0
0
0
0
0
0
0
0
0
0
0
0
0
0
0
0
0
0
0
0
0
0
0
0
0
0
0
0
0
0
0
0
0
0
0
0
0
0
0
0
0
0
0
0
0
0
0
0
0
0
0
0
0
0
0
0
0
0
0
0
0
0
0
0
0
0
0
0
0
0
0
0
0
0
0
0
0
0
0
0
0
0
0
0
0
0
0
0
0
0
0
0
0
0
0
0
0
0
0
0
0
0
0
0
0
0
0
0
0
0
0
0
0
0
0
0
0
0
0
0
0
0
0
0
0
0
0
0
0
0
0
0
0
0
0
0
0
0
0
0
0
0
0
0
0
0
0
0
0
0
0
0
0
0
0
0
0
0
0
0
0
0
0
0
0
0
0
0
0
0
0
0
0
0
0
0
0
0
0
0
0
0
0
0
0
0
0
0
0
0
0
0
0
0
0
0
0
0
0
0
0
0
0
0
0
0
0
0
0
0
0
0
0
0
0
0
0
0
0
0
0
0
0
0
0
0
0
0
0
0
0
0
0
0
0
0
0
0
0
0
0
0
0
0
0
0
0
0
0
0
0
0
0
0
0
0
0
0
0
0
0
0
0
0
0
0
0
0
0
0
0
0
0
0
0
0
0
0
0
0
0
0
0
0
0
0
0
0
0
0
0
0
0
0
0
0
0
0
0
0
0
0
0
0
0
0
0
0
0
0
0
0
0
0
0
0
0
0
0
0
0
0
0
0
0
0
0
0
0
0
0
0
0
0
0
0
0
0
0
0
0
0
0
0
0
0
0
0
0
0
0
0
0
0
0
0
0
0
0
0
0
0
0
0
0
0
0
0
0
0
0
0
0
0
0
0
0
0
0
0
0
0
0
0
0
0
0
0
0
0
0
0
0
0
0
0
0
0
0
0
0
0
0
0
0
0
0
0
0
0
0
0
0
0
0
0
0
0
0
0
0
0
0
0
0
0
0
0
0
0
0
0
0
0
0
0
0
0
0
0
0
0
0
0
0
0
0
0
0
0
0
0
0
0
0
0
0
0
0
0
0
0
0
0
0
0
0
0
0
0
0
0
0
0
0
0
0
0
0
0
0
0
0
0
0
0
0
0
0
0
0
0
0
0
0
0
0
0
0
0
0
0
0
0
0
0
0
0
0
0
0
0
0
0
0
0
0
0
0
0
0
0
0
0
0
0
0
0
0
0
0
0
0
0
0
0
0
0
0
0
0
0
0
0
0
0
0
0
0
0
0
0
0
0
0
0
0
0
0
0
0
0
0
0
0
0
0
0
0
0
0
0
0
0
0
0
0
0
0
0
0
0
0
0
0
0
0
0
0
0
0
0
0
0
0
0
0
0
0
0
0
0
0
0
0
0
0
0
0
0
0
0
0
0
0
0
0
0
0
0
0
0
0
0
0
0
0
0
0
0
0
0
0
0
0
0
0
0
0
0
0
0
0
0
0
0
0
0
0
0
0
0
0
0
0
0
0
0
0
0
0
0
0
0
0
0
0
0
0
0
0
0
0
0
0
0
0
0
0
0
0
0
0
0
0
0
0
0
0
0
0
0
0
0
0
0
0
0
0
0
0
0
0
0
0
0
0
0
0
0
0
0
0
0
0
0
0
0
0
0
0
0
0
0
0
0
0
0
0
0
0
0
0
0
0
0
0
0
0
0
0
0
0
0
0
0
0
0
0
0
0
0
0
0
0
0
0
0
0
0
0
0
0
0
0
0
0
0
0
0
0
0
0
0
0
0
0
0
0
0
0
0
0
0
0
0
0
0
0
0
0
0
0
0
0
0
0
0
0
0
0
0
0
0
0
0
0
0
0
0
0
0
0
0
0
0
0
0
0
0
0
0
0
0
0
0
0
0
0
0
0
0
0
0
0
0
0
0
0
0
0
0
0
0
0
0
0
0
0
0
0
0
0
0
0
0
0
0
0
0
0
0
0
0
0
0
0
0
0
0
0
0
0
0
0
0
0
0
0
0
0
0
0
0
0
0
0
0
0
0
0
0
0
0
0
0
0
0
0
0
0
0
0
0
0
0
0
0
0
0
0
0
0
0
0
0
0
0
0
0
0
0
0
0
0
0
0
0
0
0
0
0
0
0
0
0
0
0
0
0
0
0
0
0
0
0
0
0
0
0
0
0
0
0
0
0
0
0
0
0
0
0
0
0
0
0
0
0
0
0
0
0
0
0
0
0
0
0
0
0
0
0
0
0
0
0
0
0
0
0
0
0
0
0
0
0
0
0
0
0
0
0
0
0
0
0
0
0
0
0
0
0
0
0
0
0
0
0
0
0
0
0
0
0
0
0
0
0
0
0
0
0
0
0
0
0
0
0
0
0
0
0
0
0
0
0
0
0
0
0
0
0
0
0
0
0
0
0
0
0
0
0
0
0
0
0
0
0
0
0
0
0
0
0
0
0
0
0
0
0
0
0
0
0
0
0
0
0
0
0
0
0
0
0
0
0
0
0
0
0
0
0
0
0
0
0
0
0
0
0
0
0
0
0
0
0
0
0
0
0
0
0
0
0
0
0
0
0
0
0
0
0
0
0
0
0
0
0
0
0
0
0
0
0
0
0
0
0
0
0
0
0
0
0
0
0
0
0
0
0
0
0
0
0
0
0
0
0
0
0
0
0
0
0
0
0
0
0
0
0
0
0
0
0
0
0
0
0
0
0
0
0
0
0
0
0
0
0
0
0
0
0
0
0
0
0
0
0
0
0
0
0
0
0
0
0
0
0
0
0
0
0
0
0
0
0
0
0
0
0
0
0
0
0
0
0
0
0
0
0
0
0
0
0
0
0
0
0
0
0
0
0
0
0
0
0
0
0
0
0
0
0
0
0
0
0
0
0
0
0
0
0
0
0
0
0
0
0
0
0
0
0
0
0
0
0
0
0
0
0
0
0
0
0
0
0
0
0
0
0
0
0
0
0
0
0
0
0
0
0
0
0
0
0
0
0
0
0
0
0
0
0
0
0
0
0
0
0
0
0
0
0
0
0
0
0
0
0
0
0
0
0
0
0
0
0
0
0
0
0
0
0
0
0
0
0
0
0
0
0
0
0
0
0
0
0
0
0
0
0
0
0
0
0
0
0
0
0
0
0
0
0
0
0
0
0
0
0
0
0
0
0
0
0
0
0
0
0
0
0
0
0
0
0
0
0
0
0
0
0
0
0
0
0
0
0
0
0
0
0
0
0
0
0
0
0
0
0
0
0
0
0
0
0
0
0
0
0
0
0
0
0
0
0
0
0
0
0
0
0
0
0
0
0
0
0
0
0
0
0
0
0
0
0
0
0
0
0
0
0
0
0
0
0
0
0
0
0
0
0
0
0
0
0
0
0
0
0
0
0
0
0
0
0
0
0
0
0
0
0
0
0
0
0
0
0
0
0
0
0
0
0
0
0
0
0
0
0
0
0
0
0
0
0
0
0
0
0
0
0
0
0
0
0
0
0
0
0
0
0
0
0
0
0
0
0
0
0
0
0
0
0
0
0
0
0
0
0
0
0
0
0
0
0
0
0
0
0
0
0
0
0
0
0
0
0
0
0
0
0
0
0
0
0
0
0
0
0
0
0
0
0
0
0
0
0
0
0
0
0
0
0
0
0
0
0
0
0
0
0
0
0
0
0
0
0
0
0
0
0
0
0
0
0
0
0
0
0
0
0
0
0
0
0
0
0
0
0
0
0
0
0
0
0
0
0
0
0
0
0
0
0
0
0
0
0
0
0
0
0
0
0
0
0
0
0
0
0
0
0
0
0
0
0
0
0
0
0
0
0
0
0
0
0
0
0
0
0
0
0
0
0
0
0
0
0
0
0
0
0
0
0
0
0
0
0
0
0
0
0
0
0
0
0
0
0
0
0
0
0
0
0
0
0
0
0
0
0
0
0
0
0
0
0
0
0
0
0
0
0
0
0
0
0
0
0
0
0
0
0
0
0
0
0
0
0
0
0
0
0
0
0
0
0
0
0
0
0
0
0
0
0
0
0
0
0
0
0
0
0
0
0
0
0
0
0
0
0
0
0
0
0
0
0
0
0
0
0
0
0
0
0
0
0
0
0
0
0
0
0
0
0
0
0
0
0
0
0
0
0
0
0
0
0
0
0
0
0
0
0
0
0
0
0
0
0
0
0
0
0
0
0
0
0
0
0
0
0
0
0
0
0
0
0
0
0
0
0
0
0
0
0
0
0
0
0
0
0
0
0
0
0
0
0
0
0
0
0
0
0
0
0
0
0
0
0
0
0
0
0
0
0
0
0
0
0
0
0
0
0
0
0
0
0
0
0
0
0
0
0
0
0
0
0
0
0
0
0
0
0
0
0
0
0
0
0
0
0
0
0
0
0
0
0
0
0
0
0
0
0
0
0
0
0
0
0
0
0
0
0
0
0
0
0
0
0
0
0
0
0
0
0
0
0
0
0
0
0
0
0
0
0
0
0
0
0
0
0
0
0
0
0
0
0
0
0
0
0
0
0
0
0
0
0
0
0
0
0
0
0
0
0
0
0
0
0
0
0
0
0
0
0
0
0
0
0
0
0
0
0
0
0
0
0
0
0
0
0
0
0
0
0
0
0
0
0
0
0
0
0
0
0
0
0
0
0
0
0
0
0
0
0
0
0
0
0
0
0
0
0
0
0
0
0
0
0
0
0
0
0
0
0
0
0
0
0
0
0
0
0
0
0
0
0
0
0
0
0
0
0
0
0
0
0
0
0
0
0
0
0
0
0
0
0
0
0
0
0
0
0
0
0
0
0
0
0
0
0
0
0
0
0
0
0
0
0
0
0
0
0
0
0
0
0
0
0
0
0
0
0
0
0
0
0
0
0
0
0
0
0
0
0
0
0
0
0
0
0
0
0
0
0
0
0
0
0
0
0
0
0
0
0
0
0
0
0
0
0
0
0
0
0
0
0
0
0
0
0
0
0
0
0
0
0
0
0
0
0
0
0
0
0
0
0
0
0
0
0
0
0
0
0
0
0
0
0
0
0
0
0
0
0
0
0
0
0
0
0
0
0
0
0
0
0
0
0
0
0
0
0
0
0
0
0
0
0
0
0
0
0
0
0
0
0
0
0
0
0
0
0
0
0
0
0
0
0
0
0
0
0
0
0
0
0
0
0
0
0
0
0
0
0
0
0
0
0
0
0
0
0
0
0
0
0
0
0
0
0
0
0
0
0
0
0
0
0
0
0
0
0
0
0
0
0
0
0
0
0
0
0
0
0
0
0
0
0
0
0
0
0
0
0
0
0
0
0
0
0
0
0
0
0
0
0
0
0
0
0
0
0
0
0
0
0
0
0
0
0
0
0
0
0
0
0
0
0
0
0
0
0
0
0
0
0
0
0
0
0
0
0
0
0
0
0
0
0
0
0
0
0
0
0
0
0
0
0
0
0
0
0
0
0
0
0
0
0
0
0
0
0
0
0
0
0
0
0
0
0
0
0
0
0
0
0
0
0
0
0
0
0
0
0
0
0
0
0
0
0
0
0
0
0
0
0
0
0
0
0
0
0
0
0
0
0
0
0
0
0
0
0
0
0
0
0
0
0
0
0
0
0
0
0
0
0
0
0
0
0
0
0
0
0
0
0
0
0
0
0
0
0
0
0
0
0
0
0
0
0
0
0
0
0
0
0
0
0
0
0
0
0
0
0
0
0
0
0
0
0
0
0
0
0
0
0
0
0
0
0
0
0
0
0
0
0
0
0
0
0
0
0
0
0
0
0
0
0
0
0
0
0
0
0
0
0
0
0
0
0
0
0
0
0
0
0
0
0
0
0
0
0
0
0
0
0
0
0
0
0
0
0
0
0
0
0
0
0
0
0
0
0
0
0
0
0
0
0
0
0
0
0
0
0
0
0
0
0
0
0
0
0
0
0
0
0
0
0
0
0
0
0
0
0
0
0
0
0
0
0
0
0
0
0
0
0
0
0
0
0
0
0
0
0
0
0
0
0
0
0
0
0
0
0
0
0
0
0
0
0
0
0
0
0
0
0
0
0
0
0
0
0
0
0
0
0
0
0
0
0
0
0
0
0
0
0
0
0
0
0
0
0
0
0
0
0
0
0
0
0
0
0
0
0
0
0
0
0
0
0
0
0
0
0
0
0
0
0
0
0
0
0
0
0
0
0
0
0
0
0
0
0
0
0
0
0
0
0
0
0
0
0
0
0
0
0
0
0
0
0
0
0
0
0
0
0
0
0
0
0
0
0
0
0
0
0
0
0
0
0
0
0
0
0
0
0
0
0
0
0
0
0
0
0
0
0
0
0
0
0
0
0
0
0
0
0
0
0
0
0
0
0
0
0
0
0
0
0
0
0
0
0
0
0
0
0
0
0
0
0
0
0
0
0
0
0
0
0
0
0
0
0
0
0
0
0
0
0
0
0
0
0
0
0
0
0
0
0
0
0
0
0
0
0
0
0
0
0
0
0
0
0
0
0
0
0
0
0
0
0
0
0
0
0
0
0
0
0
0
0
0
0
0
0
0
0
0
0
0
0
0
0
0
0
0
0
0
0
0
0
0
0
0
0
0
0
0
0
0
0
0
0
0
0
0
0
0
0
0
0
0
0
0
0
0
0
0
0
0
0
0
0
0
0
0
0
0
0
0
