0
0
0
0
0
0
0
0
0
0
0
0
0
0
0
0
0
0
0
0
0
0
0
-44.2089
-44.2089
-48.979
-48.979
-48.979
-48.979
-48.979
-48.979
-48.979
-48.979
-48.979
-51
-51
-51
-51
-51
-51
-51
-51
-51
-51
-58
-58
-58
-58
-58
-58
-58
-58
-58
-73
-73
-73
-73
-73
-73
-73
-73
-73
-73
-94
-94
-94
-94
-94
-94
-94
-94
-94
-121
-121
-121
-121
-121
-121
-121
-121
-121
-155
-155
-155
-155
-155
-155
-155
-155
-155
-155
-196
-196
-196
-196
-196
-196
-196
-196
-196
-245
-245
-245
-245
-245
-245
-245
-245
-245
-245
-245
-299
-299
-299
-299
-299
-299
-299
-299
-299
-361
-361
-361
-361
-361
-361
-361
-361
-361
-361
-361
-361
-361
-420.507
-420.507
-420.507
-420.507
-420.507
-487.923
-487.923
-487.923
-487.923
-487.923
-487.923
-487.923
-487.923
-487.923
-487.923
-487.923
-546.514
-546.514
-546.514
-546.514
-546.514
-546.514
-546.514
-546.514
-605.987
-605.987
-605.987
-605.987
-605.987
-605.987
-605.987
-605.987
-605.987
-605.987
-659.328
-659.328
-659.328
-659.328
-659.328
-659.328
-659.328
-659.328
-659.328
-707.332
-707.332
-707.332
-707.332
-707.332
-707.332
-707.332
-707.332
-707.332
-707.332
-746.313
-746.313
-746.313
-746.313
-746.313
-746.313
-746.313
-746.313
-746.313
-769.922
-769.922
-769.922
-769.922
-769.922
-769.922
-769.922
-769.922
-769.922
-769.922
-781.829
-781.829
-781.829
-781.829
-781.829
-781.829
-781.829
-781.829
-781.829
-798.95
-798.95
-798.95
-798.95
-798.95
-798.95
-798.95
-798.95
-798.95
-798.95
-821.406
-821.406
-821.406
-821.406
-821.406
-821.406
-821.406
-821.406
-821.406
-821.406
-841.602
-841.602
-841.602
-841.602
-841.602
-841.602
-841.602
-841.602
-841.602
-854.695
-854.695
-854.695
-854.695
-854.695
-854.695
-854.695
-854.695
-854.695
-854.695
-870.134
-870.134
-870.134
-870.134
-870.134
-870.134
-870.134
-870.134
-870.134
-890.265
-890.265
-890.265
-890.265
-890.265
-890.265
-890.265
-890.265
-890.265
-890.265
-916.995
-916.995
-916.995
-916.995
-916.995
-916.995
-916.995
-916.995
-916.995
-951.161
-951.161
-951.161
-951.161
-951.161
-951.161
-951.161
-951.161
-951.161
-951.161
-992.435
-992.435
-992.435
-992.435
-992.435
-992.435
-992.435
-992.435
-992.435
-1041.51
-1041.51
-1041.51
-1041.51
-1041.51
-1041.51
-1041.51
-1041.51
-1041.51
-1041.51
-1096.34
-1096.34
-1096.34
-1096.34
-1096.34
-1096.34
-1096.34
-1096.34
-1096.34
-1152.91
-1152.91
-1152.91
-1152.91
-1152.91
-1152.91
-1152.91
-1152.91
-1152.91
-1152.91
-1213.56
-1213.56
-1213.56
-1213.56
-1213.56
-1213.56
-1213.56
-1213.56
-1213.56
-1273.57
-1273.57
-1273.57
-1273.57
-1273.57
-1273.57
-1273.57
-1273.57
-1273.57
-1273.57
-1327.83
-1327.83
-1327.83
-1327.83
-1327.83
-1327.83
-1327.83
-1327.83
-1327.83
-1383.78
-1383.78
-1383.78
-1383.78
-1383.78
-1383.78
-1383.78
-1383.78
-1383.78
-1383.78
-1442.07
-1442.07
-1442.07
-1442.07
-1442.07
-1442.07
-1442.07
-1442.07
-1442.07
-1501.79
-1501.79
-1501.79
-1501.79
-1501.79
-1501.79
-1501.79
-1501.79
-1501.79
-1501.79
-1562
-1562
-1562
-1562
-1562
-1562
-1562
-1562
-1562
-1621.95
-1621.95
-1621.95
-1621.95
-1621.95
-1621.95
-1621.95
-1621.95
-1621.95
-1621.95
-1679.63
-1679.63
-1679.63
-1679.63
-1679.63
-1679.63
-1679.63
-1679.63
-1679.63
-1679.63
-1733.17
-1733.17
-1733.17
-1733.17
-1733.17
-1733.17
-1733.17
-1733.17
-1733.17
-1785.91
-1785.91
-1785.91
-1785.91
-1785.91
-1785.91
-1785.91
-1785.91
-1785.91
-1785.91
-1842.97
-1842.97
-1842.97
-1842.97
-1842.97
-1842.97
-1842.97
-1842.97
-1842.97
-1898.78
-1898.78
-1898.78
-1898.78
-1898.78
-1898.78
-1898.78
-1898.78
-1898.78
-1898.78
-1953.03
-1953.03
-1953.03
-1953.03
-1953.03
-1953.03
-1953.03
-1953.03
-1953.03
-2006.73
-2006.73
-2006.73
-2006.73
-2006.73
-2006.73
-2006.73
-2006.73
-2006.73
-2006.73
-2062.33
-2062.33
-2062.33
-2062.33
-2062.33
-2062.33
-2062.33
-2062.33
-2062.33
-2062.33
-2117.05
-2117.05
-2117.05
-2117.05
-2117.05
-2117.05
-2117.05
-2117.05
-2117.05
-2169.42
-2169.42
-2169.42
-2169.42
-2169.42
-2169.42
-2169.42
-2169.42
-2169.42
-2169.42
-2222.55
-2222.55
-2222.55
-2222.55
-2222.55
-2222.55
-2222.55
-2222.55
-2222.55
-2281.35
-2281.35
-2281.35
-2281.35
-2281.35
-2281.35
-2281.35
-2281.35
-2281.35
-2281.35
-2334.21
-2334.21
-2334.21
-2334.21
-2334.21
-2334.21
-2334.21
-2334.21
-2334.21
-2387.12
-2387.12
-2387.12
-2387.12
-2387.12
-2387.12
-2387.12
-2387.12
-2387.12
-2444.87
-2444.87
-2444.87
-2444.87
-2444.87
-2444.87
-2444.87
-2444.87
-2444.87
-2444.87
-2498.79
-2498.79
-2498.79
-2498.79
-2498.79
-2498.79
-2498.79
-2498.79
-2498.79
-2553.74
-2553.74
-2553.74
-2553.74
-2553.74
-2553.74
-2553.74
-2553.74
-2553.74
-2553.74
-2607.64
-2607.64
-2607.64
-2607.64
-2607.64
-2607.64
-2607.64
-2607.64
-2607.64
-2666.43
-2666.43
-2666.43
-2666.43
-2666.43
-2666.43
-2666.43
-2666.43
-2666.43
-2666.43
