0
0
0
0
0
0
0
0
0
0
0
0
0
0
0
0
0
0
0
0
0
0
0
-0.0175646
-0.0175646
-0.0168039
-0.0168039
-0.0168039
-0.0168039
-0.0168039
-0.0168039
-0.0168039
-0.0168039
-0.0168039
-0.0177921
-0.0177921
-0.0177921
-0.0177921
-0.0177921
-0.0177921
-0.0177921
-0.0177921
-0.0177921
-0.0177921
-0.0180262
-0.0180262
-0.0180262
-0.0180262
-0.0180262
-0.0180262
-0.0180262
-0.0180262
-0.0180262
-0.0195089
-0.0195089
-0.0195089
-0.0195089
-0.0195089
-0.0195089
-0.0195089
-0.0195089
-0.0195089
-0.0195089
-0.0191707
-0.0191707
-0.0191707
-0.0191707
-0.0191707
-0.0191707
-0.0191707
-0.0191707
-0.0191707
-0.0190147
-0.0190147
-0.0190147
-0.0190147
-0.0190147
-0.0190147
-0.0190147
-0.0190147
-0.0190147
-0.0193008
-0.0193008
-0.0193008
-0.0193008
-0.0193008
-0.0193008
-0.0193008
-0.0193008
-0.0193008
-0.0193008
-0.0170898
-0.0170898
-0.0170898
-0.0170898
-0.0170898
-0.0170898
-0.0170898
-0.0170898
-0.0170898
-0.0184164
-0.0184164
-0.0184164
-0.0184164
-0.0184164
-0.0184164
-0.0184164
-0.0184164
-0.0184164
-0.0184164
-0.0184164
-0.0214078
-0.0214078
-0.0214078
-0.0214078
-0.0214078
-0.0214078
-0.0214078
-0.0214078
-0.0214078
-0.0147825
-0.0147825
-0.0147825
-0.0147825
-0.0147825
-0.0147825
-0.0147825
-0.0147825
-0.0147825
-0.0147825
-0.0147825
-0.0147825
-0.0147825
-0.0138219
-0.0138219
-0.0138219
-0.0138219
-0.0138219
-0.0146673
-0.0146673
-0.0146673
-0.0146673
-0.0146673
-0.0146673
-0.0146673
-0.0146673
-0.0146673
-0.0146673
-0.0146673
-0.0129404
-0.0129404
-0.0129404
-0.0129404
-0.0129404
-0.0129404
-0.0129404
-0.0129404
-0.01796
-0.01796
-0.01796
-0.01796
-0.01796
-0.01796
-0.01796
-0.01796
-0.01796
-0.01796
-0.0119042
-0.0119042
-0.0119042
-0.0119042
-0.0119042
-0.0119042
-0.0119042
-0.0119042
-0.0119042
-0.0132397
-0.0132397
-0.0132397
-0.0132397
-0.0132397
-0.0132397
-0.0132397
-0.0132397
-0.0132397
-0.0132397
-0.0112365
-0.0112365
-0.0112365
-0.0112365
-0.0112365
-0.0112365
-0.0112365
-0.0112365
-0.0112365
-0.00683861
-0.00683861
-0.00683861
-0.00683861
-0.00683861
-0.00683861
-0.00683861
-0.00683861
-0.00683861
-0.00683861
-0.00957866
-0.00957866
-0.00957866
-0.00957866
-0.00957866
-0.00957866
-0.00957866
-0.00957866
-0.00957866
-0.0107299
-0.0107299
-0.0107299
-0.0107299
-0.0107299
-0.0107299
-0.0107299
-0.0107299
-0.0107299
-0.0107299
-0.0139075
-0.0139075
-0.0139075
-0.0139075
-0.0139075
-0.0139075
-0.0139075
-0.0139075
-0.0139075
-0.0139075
0.475496
0.475496
0.475496
0.475496
0.475496
0.475496
0.475496
0.475496
0.475496
1.04027
1.04027
1.04027
1.04027
1.04027
1.04027
1.04027
1.04027
1.04027
1.04027
2.00979
2.00979
2.00979
2.00979
2.00979
2.00979
2.00979
2.00979
2.00979
3.46903
3.46903
3.46903
3.46903
3.46903
3.46903
3.46903
3.46903
3.46903
3.46903
5.23866
5.23866
5.23866
5.23866
5.23866
5.23866
5.23866
5.23866
5.23866
7.0867
7.0867
7.0867
7.0867
7.0867
7.0867
7.0867
7.0867
7.0867
7.0867
8.95452
8.95452
8.95452
8.95452
8.95452
8.95452
8.95452
8.95452
8.95452
10.8882
10.8882
10.8882
10.8882
10.8882
10.8882
10.8882
10.8882
10.8882
10.8882
12.8871
12.8871
12.8871
12.8871
12.8871
12.8871
12.8871
12.8871
12.8871
14.9085
14.9085
14.9085
14.9085
14.9085
14.9085
14.9085
14.9085
14.9085
14.9085
16.9334
16.9334
16.9334
16.9334
16.9334
16.9334
16.9334
16.9334
16.9334
18.9483
18.9483
18.9483
18.9483
18.9483
18.9483
18.9483
18.9483
18.9483
18.9483
20.8513
20.8513
20.8513
20.8513
20.8513
20.8513
20.8513
20.8513
20.8513
22.8661
22.8661
22.8661
22.8661
22.8661
22.8661
22.8661
22.8661
22.8661
22.8661
24.8867
24.8867
24.8867
24.8867
24.8867
24.8867
24.8867
24.8867
24.8867
26.9175
26.9175
26.9175
26.9175
26.9175
26.9175
26.9175
26.9175
26.9175
26.9175
28.9395
28.9395
28.9395
28.9395
28.9395
28.9395
28.9395
28.9395
28.9395
30.9661
30.9661
30.9661
30.9661
30.9661
30.9661
30.9661
30.9661
30.9661
30.9661
32.9912
32.9912
32.9912
32.9912
32.9912
32.9912
32.9912
32.9912
32.9912
32.9912
34.9981
34.9981
34.9981
34.9981
34.9981
34.9981
34.9981
34.9981
34.9981
37.0086
37.0086
37.0086
37.0086
37.0086
37.0086
37.0086
37.0086
37.0086
37.0086
39.0126
39.0126
39.0126
39.0126
39.0126
39.0126
39.0126
39.0126
39.0126
40.7656
40.7656
40.7656
40.7656
40.7656
40.7656
40.7656
40.7656
40.7656
40.7656
42.1905
42.1905
42.1905
42.1905
42.1905
42.1905
42.1905
42.1905
42.1905
43.2601
43.2601
43.2601
43.2601
43.2601
43.2601
43.2601
43.2601
43.2601
43.2601
43.8834
43.8834
43.8834
43.8834
43.8834
43.8834
43.8834
43.8834
43.8834
43.8834
44.1203
44.1203
44.1203
44.1203
44.1203
44.1203
44.1203
44.1203
44.1203
44.2687
44.2687
44.2687
44.2687
44.2687
44.2687
44.2687
44.2687
44.2687
44.2687
44.4173
44.4173
44.4173
44.4173
44.4173
44.4173
44.4173
44.4173
44.4173
44.5046
44.5046
44.5046
44.5046
44.5046
44.5046
44.5046
44.5046
44.5046
44.5046
44.506
44.506
44.506
44.506
44.506
44.506
44.506
44.506
44.506
44.5026
44.5026
44.5026
44.5026
44.5026
44.5026
44.5026
44.5026
44.5026
44.5065
44.5065
44.5065
44.5065
44.5065
44.5065
44.5065
44.5065
44.5065
44.5065
44.5054
44.5054
44.5054
44.5054
44.5054
44.5054
44.5054
44.5054
44.5054
44.5069
44.5069
44.5069
44.5069
44.5069
44.5069
44.5069
44.5069
44.5069
44.5069
44.5039
44.5039
44.5039
44.5039
44.5039
44.5039
44.5039
44.5039
44.5039
44.5045
44.5045
44.5045
44.5045
44.5045
44.5045
44.5045
44.5045
44.5045
44.5045
