0
0
0
0
0
0
0
0
0
0
0
0
0
0
0
0
0
0
0
0
0
-2.22466e-07
-2.22466e-07
-2.22466e-07
6.39273e-07
6.39273e-07
6.39273e-07
6.39273e-07
6.39273e-07
6.39273e-07
6.39273e-07
6.39273e-07
6.39273e-07
0.000190721
0.000190721
0.000190721
0.000190721
0.000190721
0.000190721
0.000190721
0.000190721
0.000190721
0.00105578
0.00105578
0.00105578
0.00105578
0.00105578
0.00105578
0.00105578
0.00105578
0.00105578
0.00105578
0.00255282
0.00255282
0.00255282
0.00255282
0.00255282
0.00255282
0.00255282
0.00255282
0.00255282
0.00434208
0.00434208
0.00434208
0.00434208
0.00434208
0.00434208
0.00434208
0.00434208
0.00434208
0.00434208
0.00538154
0.00538154
0.00538154
0.00538154
0.00538154
0.00538154
0.00538154
0.00538154
0.00538154
0.0067048
0.0067048
0.0067048
0.0067048
0.0067048
0.0067048
0.0067048
0.0067048
0.0067048
0.0067048
0.00857767
0.00857767
0.00857767
0.00857767
0.00857767
0.00857767
0.00857767
0.00857767
0.00857767
0.00857767
0.00981696
0.00981696
0.00981696
0.00981696
0.00981696
0.00981696
0.00981696
0.00981696
0.00981696
0.0102464
0.0102464
0.0102464
0.0102464
0.0102464
0.0102464
0.0102464
0.0102464
0.0102464
0.0102464
0.0153536
0.0153536
0.0153536
0.0153536
0.0153536
0.0153536
0.0153536
0.0153536
0.0153536
0.0153536
0.0153536
0.0153536
7.32047
7.32047
7.32047
7.32047
7.32047
7.32047
7.32047
13.2178
13.2178
13.2178
13.2178
13.2178
13.2178
13.2178
13.2178
13.2178
13.2178
13.2178
13.2178
25.645
25.645
25.645
25.645
25.645
25.645
25.645
41.2456
41.2456
41.2456
41.2456
41.2456
41.2456
41.2456
41.2456
41.2456
41.2456
64.165
64.165
64.165
64.165
64.165
64.165
64.165
64.165
64.165
64.165
94.5002
94.5002
94.5002
94.5002
94.5002
94.5002
94.5002
94.5002
94.5002
129.648
129.648
129.648
129.648
129.648
129.648
129.648
129.648
129.648
172.129
172.129
172.129
172.129
172.129
172.129
172.129
172.129
172.129
172.129
219.004
219.004
219.004
219.004
219.004
219.004
219.004
219.004
219.004
269.998
269.998
269.998
269.998
269.998
269.998
269.998
269.998
269.998
269.998
324.578
324.578
324.578
324.578
324.578
324.578
324.578
324.578
324.578
377.549
377.549
377.549
377.549
377.549
377.549
377.549
377.549
377.549
377.549
435.255
435.255
435.255
435.255
435.255
435.255
435.255
435.255
435.255
483.014
483.014
483.014
483.014
483.014
483.014
483.014
483.014
483.014
483.014
517.252
517.252
517.252
517.252
517.252
517.252
517.252
517.252
517.252
517.252
542.784
542.784
542.784
542.784
542.784
542.784
542.784
542.784
542.784
569.096
569.096
569.096
569.096
569.096
569.096
569.096
569.096
569.096
569.096
597.755
597.755
597.755
597.755
597.755
597.755
597.755
597.755
597.755
624.725
624.725
624.725
624.725
624.725
624.725
624.725
624.725
624.725
624.725
658.368
658.368
658.368
658.368
658.368
658.368
658.368
658.368
658.368
687.848
687.848
687.848
687.848
687.848
687.848
687.848
687.848
687.848
687.848
711.35
711.35
711.35
711.35
711.35
711.35
711.35
711.35
711.35
711.35
731.841
731.841
731.841
731.841
731.841
731.841
731.841
731.841
731.841
748.234
748.234
748.234
748.234
748.234
748.234
748.234
748.234
748.234
748.234
750.665
750.665
750.665
750.665
750.665
750.665
750.665
750.665
750.665
749.83
749.83
749.83
749.83
749.83
749.83
749.83
749.83
749.83
749.83
748.867
748.867
748.867
748.867
748.867
748.867
748.867
748.867
748.867
742.881
742.881
742.881
742.881
742.881
742.881
742.881
742.881
742.881
742.881
733.422
733.422
733.422
733.422
733.422
733.422
733.422
733.422
733.422
719.012
719.012
719.012
719.012
719.012
719.012
719.012
719.012
719.012
719.012
710.798
710.798
710.798
710.798
710.798
710.798
710.798
710.798
710.798
698.763
698.763
698.763
698.763
698.763
698.763
698.763
698.763
698.763
698.763
674.408
674.408
674.408
674.408
674.408
674.408
674.408
674.408
674.408
640.037
640.037
640.037
640.037
640.037
640.037
640.037
640.037
640.037
640.037
640.037
601.348
601.348
601.348
601.348
601.348
601.348
601.348
601.348
601.348
601.348
561.006
561.006
561.006
561.006
561.006
561.006
561.006
561.006
521.857
521.857
521.857
521.857
521.857
521.857
521.857
521.857
521.857
521.857
486.699
486.699
486.699
486.699
486.699
486.699
486.699
486.699
486.699
448.072
448.072
448.072
448.072
448.072
448.072
448.072
448.072
448.072
448.072
408.539
408.539
408.539
408.539
408.539
408.539
408.539
408.539
408.539
369.208
369.208
369.208
369.208
369.208
369.208
369.208
369.208
369.208
369.208
328.806
328.806
328.806
328.806
328.806
328.806
328.806
328.806
328.806
294.422
294.422
294.422
294.422
294.422
294.422
294.422
294.422
294.422
259.022
259.022
259.022
259.022
259.022
259.022
259.022
259.022
259.022
259.022
220.057
220.057
220.057
220.057
220.057
220.057
220.057
220.057
220.057
183.863
183.863
183.863
183.863
183.863
183.863
183.863
183.863
183.863
183.863
147.118
147.118
147.118
147.118
147.118
147.118
147.118
147.118
147.118
147.118
114.614
114.614
114.614
114.614
114.614
114.614
114.614
114.614
114.614
87.0685
87.0685
87.0685
87.0685
87.0685
87.0685
87.0685
87.0685
87.0685
87.0685
63.8005
63.8005
63.8005
63.8005
63.8005
63.8005
63.8005
63.8005
63.8005
46.3095
46.3095
46.3095
46.3095
46.3095
46.3095
46.3095
46.3095
46.3095
46.3095
37.0162
37.0162
37.0162
37.0162
37.0162
37.0162
37.0162
37.0162
37.0162
36.3323
36.3323
36.3323
36.3323
36.3323
36.3323
36.3323
36.3323
36.3323
36.3323
37.6301
37.6301
37.6301
37.6301
37.6301
37.6301
37.6301
37.6301
37.6301
37.6301
25.2764
25.2764
25.2764
25.2764
25.2764
25.2764
25.2764
25.2764
25.2764
27.258
27.258
27.258
27.258
27.258
27.258
27.258
27.258
27.258
27.258
25.9459
25.9459
25.9459
25.9459
25.9459
25.9459
25.9459
25.9459
25.9459
26.9442
26.9442
26.9442
26.9442
26.9442
26.9442
26.9442
26.9442
26.9442
26.9442
33.6749
33.6749
33.6749
33.6749
33.6749
33.6749
33.6749
33.6749
33.6749
45.6659
45.6659
45.6659
45.6659
45.6659
45.6659
45.6659
45.6659
45.6659
45.6659
63.8755
63.8755
63.8755
63.8755
63.8755
63.8755
63.8755
63.8755
63.8755
86.2345
86.2345
86.2345
86.2345
86.2345
86.2345
86.2345
86.2345
86.2345
86.2345
115.784
115.784
115.784
115.784
115.784
115.784
115.784
115.784
115.784
115.784
151.821
151.821
151.821
151.821
151.821
151.821
151.821
151.821
151.821
188.581
188.581
188.581
188.581
188.581
188.581
188.581
188.581
188.581
188.581
227.96
227.96
227.96
227.96
227.96
227.96
227.96
227.96
227.96
266.416
266.416
266.416
266.416
266.416
266.416
266.416
266.416
266.416
266.416
307.824
307.824
307.824
307.824
307.824
307.824
307.824
307.824
307.824
352.263
352.263
352.263
352.263
352.263
352.263
352.263
352.263
352.263
352.263
399.94
399.94
399.94
399.94
399.94
399.94
399.94
399.94
399.94
399.94
447.488
447.488
447.488
447.488
447.488
447.488
447.488
447.488
447.488
492.166
492.166
492.166
492.166
492.166
492.166
492.166
492.166
492.166
510.479
510.479
510.479
510.479
510.479
510.479
510.479
510.479
510.479
510.479
572.045
572.045
572.045
572.045
572.045
572.045
572.045
572.045
572.045
572.045
616.814
616.814
616.814
616.814
616.814
616.814
616.814
616.814
616.814
654.261
654.261
654.261
654.261
654.261
654.261
654.261
654.261
654.261
654.261
693.993
693.993
693.993
693.993
693.993
693.993
693.993
693.993
693.993
693.993
735.507
735.507
735.507
735.507
735.507
735.507
735.507
735.507
735.507
781.782
781.782
781.782
781.782
781.782
781.782
781.782
781.782
781.782
827.04
827.04
827.04
827.04
827.04
827.04
827.04
827.04
827.04
827.04
870.939
870.939
870.939
870.939
870.939
870.939
870.939
870.939
870.939
870.939
917.39
917.39
917.39
917.39
917.39
917.39
917.39
917.39
917.39
961.919
961.919
961.919
961.919
961.919
961.919
961.919
961.919
961.919
961.919
1005.65
1005.65
1005.65
1005.65
1005.65
1005.65
1005.65
1005.65
1005.65
1052.68
1052.68
1052.68
1052.68
1052.68
1052.68
1052.68
1052.68
1052.68
1052.68
1097.1
1097.1
1097.1
1097.1
1097.1
1097.1
1097.1
1097.1
1097.1
1140.21
1140.21
1140.21
1140.21
1140.21
1140.21
1140.21
1140.21
1140.21
1140.21
1187.19
1187.19
1187.19
1187.19
1187.19
1187.19
1187.19
1187.19
1187.19
1231.58
1231.58
1231.58
1231.58
1231.58
1231.58
1231.58
1231.58
1231.58
1231.58
1275.3
1275.3
1275.3
1275.3
1275.3
1275.3
1275.3
1275.3
1275.3
1322.25
1322.25
1322.25
1322.25
1322.25
1322.25
1322.25
1322.25
1322.25
1322.25
1366.63
1366.63
1366.63
1366.63
1366.63
1366.63
1366.63
1366.63
1366.63
1410.35
1410.35
1410.35
1410.35
1410.35
1410.35
1410.35
1410.35
1410.35
1410.35
1457.31
1457.31
1457.31
1457.31
1457.31
1457.31
1457.31
1457.31
1457.31
1501.69
1501.69
1501.69
1501.69
1501.69
1501.69
1501.69
1501.69
1501.69
1501.69
1510.44
1510.44
1510.44
1510.44
1510.44
1510.44
1510.44
1510.44
1510.44
1510.44
1579.83
1579.83
1579.83
1579.83
1579.83
1579.83
1579.83
1579.83
1579.83
1624.7
1624.7
1624.7
1624.7
1624.7
1624.7
1624.7
1624.7
1624.7
1624.7
1661.27
1661.27
1661.27
1661.27
1661.27
1661.27
1661.27
1661.27
1661.27
1694.11
1694.11
1694.11
1694.11
1694.11
1694.11
1694.11
1694.11
1694.11
1694.11
1731.52
1731.52
1731.52
1731.52
1731.52
1731.52
1731.52
1731.52
1731.52
1773.47
1773.47
1773.47
1773.47
1773.47
1773.47
1773.47
1773.47
1773.47
1773.47
1819.21
1819.21
1819.21
1819.21
1819.21
1819.21
1819.21
1819.21
1819.21
1819.21
1868.14
1868.14
1868.14
1868.14
1868.14
1868.14
1868.14
1868.14
1868.14
1915.76
1915.76
1915.76
1915.76
1915.76
1915.76
1915.76
1915.76
1915.76
1915.76
1960.74
1960.74
1960.74
1960.74
1960.74
1960.74
1960.74
1960.74
1960.74
2007.64
2007.64
2007.64
2007.64
2007.64
2007.64
2007.64
2007.64
2007.64
2007.64
2052.02
2052.02
2052.02
2052.02
2052.02
2052.02
2052.02
2052.02
2052.02
2096.44
2096.44
2096.44
2096.44
2096.44
2096.44
2096.44
2096.44
2096.44
2096.44
2140.77
2140.77
2140.77
2140.77
2140.77
2140.77
2140.77
2140.77
2140.77
2188.31
2188.31
2188.31
2188.31
2188.31
2188.31
2188.31
2188.31
2188.31
2188.31
2232.73
2232.73
2232.73
2232.73
2232.73
2232.73
2232.73
2232.73
2232.73
2277.14
2277.14
2277.14
2277.14
2277.14
2277.14
2277.14
2277.14
2277.14
2277.14
2320.86
2320.86
2320.86
2320.86
2320.86
2320.86
2320.86
2320.86
2320.86
2367.76
2367.76
2367.76
2367.76
2367.76
2367.76
2367.76
2367.76
2367.76
2367.76
2412.17
2412.17
2412.17
2412.17
2412.17
2412.17
2412.17
2412.17
2412.17
2412.17
2456.58
2456.58
2456.58
2456.58
2456.58
2456.58
2456.58
2456.58
2456.58
2502.87
2502.87
2502.87
2502.87
2502.87
2502.87
2502.87
2502.87
2502.87
2502.87
2547.23
2547.23
2547.23
2547.23
2547.23
2547.23
2547.23
2547.23
2547.23
2591.64
2591.64
2591.64
2591.64
2591.64
2591.64
2591.64
2591.64
2591.64
2591.64
2637.93
2637.93
2637.93
2637.93
2637.93
2637.93
2637.93
2637.93
2637.93
2682.31
2682.31
2682.31
2682.31
2682.31
2682.31
2682.31
2682.31
2682.31
2682.31
2726.06
2726.06
2726.06
2726.06
2726.06
2726.06
2726.06
2726.06
2726.06
2770.42
2770.42
2770.42
2770.42
2770.42
2770.42
2770.42
2770.42
2770.42
2770.42
2817.37
2817.37
2817.37
2817.37
2817.37
2817.37
2817.37
2817.37
2817.37
2861.76
2861.76
2861.76
2861.76
2861.76
2861.76
2861.76
2861.76
2861.76
2861.76
2908.04
2908.04
2908.04
2908.04
2908.04
2908.04
2908.04
2908.04
2908.04
2908.04
2951.79
2951.79
2951.79
2951.79
2951.79
2951.79
2951.79
2951.79
2951.79
2995.56
2995.56
2995.56
2995.56
2995.56
2995.56
2995.56
2995.56
2995.56
2995.56
3040.56
3040.56
3040.56
3040.56
3040.56
3040.56
3040.56
3040.56
3040.56
3087.49
3087.49
3087.49
3087.49
3087.49
3087.49
3087.49
3087.49
3087.49
3087.49
3131.85
3131.85
3131.85
3131.85
3131.85
3131.85
3131.85
3131.85
3131.85
3178.16
3178.16
3178.16
3178.16
3178.16
3178.16
3178.16
3178.16
3178.16
3178.16
3221.93
3221.93
3221.93
3221.93
3221.93
3221.93
3221.93
3221.93
3221.93
3265.67
3265.67
3265.67
3265.67
3265.67
3265.67
3265.67
3265.67
3265.67
