0.010135
0.052077
0.072679
0.093311
0.117974
0.138649
0.159464
0.180183
0.200954
0.225631
0.246283
0.272682
0.489743
0.810792
1.13313
1.39853
1.50488
1.55407
1.59522
1.63628
1.68532
1.72637
1.76775
1.81301
1.84219
1.86308
1.88402
1.90898
1.92991
1.95084
1.97175
2.00048
2.05028
2.07468
2.09789
2.11895
2.14147
2.16242
2.18332
2.20432
2.22917
2.2696
2.30689
2.32775
2.35272
2.37361
2.39448
2.4154
2.44036
2.46123
2.48872
2.53339
2.56661
2.58759
2.60857
2.62956
2.65444
2.67646
2.69755
2.71864
2.76054
2.80022
2.82104
2.84214
2.86711
2.88816
2.90905
2.93007
2.95493
2.98205
3.0257
3.05781
3.08269
3.10371
3.12459
3.14545
3.17032
3.19129
3.21225
3.24631
3.29518
3.31695
3.338
3.35908
3.38377
3.40466
3.42554
3.44664
3.47554
3.51864
3.55204
3.57691
3.59785
3.61885
3.63981
3.66474
3.68565
3.70655
3.73842
3.78324
3.81023
3.83111
3.85449
3.87558
3.89806
3.91906
3.94009
3.96693
4.00782
4.04595
4.06682
4.08777
4.11271
4.13368
4.15459
4.17549
4.20042
4.23001
4.27372
4.3111
4.33596
4.35695
4.3779
4.3989
4.4238
4.44605
4.46715
4.50372
4.55151
4.59309
4.635
4.65993
4.68489
4.70592
4.72693
4.74785
4.77948
4.8217
4.85458
4.87563
4.90057
4.92144
4.94232
4.96326
4.98815
5.00906
5.04363
5.08766
5.12927
5.17514
5.19816
5.2192
5.24032
5.26446
5.2854
5.30698
5.34787
5.39672
5.41899
5.43989
5.46085
5.48571
5.50673
5.52762
5.54854
5.58511
5.62605
5.66528
5.68618
5.71114
5.7321
5.75298
5.77731
5.79875
5.81965
5.85927
5.90365
5.93774
5.95863
5.97952
6.00041
6.0252
6.04633
6.06727
6.09444
6.14351
6.16732
6.18828
6.20954
6.23448
6.25544
6.27632
6.29724
6.32216
6.36105
6.40027
6.42164
6.4442
6.46517
6.4861
6.50704
6.53194
6.5529
6.57868
6.62322
6.65334
6.67431
6.69541
6.71643
6.7413
6.76237
6.78326
6.80416
6.84523
6.8824
6.90329
6.92429
6.94953
6.97047
6.99368
7.01459
7.03704
7.06174
7.10513
7.13203
7.15695
7.17797
7.19892
7.21995
7.24505
7.26592
7.28679
7.3183
7.36687
7.38776
7.40883
7.42979
7.45465
7.47554
7.49637
7.51727
7.54439
7.5852
7.6192
7.64033
7.66317
7.6841
7.70503
7.72586
7.75071
7.77164
7.80243
7.84554
7.87189
7.89295
7.91389
7.93491
7.95997
7.98086
8.00171
8.02258
8.069
8.10389
8.12483
8.14574
8.17063
8.19263
8.21367
8.23462
8.25579
8.28808
8.33079
8.3548
8.37991
8.40093
8.42183
8.4429
8.4679
8.48885
8.51001
8.54716
8.59006
8.61108
8.63206
8.653
8.67794
8.69885
8.71966
8.74056
8.7725
8.81505
8.84107
8.86241
8.88675
8.90765
8.92855
8.94942
8.97432
8.9952
9.03053
9.06915
9.09408
9.11497
9.1359
9.15678
9.18166
9.20245
9.22334
9.24554
9.29004
9.32491
9.34586
9.36981
9.39097
9.41278
9.43375
9.45463
9.47552
9.51283
9.55443
9.57536
9.59628
9.62119
9.64221
9.66312
9.68415
9.70899
9.72989
9.77016
9.80616
9.83111
9.85214
9.87307
9.89402
9.91892
9.9417
9.9628
9.99061
10.0379
10.0611
10.0821
10.103
10.1279
10.1489
10.1701
10.1911
10.216
10.2552
10.292
10.3171
10.338
10.359
10.38
10.405
10.4259
10.4468
10.4728
10.5218
10.5444
10.5667
10.5878
10.6089
10.6322
10.6531
10.674
10.6949
10.7358
10.7751
10.7961
10.817
10.842
10.863
10.8839
10.9048
10.9298
10.9542
10.9979
11.025
11.05
11.0709
11.0919
11.1129
11.1381
11.1591
11.1802
11.2122
11.2578
11.2787
11.2997
11.3206
11.3454
11.3664
11.3873
11.4082
11.4358
11.4781
11.5083
11.5293
11.5543
11.5752
11.5961
11.6171
11.642
11.663
11.6943
11.7401
11.762
11.7829
11.804
11.825
11.8501
11.8711
11.892
11.9182
11.959
11.9941
12.0151
12.0401
12.0611
12.082
12.103
12.128
12.1489
12.1786
12.2221
12.247
12.268
12.2913
12.3127
12.3359
12.3572
12.3784
12.404
12.4453
12.4811
12.5064
12.5278
12.5491
12.5745
12.5958
12.6171
12.642
12.6745
12.7172
12.7437
12.7652
12.7865
12.8076
12.832
12.8529
12.874
12.8949
12.9426
12.9848
13.0135
13.0344
13.0593
13.0803
13.1012
13.1222
13.1471
13.1779
13.2189
13.263
13.2899
13.3109
13.3317
13.3529
13.3779
13.3989
13.4202
13.4663
13.5077
13.5289
13.5542
13.5755
13.5968
13.6221
13.6434
13.6646
13.7018
13.7444
13.7733
13.7986
13.8197
13.8426
13.8636
13.8865
13.9075
13.9285
13.9684
14.0097
14.0308
14.0519
14.0728
14.0977
14.1187
14.1396
14.1606
14.1961
14.2384
14.2608
14.2818
14.3067
14.3277
14.3486
14.3695
14.3945
14.4168
14.4566
14.4955
14.5164
14.5374
14.5585
14.5835
14.6045
14.6256
14.6466
14.6811
14.7239
14.7499
14.7749
14.796
14.8168
14.838
14.8635
14.8847
14.906
14.9527
14.9897
15.0108
15.0354
15.0563
15.0777
15.103
15.1243
15.1456
15.1837
15.2245
15.2454
15.2663
15.2911
15.3125
15.3337
15.3586
15.3797
15.4007
15.4441
15.4799
15.5009
15.5218
15.5429
15.5677
15.5886
15.6095
15.6304
15.6656
15.7073
15.7297
15.7505
15.7756
15.7965
15.8173
15.8382
15.8632
15.8841
15.9229
15.9568
15.9817
16.0026
16.0254
16.0465
16.0695
16.0908
16.1117
16.1376
16.1867
16.2093
16.2302
16.2511
16.2761
16.2969
16.3179
16.3388
16.3637
16.4004
16.4371
16.458
16.479
16.504
16.5249
16.5458
16.5668
16.5924
16.6166
16.6606
16.6887
16.7125
16.7333
16.7543
16.7753
16.8002
16.821
16.8419
16.8729
16.9186
16.9396
16.9607
16.9817
17.0066
17.0276
17.0485
17.0695
17.0956
17.1367
17.1694
17.1944
17.2157
17.2369
17.2579
17.2826
17.3035
17.3245
17.3537
17.4007
17.4216
17.4426
17.4637
17.4887
17.5096
17.5305
17.5514
17.5764
17.6173
17.6506
17.6716
17.6966
17.7175
17.7415
17.7627
17.7845
17.8053
17.8339
17.8785
17.9064
17.9274
17.9484
17.9693
17.9942
18.0151
18.036
18.0569
18.1002
18.1354
18.1563
18.1773
18.2022
18.2232
18.244
18.2649
18.2897
18.3164
18.3621
18.3895
18.4122
18.4332
18.4542
18.4751
18.4999
18.5208
18.5417
18.5758
18.6216
18.6425
18.6635
18.6844
18.7095
18.7305
18.7513
18.7722
18.8012
18.844
18.8737
18.8987
18.9208
18.942
18.963
18.9841
19.0074
19.0283
19.0601
19.1091
19.13
19.1509
19.1718
19.1927
19.2177
19.2385
19.2593
19.2803
19.329
19.3616
19.3825
19.4075
19.4284
19.4492
19.4703
19.4953
19.5164
19.547
19.5917
19.6163
19.6372
19.6582
19.6832
19.7041
19.7251
19.746
19.7716
19.8128
19.8502
19.8711
19.8962
19.9172
19.9381
19.9631
19.9839
20.0048
20.0361
20.083
20.1087
20.1297
20.1506
20.1755
20.1965
20.2173
20.2382
20.263
20.3039
20.342
20.3629
20.3879
20.4088
20.4299
20.4548
20.4756
20.4968
20.5248
20.5741
20.5999
20.6212
20.6428
20.666
20.687
20.7078
20.7286
20.7535
20.7928
20.8344
20.8553
20.8804
20.9014
20.9224
20.9433
20.9682
20.9891
21.0152
21.0595
21.091
21.112
21.133
21.1539
21.1788
21.2004
21.2214
21.2424
21.2826
21.3231
21.344
21.365
21.39
21.411
21.4318
21.4526
21.4775
21.5017
21.5449
21.5748
21.5998
21.6208
21.6417
21.6624
21.6873
21.7082
21.7291
21.7607
21.8099
21.8329
21.8538
21.8747
21.8956
21.9204
21.9412
21.9621
21.9831
22.0297
22.0691
22.0901
22.1111
22.136
22.1569
22.1778
22.1988
22.2237
22.2534
22.2961
22.3185
22.3436
22.3645
22.3879
22.4089
22.4314
22.4524
22.4735
22.5183
22.5514
22.5722
22.5932
22.6141
22.6391
22.66
22.681
22.702
22.7338
22.7763
22.8014
22.8224
22.8474
22.8683
22.8893
22.9101
22.9354
22.9582
22.9936
23.0342
23.0551
23.0762
23.097
23.122
23.1429
23.1638
23.1849
23.2155
23.2579
23.2901
23.3111
23.336
23.357
23.3779
23.3989
23.4242
23.4455
23.4788
23.5281
23.5629
23.584
23.6051
23.6293
23.6503
23.6711
23.6921
23.7204
23.7623
23.7933
23.8143
23.8393
23.8603
23.8813
23.9022
23.927
23.9478
23.9796
24.0243
24.0491
24.0701
24.091
24.1154
24.1371
24.158
24.1791
24.2001
24.2469
24.2804
24.3013
24.3263
24.3472
24.3682
24.3891
24.4141
24.435
24.4646
24.5089
24.5367
24.5578
24.5788
24.5997
24.6246
24.6454
24.6688
24.6899
24.7319
24.7673
24.7882
24.8092
24.834
24.855
24.8758
24.8968
24.9218
24.9493
24.9923
25.0202
25.0456
25.0668
25.0878
25.1127
25.134
25.1552
25.1807
25.2217
25.259
25.2828
25.3041
25.3251
25.3459
25.371
25.3921
25.4135
25.4479
25.4911
25.5155
25.5407
25.5617
25.5826
25.6039
25.6292
25.6506
25.676
25.7173
25.7532
25.7742
25.7989
25.8198
25.841
25.8662
25.8875
25.9088
25.9456
25.988
26.0101
26.031
26.056
26.077
26.0978
26.1187
26.1437
26.1647
26.2065
26.2431
26.2656
26.2866
26.3075
26.3284
26.3533
26.3742
26.3955
26.4222
26.4725
26.496
26.5172
26.542
26.563
26.5841
26.6051
26.6299
26.6509
26.6892
26.7255
26.7511
26.7725
26.7935
26.8144
26.8394
26.8603
26.8828
26.9076
26.9521
26.982
27.0029
27.0239
27.0448
27.0697
27.0906
27.1115
27.1323
27.1727
27.2127
27.2337
27.2546
27.2795
27.3004
27.3213
27.3422
27.367
27.3908
27.4338
27.4634
27.4884
27.51
27.5311
27.5522
27.5762
27.5969
27.6179
27.649
27.693
27.7179
27.7389
27.7597
27.7806
27.8055
27.8262
27.847
27.868
27.9147
27.948
27.9689
27.9899
28.0147
28.0356
28.0563
28.0771
28.1016
28.1326
28.1751
28.1978
28.2189
28.2436
28.2645
28.2853
28.3063
28.3312
28.352
28.3895
28.4271
28.452
28.4729
28.4938
28.5146
28.5362
28.5611
28.582
28.6074
28.6522
28.6831
28.704
28.7249
28.7493
28.7709
28.7918
28.8128
28.8337
28.8747
28.9123
28.9331
28.954
28.9789
28.9998
29.0207
29.0415
29.0665
29.0906
29.1337
29.1615
29.1871
29.208
29.2289
29.2498
29.271
29.296
29.3169
29.3489
29.3911
29.4161
29.4371
29.4581
29.4791
29.5036
29.5245
29.5454
29.5662
29.6136
29.6453
29.6663
29.6872
29.7121
29.7331
29.7539
29.7749
29.7998
29.8307
29.8745
29.8977
29.9226
29.9435
29.9644
29.9882
30.0104
30.0312
30.0519
30.0904
30.1328
30.1542
30.1755
30.2006
30.2219
30.2428
30.2637
30.2884
30.3176
30.3617
30.389
30.41
30.4314
30.4523
30.4774
30.4983
30.5193
30.5429
30.5854
30.6201
30.6409
30.6619
30.6868
30.7078
30.7285
30.7494
30.7743
30.8024
30.8454
30.8714
30.8963
30.9173
30.9383
30.9591
30.98
31.0049
31.0258
31.0616
31.1051
31.1261
31.1486
31.1696
31.1906
31.2137
31.2347
31.2556
31.279
31.3287
31.3564
31.3774
31.4024
31.4234
31.4443
31.4651
31.486
31.5109
31.5453
31.5861
31.607
31.6319
31.6532
31.6745
31.6994
31.721
31.7421
31.7644
31.8125
31.846
31.867
31.8879
31.9129
31.9338
31.9547
31.9757
32.0006
32.0338
32.0745
32.0955
32.1204
32.1413
32.1622
32.1831
32.208
32.229
32.25
32.29
32.3296
32.3506
32.3716
32.3925
32.4175
32.4384
32.4594
32.4803
32.5155
32.5569
32.5777
32.5987
32.6237
32.6446
32.6656
32.6865
32.7114
32.7323
32.7708
32.8062
32.8312
32.8522
32.8752
32.8964
32.9191
32.9401
32.961
32.9875
33.0367
33.0605
33.0814
33.1024
33.1274
33.1484
33.1694
33.1903
33.2152
33.2529
33.289
33.3099
33.3348
33.3559
33.3768
33.3977
33.4227
33.4448
33.4694
33.5137
33.5439
33.5653
33.5867
33.6121
33.6335
33.6548
33.6803
33.7018
33.7378
33.781
33.8023
33.8233
33.8482
33.869
33.89
33.9142
33.9357
33.9627
34.0057
34.0318
34.0568
34.0777
34.0986
34.1195
34.1444
34.1653
34.1863
34.2211
34.2644
34.2853
34.3061
34.3271
34.3521
34.373
34.3938
34.4148
34.4373
34.487
34.5137
34.5374
34.5585
34.5803
34.6013
34.6223
34.6433
34.6681
34.7026
34.7422
34.7631
34.788
34.809
34.8299
34.8508
34.8757
34.8966
34.9177
34.9621
34.995
35.0159
35.0369
35.0578
35.0826
35.1036
35.1266
35.1476
35.1816
35.2225
35.2448
35.2657
35.2866
35.3116
35.3325
35.3534
35.3743
35.3992
35.4386
35.4739
35.4948
35.5197
35.5407
35.5616
35.5825
35.6074
35.6283
35.655
35.6997
35.7304
35.7527
35.7737
35.7976
35.8185
35.8395
35.8604
35.8857
35.9233
35.96
35.9809
36.0058
36.0268
36.0478
36.0687
36.0936
36.1145
36.1388
36.1882
36.2178
36.2388
36.2597
36.2848
36.3058
36.3268
36.3479
36.3726
36.4084
36.447
36.4679
36.493
36.5139
36.5349
36.5558
36.5808
36.6016
36.6243
36.6739
36.7033
36.7242
36.7451
36.77
36.7909
36.8118
36.8361
36.8576
36.8912
36.9313
36.9521
36.9771
36.998
37.0189
37.0398
37.0647
37.0856
37.1065
37.1501
37.1801
37.205
37.2259
37.2468
37.2678
37.2928
37.3137
37.3346
37.3629
37.4122
37.4331
37.4563
37.4774
37.4998
37.5207
37.5417
37.5626
37.5875
