0
0
0
0
0
0
0
0
0
0
0
0
0
0
0
0
0
0
0
0
0
0
0
0
0
0
0
0
0
0
0
0
0
0
0
0
0
0
0
0
0
0
0
0
0
0
0
0
0
0
0
0
0
0
0
0
0
0
0
0
0
0
0
0
0
0
0
0
0
0
0
0
0
0
0
0
0
0
0
0
0
0
0
0
0
0
0
0
0
0
0
0
0
0
0
0
0
0
0
0
0
0
0
0
0
0
0
0
0
0
0
0
0
0
0
0
0
0
0
0
0
0
0
0
0
0
0
0
0
0
34
34
34
34
34
34
34
66
66
66
66
66
66
66
66
66
66
66
100
100
100
100
100
100
100
100
100
131
131
131
131
131
131
131
131
131
159
159
159
159
159
159
159
159
159
188
188
188
188
188
188
188
188
188
188
212
212
212
212
212
212
212
212
212
235
235
235
235
235
235
235
235
235
235
249
249
249
249
249
249
249
249
249
249
249
249
249
249
249
249
249
249
249
241
241
241
241
241
241
241
241
241
189
189
189
189
189
189
189
189
189
189
144
144
144
144
144
144
144
144
144
119
119
119
119
119
119
119
119
119
119
113
113
113
113
113
113
113
113
113
113
118
118
118
118
118
118
118
118
125
125
125
125
125
125
125
125
125
125
138
138
138
138
138
138
138
138
138
161
161
161
161
161
161
161
161
