0
0
0
0
0
0
0
0
0
0
0
0
0
0
0
0
0
0
0
0
0
0
-0.000112643
-0.000112643
0.000225284
0.000225284
0.000225284
0.000225284
0.000225284
0.000225284
0.000225284
0.000225284
0.000225284
0.0011039
0.0011039
0.0011039
0.0011039
0.0011039
0.0011039
0.0011039
0.0011039
0.0011039
0.0011039
0.00150942
0.00150942
0.00150942
0.00150942
0.00150942
0.00150942
0.00150942
0.00150942
0.00150942
0.000315401
0.000315401
0.000315401
0.000315401
0.000315401
0.000315401
0.000315401
0.000315401
0.000315401
0.000315401
0.00049563
0.00049563
0.00049563
0.00049563
0.00049563
0.00049563
0.00049563
0.00049563
0.00049563
-0.000909912
-0.000909912
-0.000909912
-0.000909912
-0.000909912
-0.000909912
-0.000909912
-0.000909912
-0.000909912
0.00148689
0.00148689
0.00148689
0.00148689
0.00148689
0.00148689
0.00148689
0.00148689
0.00148689
0.00148689
0.000923674
0.000923674
0.000923674
0.000923674
0.000923674
0.000923674
0.000923674
0.000923674
0.000923674
6.75859e-05
6.75859e-05
6.75859e-05
6.75859e-05
6.75859e-05
6.75859e-05
6.75859e-05
6.75859e-05
6.75859e-05
6.75859e-05
0.000180229
0.000180229
0.000180229
0.000180229
0.000180229
0.000180229
0.000180229
0.000180229
0.000180229
0.000180229
0.00367106
0.00367106
0.00367106
0.00367106
0.00367106
0.00367106
0.00367106
0.00367106
0.00367106
0.00367106
0.00367106
0.00138601
0.00138601
0.00138601
0.00138601
0.00138601
0.00138601
0.00138601
0.00138601
0.00138601
0.00138601
0.00138601
0.00138601
0.00138601
0.00138601
0.00138601
0.00138601
0.00138601
0.00138601
0.00206029
0.00206029
0.00206029
0.00206029
0.00206029
0.00206029
0.00206029
0.00206029
0.00206029
0.000786655
0.000786655
0.000786655
0.000786655
0.000786655
0.000786655
0.000786655
0.000786655
0.000786655
0.000711736
0.000711736
0.000711736
0.000711736
0.000711736
0.000711736
0.000711736
0.000711736
0.000711736
0.00157331
0.00157331
0.00157331
0.00157331
0.00157331
0.00157331
0.00157331
0.00157331
0.00157331
0.00157331
0.00161077
0.00161077
0.00161077
0.00161077
0.00161077
0.00161077
0.00161077
0.00161077
0.00161077
-0.00215543
-0.00215543
-0.00215543
-0.00215543
-0.00215543
-0.00215543
-0.00215543
-0.00215543
-0.00215543
-0.00215543
0.00280948
0.00280948
0.00280948
0.00280948
0.00280948
0.00280948
0.00280948
0.00280948
0.00280948
-0.00451867
-0.00451867
-0.00451867
-0.00451867
-0.00451867
-0.00451867
-0.00451867
-0.00451867
-0.00451867
-0.00451867
-0.00576943
-0.00576943
-0.00576943
-0.00576943
-0.00576943
-0.00576943
-0.00576943
-0.00576943
-0.00576943
2.44723
2.44723
2.44723
2.44723
2.44723
2.44723
2.44723
2.44723
2.44723
2.44723
4.72262
4.72262
4.72262
4.72262
4.72262
4.72262
4.72262
4.72262
4.72262
6.2674
6.2674
6.2674
6.2674
6.2674
6.2674
6.2674
6.2674
6.2674
6.2674
7.2588
7.2588
7.2588
7.2588
7.2588
7.2588
7.2588
7.2588
7.2588
7.2588
7.63824
7.63824
7.63824
7.63824
7.63824
7.63824
7.63824
7.63824
7.89617
7.89617
7.89617
7.89617
7.89617
7.89617
7.89617
7.89617
7.89617
7.89617
8.27472
8.27472
8.27472
8.27472
8.27472
8.27472
8.27472
8.27472
8.27472
8.38542
8.38542
8.38542
8.38542
8.38542
8.38542
8.38542
8.38542
