0.011333
0.056982
0.078741
0.099392
0.120097
0.14076
0.165387
0.186078
0.206697
0.227385
0.248006
0.279683
0.430948
0.735951
1.04186
1.34208
1.48962
1.53986
1.58818
1.62925
1.6702
1.71495
1.7601
1.8032
1.82922
1.85418
1.8751
1.89603
1.91691
1.94209
1.96302
1.98671
2.031
2.06312
2.08412
2.10498
2.12614
2.15154
2.1728
2.19408
2.21934
2.25515
2.29319
2.31834
2.3396
2.36087
2.38617
2.40744
2.42872
2.45402
2.481
2.52428
2.55496
2.57987
2.60087
2.62364
2.64481
2.66773
2.68858
2.70943
2.74402
2.78798
2.80894
2.82977
2.85068
2.87159
2.89656
2.91753
2.93847
2.96039
3.01009
3.04049
3.06153
3.08226
3.10721
3.12822
3.14915
3.17005
3.19576
3.22952
3.26943
3.29043
3.3142
3.33512
3.35605
3.37697
3.40196
3.42293
3.44374
3.48781
3.52824
3.54922
3.57019
3.59126
3.61629
3.63718
3.65802
3.67883
3.7151
3.75708
3.78192
3.80277
3.82367
3.84898
3.87018
3.89118
3.91226
3.93639
3.97631
4.01612
4.03706
4.06194
4.08301
4.10394
4.12488
4.14981
4.17064
4.19743
4.24159
4.27666
4.29755
4.31844
4.33933
4.36425
4.38511
4.40598
4.42685
4.46132
4.50534
4.52651
4.54766
4.56874
4.59298
4.61383
4.63477
4.65569
4.68564
4.72804
4.75612
4.77705
4.802
4.82286
4.8438
4.86471
4.88963
4.91057
4.9438
4.98492
5.00989
5.03084
5.05181
5.07271
5.09767
5.11868
5.13958
5.16041
5.20464
5.23924
5.2601
5.281
5.30188
5.32676
5.34775
5.36853
5.38931
5.42557
5.46756
5.48826
5.50917
5.53406
5.55499
5.57584
5.5967
5.61747
5.64263
5.68406
5.71915
5.74033
5.7623
5.78322
5.80414
5.82497
5.8499
5.87078
5.89789
5.94221
5.96824
5.98912
6.01004
6.03093
6.0558
6.0768
6.09769
6.11846
6.16076
6.19469
6.21561
6.23659
6.26152
6.28243
6.30337
6.32746
6.34926
6.37494
6.41777
6.44077
6.46166
6.48656
6.50762
6.52853
6.5494
6.57416
6.59521
6.62831
6.66718
6.69211
6.71308
6.73417
6.75515
6.78003
6.80091
6.82175
6.84256
6.89124
6.9185
6.93933
6.9635
6.98519
7.00632
7.02725
7.04806
7.07292
7.10409
7.14384
7.16481
7.18971
7.21064
7.23153
7.2524
7.27733
7.29823
7.319
7.35976
7.38892
7.41389
7.43476
7.45562
7.47652
7.50158
7.52247
7.54555
7.57354
7.61856
7.64135
7.66227
7.68323
7.70811
7.72912
7.74996
7.77081
7.79574
7.83314
7.87005
7.8911
7.91588
7.93677
7.95764
7.97862
8.00354
8.02437
8.04904
8.09341
8.12474
8.14676
8.16779
8.18886
8.21245
8.23325
8.25402
8.2749
8.30698
8.35111
8.37204
8.39302
8.41796
8.43881
8.45961
8.48055
8.50143
8.52899
8.5714
8.60113
8.62201
8.64686
8.66777
8.68871
8.70956
8.73458
8.7555
8.78627
8.82816
8.85259
8.87361
8.89456
8.91544
8.94072
8.96192
8.98312
9.00914
9.05057
9.08369
9.10457
9.12985
9.15118
9.1725
9.19768
9.21913
9.24315
9.27775
9.318
9.33932
9.36472
9.38606
9.40732
9.4326
9.45386
9.47507
9.50325
9.54608
9.57715
9.59803
9.62297
9.6439
9.66478
9.68557
9.71049
9.73239
9.76395
