0
0
0
0
0
0
0
0
0
0
0
0
0
0
0
0
0
0
0
0
0
-224
-224
-224
-249
-249
-249
-249
-249
-249
-249
-249
-249
-250
-250
-250
-250
-250
-250
-250
-250
-250
-250
-250
-250
-250
-250
-250
-250
-250
-250
-250
-250
-250
-250
-250
-250
-250
-250
-250
-250
-250
-250
-250
-250
-250
-250
-250
-250
-250
-250
-250
-250
-250
-250
-250
-250
-250
-250
-250
-250
-250
-250
-250
-250
-250
-250
-250
-250
-250
-250
-250
-250
-250
-250
-250
-250
-250
-250
-250
-250
-250
-250
-250
-250
-250
-250
-250
-250
-250
-250
-250
-250
-250
-250
-250
-250
-250
-250
-250
-250
-250
-250
-250
-250
-250
-250
-250
-250
-250
-250
-247
-247
-247
-247
-247
-247
-247
-241
-241
-241
-241
-241
-241
-241
-241
-241
-241
-241
-241
-227
-227
-227
-227
-227
-227
-227
-212
-212
-212
-212
-212
-212
-212
-212
-212
-212
-191
-191
-191
-191
-191
-191
-191
-191
-191
-191
-165
-165
-165
-165
-165
-165
-165
-165
-165
-130
-130
-130
-130
-130
-130
-130
-130
-130
-83
-83
-83
-83
-83
-83
-83
-83
-83
-83
1
1
1
1
1
1
1
1
1
3
3
3
3
3
3
3
3
3
3
-59
-59
-59
-59
-59
-59
-59
-59
-59
-159
-159
-159
-159
-159
-159
-159
-159
-159
-159
-202
-202
-202
-202
-202
-202
-202
-202
-202
-219
-219
-219
-219
-219
-219
-219
-219
-219
-219
-223
-223
-223
-223
-223
-223
-223
-223
-223
-223
-220
-220
-220
-220
-220
-220
-220
-220
-220
-216
-216
-216
-216
-216
-216
-216
-216
-216
-216
-211
-211
-211
-211
-211
-211
-211
-211
-211
-199
-199
-199
-199
-199
-199
-199
-199
-199
-199
-164
-164
-164
-164
-164
-164
-164
-164
-164
-144
-144
-144
-144
-144
-144
-144
-144
-144
-144
-188
-188
-188
-188
-188
-188
-188
-188
-188
-188
-230
-230
-230
-230
-230
-230
-230
-230
-230
-238
-238
-238
-238
-238
-238
-238
-238
-238
-238
-236
-236
-236
-236
-236
-236
-236
-236
-236
-207
-207
-207
-207
-207
-207
-207
-207
-207
-207
-160
-160
-160
-160
-160
-160
-160
-160
-160
-147
-147
-147
-147
-147
-147
-147
-147
-147
-147
-181
-181
-181
-181
-181
-181
-181
-181
-181
-230
-230
-230
-230
-230
-230
-230
-230
-230
-230
-247
-247
-247
-247
-247
-247
-247
-247
-247
-246
-246
-246
-246
-246
-246
-246
-246
-246
-246
-245
-245
-245
-245
-245
-245
-245
-245
-245
-244
-244
-244
-244
-244
-244
-244
-244
-244
-244
-244
-242
-242
-242
-242
-242
-242
-242
-242
-242
-242
-240
-240
-240
-240
-240
-240
-240
-240
-239
-239
-239
-239
-239
-239
-239
-239
-239
-239
-238
-238
-238
-238
-238
-238
-238
-238
-238
-237
-237
-237
-237
-237
-237
-237
-237
-237
-237
-237
-237
-237
-237
-237
-237
-237
-237
-237
-236
-236
-236
-236
-236
-236
-236
-236
-236
-236
-235
-235
-235
-235
-235
-235
-235
-235
-235
-234
-234
-234
-234
-234
-234
-234
-234
-234
-233
-233
-233
-233
-233
-233
-233
-233
-233
-233
-234
-234
-234
-234
-234
-234
-234
-234
-234
-233
-233
-233
-233
-233
-233
-233
-233
-233
-233
-230
-230
-230
-230
-230
-230
-230
-230
-230
-230
-225
-225
-225
-225
-225
-225
-225
-225
-225
-211
-211
-211
-211
-211
-211
-211
-211
-211
-211
-171
-171
-171
-171
-171
-171
-171
-171
-171
-132
-132
-132
-132
-132
-132
-132
-132
-132
-132
-109
-109
-109
-109
-109
-109
-109
-109
-109
-101
-101
-101
-101
-101
-101
-101
-101
-101
-101
-90
-90
-90
-90
-90
-90
-90
-90
-90
-90
-142
-142
-142
-142
-142
-142
-142
-142
-142
-107
-107
-107
-107
-107
-107
-107
-107
-107
-107
-83
-83
-83
-83
-83
-83
-83
-83
-83
-57
-57
-57
-57
-57
-57
-57
-57
-57
-57
-31
-31
-31
-31
-31
-31
-31
-31
-31
-1
-1
-1
-1
-1
-1
-1
-1
-1
-1
27
27
27
27
27
27
27
27
27
55
55
55
55
55
55
55
55
55
55
87
87
87
87
87
87
87
87
87
87
116
116
116
116
116
116
116
116
116
144
144
144
144
144
144
144
144
144
144
166
166
166
166
166
166
166
166
166
183
183
183
183
183
183
183
183
183
183
194
194
194
194
194
194
194
194
194
200
200
200
200
200
200
200
200
200
200
197
197
197
197
197
197
197
197
197
197
192
192
192
192
192
192
192
192
192
194
194
194
194
194
194
194
194
194
199
199
199
199
199
199
199
199
199
199
154
154
154
154
154
154
154
154
154
154
154
154
154
154
154
154
154
154
154
174
174
174
174
174
174
174
174
174
174
189
189
189
189
189
189
189
189
189
189
198
198
198
198
198
198
198
198
198
194
194
194
194
194
194
194
194
194
193
193
193
193
193
193
193
193
193
193
196
196
196
196
196
196
196
196
196
196
192
192
192
192
192
192
192
192
192
193
193
193
193
193
193
193
193
193
193
196
196
196
196
196
196
196
196
196
190
190
190
190
190
190
190
190
190
190
191
191
191
191
191
191
191
191
191
197
197
197
197
197
197
197
197
197
197
191
191
191
191
191
191
191
191
191
192
192
192
192
192
192
192
192
192
192
196
196
196
196
196
196
196
196
196
190
190
190
190
190
190
190
190
190
190
192
192
192
192
192
192
192
192
192
196
196
196
196
196
196
196
196
196
196
190
190
190
190
190
190
190
190
190
192
192
192
192
192
192
192
192
192
192
196
196
196
196
196
196
196
196
196
196
127
127
127
127
127
127
127
127
127
128
128
128
128
128
128
128
128
128
128
151
151
151
151
151
151
151
151
151
185
185
185
185
185
185
185
185
185
185
206
206
206
206
206
206
206
206
206
215
215
215
215
215
215
215
215
215
215
213
213
213
213
213
213
213
213
213
213
202
202
202
202
202
202
202
202
202
195
195
195
195
195
195
195
195
195
195
195
195
195
195
195
195
195
195
195
189
189
189
189
189
189
189
189
189
189
191
191
191
191
191
191
191
191
191
193
193
193
193
193
193
193
193
193
193
195
195
195
195
195
195
195
195
195
188
188
188
188
188
188
188
188
188
188
189
189
189
189
189
189
189
189
189
191
191
191
191
191
191
191
191
191
191
194
194
194
194
194
194
194
194
194
189
189
189
189
189
189
189
189
189
189
191
191
191
191
191
191
191
191
191
191
192
192
192
192
192
192
192
192
192
189
189
189
189
189
189
189
189
189
189
191
191
191
191
191
191
191
191
191
192
192
192
192
192
192
192
192
192
192
189
189
189
189
189
189
189
189
189
190
190
190
190
190
190
190
190
190
190
194
194
194
194
194
194
194
194
194
196
196
196
196
196
196
196
196
196
196
190
190
190
190
190
190
190
190
190
192
192
192
192
192
192
192
192
192
192
188
188
188
188
188
188
188
188
188
188
192
192
192
192
192
192
192
192
192
195
195
195
195
195
195
195
195
195
195
195
195
195
195
195
195
195
195
195
190
190
190
190
190
190
190
190
190
190
192
192
192
192
192
192
192
192
192
188
188
188
188
188
188
188
188
188
188
191
191
191
191
191
191
191
191
191
195
195
195
195
195
195
195
195
195
