0
0
0
0
0
0
0
0
0
0
0
0
0
0
0
0
0
0
0
0
0
-425
-425
-425
-473
-473
-473
-473
-473
-473
-473
-473
-473
-469
-469
-469
-469
-469
-469
-469
-469
-469
-453
-453
-453
-453
-453
-453
-453
-453
-453
-453
-441
-441
-441
-441
-441
-441
-441
-441
-441
-427
-427
-427
-427
-427
-427
-427
-427
-427
-427
-412
-412
-412
-412
-412
-412
-412
-412
-412
-399
-399
-399
-399
-399
-399
-399
-399
-399
-399
-384
-384
-384
-384
-384
-384
-384
-384
-384
-384
-373
-373
-373
-373
-373
-373
-373
-373
-373
-360
-360
-360
-360
-360
-360
-360
-360
-360
-360
-327
-327
-327
-327
-327
-327
-327
-327
-327
-327
-327
-327
-283
-283
-283
-283
-283
-283
-283
-310
-310
-310
-310
-310
-310
-310
-310
-310
-310
-310
-310
-278
-278
-278
-278
-278
-278
-278
-260
-260
-260
-260
-260
-260
-260
-260
-260
-260
-241
-241
-241
-241
-241
-241
-241
-241
-241
-241
-200
-200
-200
-200
-200
-200
-200
-200
-200
-158
-158
-158
-158
-158
-158
-158
-158
-158
-86
-86
-86
-86
-86
-86
-86
-86
-86
-86
55
55
55
55
55
55
55
55
55
34
34
34
34
34
34
34
34
34
34
-96
-96
-96
-96
-96
-96
-96
-96
-96
-288
-288
-288
-288
-288
-288
-288
-288
-288
-288
-356
-356
-356
-356
-356
-356
-356
-356
-356
-376
-376
-376
-376
-376
-376
-376
-376
-376
-376
-371
-371
-371
-371
-371
-371
-371
-371
-371
-371
-367
-367
-367
-367
-367
-367
-367
-367
-367
-349
-349
-349
-349
-349
-349
-349
-349
-349
-349
-328
-328
-328
-328
-328
-328
-328
-328
-328
-280
-280
-280
-280
-280
-280
-280
-280
-280
-280
-212
-212
-212
-212
-212
-212
-212
-212
-212
-187
-187
-187
-187
-187
-187
-187
-187
-187
-187
-292
-292
-292
-292
-292
-292
-292
-292
-292
-292
-359
-359
-359
-359
-359
-359
-359
-359
-359
-357
-357
-357
-357
-357
-357
-357
-357
-357
-357
-364
-364
-364
-364
-364
-364
-364
-364
-364
-297
-297
-297
-297
-297
-297
-297
-297
-297
-297
-234
-234
-234
-234
-234
-234
-234
-234
-234
-224
-224
-224
-224
-224
-224
-224
-224
-224
-224
-283
-283
-283
-283
-283
-283
-283
-283
-283
-347
-347
-347
-347
-347
-347
-347
-347
-347
-347
-345
-345
-345
-345
-345
-345
-345
-345
-345
-333
-333
-333
-333
-333
-333
-333
-333
-333
-333
-317
-317
-317
-317
-317
-317
-317
-317
-317
-325
-325
-325
-325
-325
-325
-325
-325
-325
-325
-325
-313
-313
-313
-313
-313
-313
-313
-313
-313
-313
-311
-311
-311
-311
-311
-311
-311
-311
-323
-323
-323
-323
-323
-323
-323
-323
-323
-323
-309
-309
-309
-309
-309
-309
-309
-309
-309
-320
-320
-320
-320
-320
-320
-320
-320
-320
-320
-336
-336
-336
-336
-336
-336
-336
-336
-336
-313
-313
-313
-313
-313
-313
-313
-313
-313
-313
-316
-316
-316
-316
-316
-316
-316
-316
-316
-318
-318
-318
-318
-318
-318
-318
-318
-318
-314
-314
-314
-314
-314
-314
-314
-314
-314
-314
-331
-331
-331
-331
-331
-331
-331
-331
-331
-318
-318
-318
-318
-318
-318
-318
-318
-318
-318
-313
-313
-313
-313
-313
-313
-313
-313
-313
-313
-309
-309
-309
-309
-309
-309
-309
-309
-309
-292
-292
-292
-292
-292
-292
-292
-292
-292
-292
-229
-229
-229
-229
-229
-229
-229
-229
-229
-166
-166
-166
-166
-166
-166
-166
-166
-166
-166
-150
-150
-150
-150
-150
-150
-150
-150
-150
-165
-165
-165
-165
-165
-165
-165
-165
-165
-165
-158
-158
-158
-158
-158
-158
-158
-158
-158
-158
-173
-173
-173
-173
-173
-173
-173
-173
-173
-158
-158
-158
-158
-158
-158
-158
-158
-158
-158
-132
-132
-132
-132
-132
-132
-132
-132
-132
-112
-112
-112
-112
-112
-112
-112
-112
-112
-112
-91
-91
-91
-91
-91
-91
-91
-91
-91
-53
-53
-53
-53
-53
-53
-53
-53
-53
-53
-32
-32
-32
-32
-32
-32
-32
-32
-32
10
10
10
10
10
10
10
10
10
10
62
62
62
62
62
62
62
62
62
62
118
118
118
118
118
118
118
118
118
163
163
163
163
163
163
163
163
163
163
192
192
192
192
192
192
192
192
192
211
211
211
211
211
211
211
211
211
211
220
220
220
220
220
220
220
220
220
224
224
224
224
224
224
224
224
224
224
215
215
215
215
215
215
215
215
215
215
203
203
203
203
203
203
203
203
203
212
212
212
212
212
212
212
212
212
223
223
223
223
223
223
223
223
223
223
162
162
162
162
162
162
162
162
162
162
162
162
162
162
162
162
162
162
162
207
207
207
207
207
207
207
207
207
207
229
229
229
229
229
229
229
229
229
229
236
236
236
236
236
236
236
236
236
222
222
222
222
222
222
222
222
222
222
222
222
222
222
222
222
222
222
222
226
226
226
226
226
226
226
226
226
226
224
224
224
224
224
224
224
224
224
223
223
223
223
223
223
223
223
223
223
229
229
229
229
229
229
229
229
229
219
219
219
219
219
219
219
219
219
219
221
221
221
221
221
221
221
221
221
230
230
230
230
230
230
230
230
230
230
222
222
222
222
222
222
222
222
222
222
222
222
222
222
222
222
222
222
222
229
229
229
229
229
229
229
229
229
220
220
220
220
220
220
220
220
220
220
222
222
222
222
222
222
222
222
222
231
231
231
231
231
231
231
231
231
231
223
223
223
223
223
223
223
223
223
224
224
224
224
224
224
224
224
224
224
229
229
229
229
229
229
229
229
229
229
138
138
138
138
138
138
138
138
138
132
132
132
132
132
132
132
132
132
132
181
181
181
181
181
181
181
181
181
231
231
231
231
231
231
231
231
231
231
259
259
259
259
259
259
259
259
259
264
264
264
264
264
264
264
264
264
264
255
255
255
255
255
255
255
255
255
255
234
234
234
234
234
234
234
234
234
224
224
224
224
224
224
224
224
224
224
228
228
228
228
228
228
228
228
228
221
221
221
221
221
221
221
221
221
221
228
228
228
228
228
228
228
228
228
229
229
229
229
229
229
229
229
229
229
227
227
227
227
227
227
227
227
227
219
219
219
219
219
219
219
219
219
219
225
225
225
225
225
225
225
225
225
222
222
222
222
222
222
222
222
222
222
227
227
227
227
227
227
227
227
227
222
222
222
222
222
222
222
222
222
222
226
226
226
226
226
226
226
226
226
226
225
225
225
225
225
225
225
225
225
221
221
221
221
221
221
221
221
221
221
226
226
226
226
226
226
226
226
226
224
224
224
224
224
224
224
224
224
224
220
220
220
220
220
220
220
220
220
223
223
223
223
223
223
223
223
223
223
227
227
227
227
227
227
227
227
227
230
230
230
230
230
230
230
230
230
230
219
219
219
219
219
219
219
219
219
226
226
226
226
226
226
226
226
226
226
217
217
217
217
217
217
217
217
217
217
229
229
229
229
229
229
229
229
229
228
228
228
228
228
228
228
228
228
228
227
227
227
227
227
227
227
227
227
219
219
219
219
219
219
219
219
219
219
226
226
226
226
226
226
226
226
226
218
218
218
218
218
218
218
218
218
218
224
224
224
224
224
224
224
224
224
228
228
228
228
228
228
228
228
228
