0
0
0
0
0
0
0
0
0
0
0
0
0
0
0
0
0
0
0
0
0
0
0
0
0
0
0
0
0
0
0
0
0
0
0
0
0
0
0
0
0
0
0
0
0
0
0
0
0
0
0
0
0
0
0
0
0
0
0
0
0
0
0
0
0
0
0
0
0
0
0
0
0
0
0
0
0
0
0
0
0
0
0
0
0
0
0
0
0
0
0
0
0
0
0
0
0
0
0
0
0
0
0
0
0
0
0
0
0
0
0
0
0
0
0
0
0
0
0
0
0
0
0
0
0
0
0
0
0
0
64
64
64
64
64
64
64
122
122
122
122
122
122
122
122
122
122
122
173
173
173
173
173
173
173
173
173
221
221
221
221
221
221
221
221
221
257
257
257
257
257
257
257
257
257
301
301
301
301
301
301
301
301
301
301
337
337
337
337
337
337
337
337
337
365
365
365
365
365
365
365
365
365
365
395
395
395
395
395
395
395
395
395
367
367
367
367
367
367
367
367
367
367
339
339
339
339
339
339
339
339
339
223
223
223
223
223
223
223
223
223
223
158
158
158
158
158
158
158
158
158
134
134
134
134
134
134
134
134
134
134
145
145
145
145
145
145
145
145
145
145
152
152
152
152
152
152
152
152
167
167
167
167
167
167
167
167
167
167
183
183
183
183
183
183
183
183
183
220
220
220
220
220
220
220
220
