0.012536
0.053546
0.074465
0.099365
0.120205
0.1411
0.161933
0.186935
0.20818
0.229028
0.249954
0.324432
0.536431
0.755508
0.976022
1.19599
1.4178
1.50112
1.54383
1.59016
1.63123
1.6726
1.72242
1.75341
1.77476
1.80011
1.82134
1.8426
1.86775
1.88891
1.91006
1.95433
1.99743
2.03141
2.05676
2.07892
2.10001
2.12109
2.14493
2.16588
2.19342
2.23834
2.28448
2.32647
2.35973
2.38474
2.40565
2.42655
2.44741
2.4723
2.51081
2.55402
2.59586
2.64178
2.66853
2.68956
2.71049
2.73545
2.75656
2.78265
2.82702
2.87222
2.90886
2.93022
2.95557
2.97683
2.99803
3.02335
3.04464
3.08251
3.13205
3.1746
3.2031
3.22842
3.2497
3.27327
3.2961
3.31731
3.34603
3.39548
3.43048
3.45179
3.47726
3.49841
3.51957
3.54076
3.56575
3.58667
3.62685
3.67587
3.69776
3.71894
3.74009
3.76568
3.78666
3.80791
3.8325
3.86387
3.90827
3.94605
3.96742
3.98874
4.01369
4.0346
4.05536
4.07629
4.09719
4.14365
4.18613
4.20884
4.22973
4.25468
4.27563
4.29646
4.32049
4.34233
4.37182
4.41529
4.45736
4.49697
4.51786
4.53877
4.55968
4.58452
4.6054
4.6263
4.66295
4.71212
4.75401
4.79604
4.82957
4.85468
4.87565
4.89666
4.91756
4.94994
4.99259
5.02662
5.04793
5.07026
5.0911
5.112
5.13283
5.15793
5.17888
5.21458
5.25908
5.30528
5.33142
5.35237
5.3733
5.39825
5.41908
5.44003
5.46296
5.51198
5.54914
5.57014
5.59113
5.61605
5.63849
5.65957
5.68063
5.70371
5.7387
5.78031
5.80528
5.8262
5.84711
5.86803
5.89293
5.91379
5.93464
5.95728
6.00607
6.03658
6.05753
6.0785
6.10342
6.12426
6.14507
6.16593
6.19118
6.22577
6.26507
6.28954
6.31058
6.33151
6.35241
6.37732
6.39836
6.41944
6.44047
6.4894
6.52193
6.54284
6.56376
6.58866
6.60959
6.63051
6.65152
6.67646
6.70897
6.75001
6.77495
6.79584
6.8167
6.83753
6.86244
6.88331
6.90415
6.92534
6.97347
7.00363
7.0245
7.04542
7.07026
7.09115
7.11194
7.13279
7.15372
7.18868
7.23058
7.2515
7.27642
7.29731
7.31824
7.3416
7.36404
7.38486
7.40573
7.44389
7.48289
7.50382
7.52469
7.54554
7.56642
7.59133
7.61225
7.63306
7.65824
7.70866
7.73298
7.75391
7.7788
7.79964
7.82054
7.84147
7.86642
7.88843
7.92517
7.96265
7.98631
8.00726
8.02815
8.04908
8.07411
8.09508
8.11594
8.13932
8.18844
8.22184
8.24278
8.26364
8.28854
8.30946
8.33034
8.35118
8.37147
8.41067
8.45094
8.47189
8.49282
8.51813
8.53928
8.5603
8.58134
8.60534
8.6281
8.66936
8.70926
8.73062
8.75175
8.77264
8.79756
8.81863
8.83964
8.86445
8.89886
8.93923
8.96017
8.9851
9.00615
9.02715
9.05101
9.07292
9.09389
9.11563
9.16016
9.19342
9.2144
9.23551
9.25648
9.28138
9.30226
9.32323
9.34416
9.38134
9.42327
9.44429
9.46524
9.49014
9.51109
9.53203
9.55296
9.57784
9.59867
9.6408
9.67574
9.69863
9.71999
9.74128
9.7666
9.78793
9.80921
9.8344
9.86609
9.90987
9.93517
9.95644
9.97766
10.0029
10.0241
10.0454
10.0714
10.0942
10.139
10.1717
10.1931
10.2144
10.2397
10.2609
10.2823
10.3076
10.3288
10.3633
10.4109
10.4322
10.4535
10.4788
10.5001
10.5246
10.5467
10.568
10.5939
10.6438
10.6679
10.6889
10.7138
10.7347
10.7557
10.7766
10.7975
10.8223
10.8587
10.8955
10.9165
10.9414
10.9623
10.9833
11.0043
11.0293
11.0503
11.0764
11.1233
11.1495
11.1706
11.1915
11.2165
11.2375
11.2585
11.2795
11.3043
11.3391
11.3792
11.4001
11.425
11.4459
11.4668
11.4876
11.5125
11.5335
11.5553
11.5998
11.6313
11.6534
11.6744
11.6954
11.7189
11.7398
11.7606
11.7815
11.8184
11.8599
11.8808
11.9018
11.9267
11.9477
11.9686
11.9895
12.0145
12.0354
12.078
12.107
12.1319
12.1528
12.1737
12.1946
12.2195
12.2406
12.2615
12.2892
12.3337
12.3593
12.3802
12.4011
12.422
12.4468
12.4678
12.4887
12.5096
