0
0
0
0
0
0
0
0
0
0
0
0
0
0
0
0
0
0
0
0
0
0
0
0
0
0
0
0
0
0
0
0
0
0
0
0
0
0
0
0
0
0
0
0
0
0
0
0
0
0
0
0
0
0
0
0
0
0
0
0
0
0
0
0
0
0
0
0
0
0
0
0
0
0
0
0
0
0
0
0
0
0
0
0
0
0
0
0
0
0
0
0
0
0
0
0
0
0
0
0
0
0
0
0
0
0
0
0
0
0
0
0
0
0
0
0
0
0
0
0
0
0
1
1
1
1
1
-1
-1
-1
-1
0
0
0
0
0
1
1
1
1
1
16
16
16
16
16
32
32
32
32
48
48
48
48
48
65
65
65
65
65
82
82
82
82
82
99
99
99
99
99
115
115
115
115
132
132
132
132
132
147
147
147
147
147
164
164
164
164
164
180
180
180
180
195
195
195
195
195
212
212
212
212
212
229
229
229
229
245
245
245
245
245
262
262
262
262
262
278
278
278
278
278
295
295
295
295
312
312
312
312
312
312
327
327
327
327
343
343
343
343
343
324
324
324
324
324
285
285
285
285
249
249
249
249
249
209
209
209
209
209
173
173
173
173
173
135
135
135
135
126
126
126
126
126
126
129
129
129
129
137
137
137
137
150
147
147
147
147
147
149
149
149
149
149
149
149
149
149
157
157
157
157
157
165
165
165
165
165
176
176
176
176
185
185
185
185
185
185
194
194
194
194
211
211
211
211
227
227
227
227
227
243
243
243
243
243
247
247
247
247
247
247
247
247
247
227
227
227
227
216
188
188
188
188
188
150
150
150
150
112
112
112
112
112
75
75
75
75
75
37
37
37
37
37
37
37
37
37
54
54
54
54
54
71
71
71
71
71
88
88
88
88
103
103
103
103
103
103
120
120
120
120
137
137
137
137
137
151
151
151
151
151
168
168
168
168
185
185
185
185
185
187
187
187
187
187
169
169
169
169
169
