0.016323
0.058601
0.079258
0.099961
0.120641
0.14524
0.165972
0.186574
0.207266
0.227891
0.252656
0.280382
0.52934
0.829604
1.12406
1.35206
1.49127
1.54796
1.58899
1.62999
1.67089
1.72026
1.76102
1.80477
1.83003
1.85496
1.87589
1.89677
1.92194
1.94289
1.96381
1.98748
2.03257
2.06399
2.08484
2.10596
2.13134
2.15262
2.17384
2.19914
2.22041
2.25612
2.29818
2.31934
2.34069
2.36596
2.38724
2.40853
2.43382
2.45482
2.48178
2.52576
2.55971
2.58071
2.60334
2.62452
2.6476
2.66841
2.68931
2.71016
2.74495
2.7888
2.80963
2.83052
2.85143
2.87637
2.89738
2.91834
2.93919
2.96919
3.01184
3.04137
3.06228
3.08705
3.10807
3.12903
3.14992
3.1755
3.19648
3.23031
3.27014
3.29396
3.31499
3.33592
3.35679
3.38182
3.40278
3.42356
3.44449
3.48914
3.52908
3.55006
3.57113
3.59614
3.61704
3.63791
3.65872
3.6837
3.71581
3.75829
3.78265
3.8035
3.82872
3.84982
3.87087
3.89201
3.9162
3.93713
3.97701
4.01687
4.04181
4.06286
4.0838
4.10469
4.12968
4.15051
4.17134
4.19821
4.24712
4.2774
4.2983
4.3192
4.3401
4.36499
4.38584
4.4067
4.4276
4.47035
4.5061
4.52737
4.54841
4.57282
4.59371
4.61462
4.6355
4.66036
4.68636
4.72947
4.75691
4.78184
4.80273
4.82366
4.84457
4.86949
4.89039
4.91126
4.94454
4.98569
5.01067
5.03163
5.05255
5.07347
5.09842
5.11937
5.14022
5.16114
5.20992
5.23996
5.26085
5.28175
5.30662
5.32758
5.34843
5.36921
5.39007
5.42635
5.46833
5.48904
5.50993
5.53487
5.55573
5.57659
5.59735
5.62248
5.64337
5.68851
5.72002
5.74214
5.76307
5.78401
5.80485
5.82975
5.85057
5.87153
5.89865
5.94751
5.96894
5.98989
6.01081
6.03568
6.05661
6.07755
6.09833
6.12326
6.16151
6.19545
6.21642
6.24138
6.2623
6.2832
6.30722
6.32821
6.34992
6.37574
6.41913
6.44151
6.46642
6.48745
6.50837
6.52925
6.55402
6.57506
6.59606
6.62905
6.67196
6.69291
6.71394
6.73493
6.75987
6.78077
6.80157
6.82243
6.8505
6.89273
6.91921
6.94327
6.96506
6.98617
7.00709
7.02793
7.05279
7.07373
7.10497
7.14463
7.16958
7.19051
7.21141
7.23227
7.25719
7.27813
7.29888
7.31968
7.36141
7.39376
7.41462
7.43548
7.45639
7.4813
7.50234
7.52523
7.54639
7.57796
7.61958
7.64212
7.6631
7.68794
7.70899
7.72985
7.75068
7.7756
7.79654
7.83398
7.87094
7.89573
7.91663
7.93752
7.95849
7.9834
8.00425
8.02505
8.04992
8.099
8.12646
8.14752
8.16858
8.19234
8.21313
8.23392
8.25477
8.27565
8.3158
8.35189
8.37288
8.39384
8.41866
8.4395
8.4604
8.48129
8.50618
8.52977
8.57302
8.60187
8.62674
8.6476
8.66859
8.68944
8.71435
8.73524
8.75622
8.78706
8.82895
8.85346
8.87442
8.89528
8.92054
8.94175
8.96294
8.98412
9.00991
9.05128
9.08445
9.10967
9.13098
9.15234
9.17753
9.19897
9.22261
9.24558
9.27885
9.31912
9.34451
9.36584
9.38713
9.41243
9.43368
9.4549
9.48016
9.50435
9.54818
9.57791
9.60284
9.62374
9.64466
9.66543
9.69033
9.7121
9.73316
9.76474
