0
0
0
0
0
0
0
0
0
0
0
0
0
0
0
0
0
0
0
0
0
0
0
0
0
0
0
0
0
0
-0.208682
0.10931
0.10931
0.10931
0.10931
-0.626046
0.10931
0.10931
0.10931
-0.546548
0.119247
0.119247
0.119247
0.119247
-0.506799
0.119247
0.119247
0.119247
0.119247
-0.526674
0.129184
0.129184
0.129184
0.129184
-0.536611
0.119247
0.119247
0.119247
-0.546548
0.10931
0.10931
0.10931
0.10931
0.119247
0.119247
0.119247
0.119247
0.119247
-0.516736
0.10931
0.10931
0.10931
-0.566423
0.119247
0.119247
0.119247
0.119247
-0.486925
0.0993723
0.0993723
0.0993723
0.0993723
-0.586297
0.139121
0.139121
0.139121
-0.476987
0.119247
0.119247
0.119247
0.119247
-0.566423
0.10931
0.10931
0.10931
0.10931
0.129184
0.129184
0.129184
0.129184
0.129184
-0.536611
0.10931
0.10931
0.10931
-0.53661
0.0794983
0.0794983
0.0794983
0.0794983
0.129184
0.129184
0.129184
0.129184
0.129184
-0.476989
0.149058
0.149058
0.149058
-0.556486
0.0993723
0.0993723
0.0993723
0.0993723
-0.407427
0.0198752
0.0198752
0.0198752
0.0198752
0.00993637
0.00993637
0.00993637
0.00993637
0.00993637
-0.0496867
-0.0298116
-0.0298116
-0.0298116
0.506799
-0.139121
-0.139121
-0.139121
-0.139121
0.10931
0.178871
0.178871
0.178871
0.178871
-1.17259
0.238494
0.238494
0.238494
0.238494
-0.973849
0.0894359
0.0894359
0.0894359
-0.139121
0.0894347
0.0894347
0.0894347
0.0894347
0.0894347
-0.0298116
-0.0298116
-0.0298116
-0.0298116
0.347804
0.0794983
0.0794983
0.0794983
-0.486925
-0.019874
-0.019874
-0.019874
-0.019874
0.566423
-0.139121
-0.139121
-0.139121
-0.139121
-0.208682
0.0496867
0.0496867
0.0496867
0.0496867
0.337867
0.0198752
0.0198752
0.0198752
0.0198752
0.0496855
0.0496855
0.0496855
0.0496855
0.506799
-0.0695607
-0.0695607
-0.0695607
-0.0695607
-0.0794983
-0.0894359
-0.0894359
-0.0894359
-0.0894359
0.616109
-0.10931
-0.10931
-0.10931
-0.10931
0.566422
0
0
0
-0.00993637
0.0298128
0.0298128
0.0298128
0.0298128
0.0596243
-0.0496855
-0.0496855
-0.0496855
-0.019874
0.10931
0.10931
0.10931
0.10931
0.10931
0.0695607
0.0695607
0.0695607
0.0695607
-1.0931
0.238494
0.238494
0.238494
0.238494
-0.0198752
0.417364
0.417364
0.417364
0.417364
2.34519
2.34519
2.34519
2.34519
3.67678
3.31904
3.31904
3.31904
3.31904
5.15743
5.2568
5.2568
5.2568
6.6182
6.28033
6.28033
6.28033
6.28033
6.28033
7.85042
7.75105
7.75105
7.75105
7.77092
8.53609
8.53609
8.53609
8.53609
7.84048
9.16213
9.16213
9.16213
9.16213
9.08264
9.08264
9.08264
9.08264
7.66161
8.14854
8.14854
8.14854
8.14854
7.4728
8.45659
8.45659
8.45659
8.45659
9.19195
9.19195
9.19195
9.19195
9.19195
8.53609
9.44038
9.44038
9.44038
8.7249
10.1857
10.1857
10.1857
9.48013
9.97699
9.97699
