0
1
1
1
1
1
1
1
1
1
1
1
1
1
1
1
1
1
1
1
1
1
1
1
1
1
1
2.33131e-07
2.33131e-07
2.33131e-07
2.33131e-07
2.33131e-07
-1
-2
-2
-3
-3
-4
-5
-7
-7
-8
-9
-10
-12
-14
-15
-17
-18
-20
-21
-23
-26
-28
-29
-31
-33
-35
-39
-41
-44
-46
-48
-53
-55
-58
-60
-63
-66
-71
-74
-77
-80
-83
-86
-92
-95
-98
-102
-105
-109
-116
-119
-123
-127
-131
-134
-138
-146
-150
-155
-159
-163
-167
-176
-181
-185
-190
-195
-199
-204
-214
-218
-223
-228
-233
-239
-249
-254
-260
-265
-271
-276
-282
-293
-299
-305
-311
-316
-322
-328
-341
-347
-353
-359
-365
-371
-383
-388
-394
-400
-406
-417
-423
-429
-435
-440
-446
-458
-464
-469
-473.999
-479.999
-484.999
-489.998
-500.998
-505.997
-511.997
-516.996
-522.996
-528.995
-540.993
-546.993
-552.992
-557.991
-563.991
-568.99
-574.988
-579.987
-590.985
-595.984
-601.983
-606.982
-611.98
-616.979
-621.978
-631.976
-637.975
-642.974
-647.973
-652.971
-657.969
-661.968
-671.965
-675.963
-680.962
-684.96
-688.959
-693.957
-697.955
-706.952
-710.95
-715.948
-718.946
-722.944
-726.943
-729.941
-737.938
-740.937
-744.935
-747.934
-751.932
-754.931
-757.929
-760.928
-766.926
-768.924
-771.922
-773.92
-776.918
-778.916
-780.915
-785.911
-787.909
-788.907
-790.905
-791.902
-793.9
-794.898
-796.895
-798.893
-798.892
-799.891
-800.889
-801.887
-802.883
-803.88
-803.877
-804.874
-804.871
-805.868
-806.861
-806.858
-806.854
-806.851
-806.848
-806.845
-806.839
-806.835
-806.832
-806.829
-806.825
-807.822
-807.817
-808.808
-808.805
-808.801
-809.797
-810.792
-810.789
-811.788
-812.801
-813.814
-814.839
-815.869
-816.908
-817.947
-819.005
-821.074
-823.232
-825.318
-826.417
-827.529
-829.655
-830.797
-832.913
-836.223
-838.373
-839.591
-841.767
-843.956
-846.09
-848.308
-852.704
-855.872
-858.149
-860.34
-862.54
-865.855
-868.075
-873.66
-876.044
-879.434
-882.694
-885.125
-888.401
-894.157
-897.632
-901.122
-904.625
-908.141
-911.671
-915.214
-922.343
-926.903
-930.501
-934.111
-938.706
-942.341
-945.989
-954.542
-959.192
-963.853
-967.838
-972.519
-977.21
-985.962
-990.988
-995.721
-1000.78
-1005.54
-1010.63
-1015.74
-1026.6
-1031.75
-1036.56
-1041.74
-1046.94
-1058.3
-1063.54
-1069.71
-1075.38
-1081.57
-1086.86
-1093.49
-1104.56
-1109.9
-1115.7
-1121.06
-1126
-1131.84
-1137.71
-1143.58
-1154.51
-1160.44
-1165.51
-1170.6
-1175.71
-1179.97
-1189.42
-1195.13
-1199.47
-1203.84
-1208.23
-1213.18
-1217.61
-1227.08
-1232.14
-1237.21
-1242.32
-1246.64
-1251.79
-1256.96
-1262.16
-1272.63
-1277.9
-1282.57
-1287.89
-1292.59
-1298.09
-1302.83
-1313.11
-1318.66
-1324.21
-1329.03
-1333.93
-1339.52
-1344.44
-1355.7
-1360.64
-1366.29
-1371.24
-1376.89
-1381.85
-1387.5
-1392.44
-1403.02
-1408.67
-1414.26
-1419.91
-1424.81
-1430.36
-1435.25
-1446.3
-1451.81
-1456.67
-1462.93
-1468.4
-1473.85
-1480.08
-1490.92
-1497.12
-1502.72
-1508.09
-1514.26
-1520.42
-1526.56
-1531.3
-1544.37
-1549.91
-1555.45
-1561.52
-1567.04
-1572.55
-1578.06
-1588.52
-1594.35
-1599.32
-1604.28
-1609.24
-1614.19
-1619.14
-1628.09
-1632.56
-1637.03
-1641.5
-1645.97
-1650.44
-1654.48
-1663.9
-1668.37
-1673.75
-1677.81
-1683.2
-1687.66
-1698.04
-1703.05
-1708.43
-1713.82
-1718.84
-1724.23
-1729.61
-1739.43
-1744.81
-1750.51
-1755.89
-1760.63
-1766
-1770.71
-1780.78
-1786.42
-1791.09
-1796.71
-1801.09
-1806.7
-1817.15
-1821.75
-1827.31
-1833.08
-1837.64
-1843.38
-1847.91
-1858.32
-1863
-1867.66
-1872.47
-1877.09
-1882.84
-1887.42
-1896.66
-1902.31
-1906.81
-1911.29
-1916.88
-1921.33
-1931.16
-1935.67
-1941.04
-1945.4
-1949.75
-1955.08
-1960.39
-1970
-1975.28
-1980.55
-1985.74
-1990.99
-1995.23
-2005.61
-2010.77
-2015.97
-2021.12
-2026.31
-2030.46
-2040.78
-2045.95
-2051.13
-2056.25
-2061.37
-2065.54
-2074.78
-2079.89
-2085.01
-2089.12
-2094.23
-2103.48
-2108.59
-2113.73
-2117.83
-2122.93
-2132.16
-2137.25
-2142.35
-2146.44
-2151.53
-2156.62
-2166.82
-2170.9
-2175.98
-2181.06
-2186.16
-2195.31
-2200.39
-2205.46
-2210.55
-2215.62
-2219.68
-2229.82
-2234.89
-2238.96
-2244.02
-2254.16
-2258.23
-2263.29
-2268.38
-2273.45
-2278.52
-2287.65
-2292.74
-2297.81
-2301.88
-2306.95
-2316.08
-2321.17
-2326.24
-2331.31
-2336.37
-2340.44
-2350.58
-2355.65
-2359.71
-2364.8
-2369.87
-2379.01
-2384.07
-2389.14
-2394.21
-2403.34
-2408.43
-2413.5
-2417.57
-2422.64
-2427.7
-2437.86
-2441.93
-2447.02
-2452.09
-2457.15
-2462.24
-2471.38
-2476.47
-2481.54
-2486.63
-2491.69
-2496.78
-2506.92
-2511.99
-2517.05
-2522.12
-2526.19
-2536.32
-2541.39
-2546.46
-2551.52
-2555.59
-2564.73
-2569.79
-2574.86
-2579.93
-2585
-2595.13
-2600.2
-2604.27
-2609.33
-2614.4
-2624.56
-2629.63
-2633.7
-2638.76
-2643.83
-2648.9
-2659.03
-2664.1
-2669.17
-2673.24
-2678.28
