0
0
0
0
0
0
0
0
0
0
0
0
0
0
0
0
0
0
0
0
0
0
0
0
0
0
0
0
0
0
5
-9
-9
-9
-9
-9
-28
-28
-28
-12
-45
-45
-45
-37
-45
-60
-60
-60
-60
-44
-77
-77
-77
-69
-77
-93
-93
-93
-93
-110
-110
-110
-110
-127
-127
-127
-127
-127
-126
-142
-142
-142
-125
-159
-159
-159
-151
-160
-174
-174
-174
-174
-158
-192
-192
-192
-176
-207
-207
-207
-207
-207
-224
-224
-224
-224
-240
-240
-240
-240
-232
-239
-255
-255
-255
-239
-271
-271
-271
-271
-289
-289
-289
-289
-289
-289
-305
-305
-305
-288
-320
-320
-320
-320
-320
-331
-331
-331
-331
-329
-329
-329
-329
-329
-327
-328
-328
-328
-348
-296
-296
-296
-296
-285
-287
-287
-287
-287
-270
-307
-307
-307
-307
-288
-314
-314
-314
-324
-304
-304
-304
-304
-314
-297
-297
-297
-297
-323
-275
-275
-275
-278
-270
-270
-270
-270
-249
-231
-231
-231
-231
-247
-227
-227
-227
-246
-209
-201
-201
-201
-201
-200
-200
-200
-200
-228
-165
-165
-165
-165
-150
-150
-150
-150
-150
-184
-116
-116
-116
-116
-98
-84
-84
-84
-102
-71
-71
-71
-71
-51
-48
-48
-48
-66
-40
-40
-40
-40
-40
-28
-28
-28
-28
-14
-52
-52
-52
-40
-52
-63
-63
-63
-63
-80
-80
-80
-80
-64
-97
-97
-97
-97
-111
-114
-114
-114
-97
-130
-130
-130
-130
-130
-145
-143
-143
-143
-127
-164
-164
-164
-156
-147
-180
-180
-180
-180
-194
-194
-194
-194
-177
-211
-211
-211
-211
-205
-230
-230
-230
-230
-245
-245
-245
-245
-237
-238
-261
-261
-261
-244
-277
-277
-277
-264
-282
-282
