0
0
0
0
0
0
0
0
0
0
0
0
0
0
0
0
0
0
0
0
0
0
0
0
0
0
0
0
0
0
0
0
0
0
0
0
0
0
0
0
0
0
0
0
0
0
0
0
0
0
0
0
0
0
0
0
0
0
0
0
0
0
0
0
0
0
0
0
0
0
0
0
0
0
0
0
0
0
0
0
0
0
0
0
0
0
0
0
0
0
0
0
0
0
0
0
0
0
0
0
0
0
0
0
0
0
0
0
0
0
0
0
0
0
0
0
0
0
0
0
0
0
0
0
0
0
0
0
0
0
0
0
0
0
0
0
0
0
0
0
0
0
1
1
2
2
3
4
4
6
7
7
8
9
10
11
14
15
16
18
19
21
24
26
27
29
31
33
35
39
41
43
45
48
50
52
57
60
62
65
68
70
76
79
82
85
88
91
95
101
105
108
112
115
119
122
130
134
138
142
146
150
154
162
167
171
175
180
184
193
198
203
207
212
217
227
232
237
242
247
252
262
268
273
279
284
290
301
307
312
318
324
330
342
348
354
360
366
372
378
390
396
402
407
413
418
423
433
438
442
447
451
455
460
467
471
474
478
481
485
488
494
496
499
501
504
506
508
512
514
516
518
520
523
525
529
532
534
537
539
541
546
549
552
554
557
560
563
569
572
575
579
582
586
589
596
599
603
606
609
613
616
623
627
630
634
637
641
644
652
655
659
663
667
672
680
684
689
693
698
702
707
711
721
725
730
735
740
745
750
760
765
770
775
781
786
791
796
807
812
818
823
829
835
841
852
858
864
870
875
881
886
891
902
907
911
916
921
926
930
939
943
947
951
955
959
963
967
974
978
981
984
988
991
994
1000
1003
1006
1009
1012
1016
1019
1026
1029
1033
1036
1040
1044
1047
1051
1059
1063
1067
1071
1075
1079
1083
1088
1096
1100
1104
1108
1112
1116
1120
1128
1132
1136
1140
1144
1148
1152
1157
1165
1169
1174
1178
1182
1187
1197
1201
1206
1211
1217
1222
1226
1236
1241
1245
1250
1255
1259
1263
1272
1277
1281
1285
1290
1294
1303
1308
1312
1316
1321
1325
1329
1338
1342
1346
1350
1354
1358
1362
1371
1375
1379
1384
1388
1393
1402
1407
1411
1416
1420
1425
1430
1434
1444
1449
1454
1459
1464
1469
1478
1483
1488
1493
1498
1502
1512
1517
1522
1527
1531
1536
1545
1550
1555
1559
1564
1568
1578
1583
1588
1593
1597
1602
1612
1616
1621
1626
1631
1640
1644
1649
1654
1659
1668
1673
1678
1683
1688
1698
1702
1707
1712
1717
1726
1731
1736
1741
1746
1751
1761
1766
1770
1775
1780
1790
1795
1800
1805
1810
1819
1824
1828
1833
1838
1848
1853
1857
1862
1867
1876
1881
1886
1891
1896
1906
1910
1915
1920
1925
1934
1939
1944
1949
1954
1959
1969
1974
1979
1983
1988
1997
2002
2007
2012
2017
2026
2031
2036
2041
2045
2055
2060
2065
2070
2075
2084
2089
2094
2099
2109
2114
2119
2124
2128
2138
2143
2147
2152
2156
2166
2171
2176
2181
2186
2195
2200
2205
2210
2215
2220
2230
2236
2241
2246
2251
2261
2267
2272
2277
2282
2287
2298
2303
2308
2314
2319
2329
2335
2340
2345
2350
2356
2361
2371
2375
2380
2384
2389
2393
2402
2406
2410
2414
2418
2422
2429
2432
2436
2439
2443
2450
2453
2457
2460
2467
2471
2474
2478
2481
2485
2488
2495
2498
2501
2504
2507
2510
2517
2520
2523
2526
2530
2533
2540
2543
2546
2550
2553
2557
2560
2567
2571
2574
2578
2581
2585
2592
2596
2599
2602
2605
2609
2615
2618
2622
2625
2628
2631
2637
2640
2643
2646
2649
2652
2655
2661
2664
2667
2670
2673
2676
2679
2685
2688
2691
2694
2697
2700
2702
2708
2711
2714
2717
2719
2722
2725
2730
2733
2736
2739
2741
2744
2749
2752
2755
2757
2760
2763
2768
2770
2772
2775
2777
2779
2782
2786
2789
2791
2793
2795
2797
2799
2800
2804
2805
2806
2808
2809
2810
2811
2812
2813
2814
2815
2815
2815
2815
2815
2815
2814
2814
2813
2812
2812
2810
2809
2807
2806
2804
2803
2801
2797
2795
2793
2791
2789
2786
2784
2779
2777
2774
2771
2768
2766
2760
2757
2755
2752
2749
2746
2741
2738
2735
2732
2729
2727
2721
2718
2715
2712
2709
2706
2700
2697
2694
2691
2688
2681
2677
2674
2671
2667
2664
2657
2654
2650
2647
2644
2640
2633
2629
2625
2622
2618
2614
2610
2603
2599
2596
2592
2589
2586
2583
2578
2575
2572
2569
2566
2564
2561
2558
2552
2549
2546
2543
2540
2538
2531
2528
2525
2522
2518
2515
2512
2505
2501
2498
2494
2490
2486
2482
2474
2470
2466
2462
2458
2453
2449
2441
2436
2432
2428
2424
2416
2411
2407
2402
2398
2394
2386
2382
2378
2374
2370
2366
2358
2354
2350
2346
2342
2334
2331
2327
2323
2319
2311
2307
2303
2298
2294
2287
2283
2279
2275
2271
2266
2258
2255
2251
2247
2243
2239
2232
2228
2224
2219
2216
2208
2204
2200
2196
2192
2188
2180
2176
2172
2168
2160
2156
2152
2148
2144
2139
2135
2127
2123
2119
2116
2112
2104
2100
2096
2092
2088
2084
2077
2073
2069
2065
2061
2053
2049
2045
2041
2037
2033
2024
2020
2016
2012
2008
2000
1996
1992
1988
1984
1980
1973
1969
1965
1961
1957
1953
1945
1941
1937
1934
1926
1922
1918
1914
1910
1906
1902
1893
1889
1885
1881
1877
1869
1865
1861
1857
1853
1845
1841
1837
1833
1829
1824
1816
1812
1808
1804
1800
1792
1789
1785
1781
1777
1769
1765
1761
1757
1754
1746
1742
1738
1734
1730
1726
1722
1714
1710
1706
1702
1698
1690
1685
1681
1678
1670
1666
1662
1658
1654
1650
1642
1638
1634
1630
1625
1621
1617
1609
1605
1601
1597
1593
1589
1586
1582
1576
1573
1570
1567
1565
1562
1557
1554
1552
1549
1547
1542
1539
1537
1534
1531
1529
1526
1520
1517
1514
1511
1507
1504
1501
1494
1491
1487
1483
1480
1476
1472
1464
1461
1457
1453
1448
1444
1440
1431
1427
1422
1418
1414
1409
1401
1396
1392
1388
1384
1375
1371
1366
1362
1358
1354
1346
1342
1338
1334
1330
1321
1317
1313
1310
1305
1297
1293
1289
1285
1281
1277
1269
1265
1261
1257
1253
1245
1241
1237
1233
1229
1225
1221
1213
1209
1205
1201
1197
1188
1184
1180
1176
1172
1164
1160
1156
1152
1148
1144
1136
1132
1128
1124
1120
1112
1108
1104
1100
1097
1093
1085
1081
1077
1073
1069
1062
1058
1054
1050
1045
1041
1033
1029
1025
1021
1017
1009
1005
1001
997
993
988
980
976
973
969
964
956
952
948
944
940
936
929
925
921
917
913
909
901
897
894
890
886
878
874
870
866
862
858
850
846
842
838
834
826
822
818
814
810
806
798
794
790
786
782
775
771
767
763
759
755
747
743
739
735
731
727
718
714
710
706
702
694
690
686
681
677
673
665
661
657
653
649
641
637
633
629
625
621
613
610
606
602
598
590
586
582
578
574
570
562
559
554
550
546
542
534
531
526
523
519
510
506
502
498
494
490
483
479
475
471
467
463
455
452
448
444
440
436
428
424
421
417
412
408
399
395
391
387
383
379
371
367
363
358
354
346
342
338
334
330
325
317
313
309
306
302
298
290
286
282
278
275
271
263
259
256
252
248
244
236
232
228
224
220
216
207
203
199
195
191
186
178
174
170
166
162
153
149
145
141
137
133
125
121
117
113
109
105
97
93
89
85
81
78
70
66
62
58
54
47
43
39
35
31
27
19
15
11
7
3
-5
-9
-13
-17
-21
-25
-33
-37
-41
-45
-49
-57
-60
-64
-69
-72
-76
-84
-88
-92
-96
-100
-108
-112
-116
-120
-124
-128
-132
-141
-145
-149
-153
-157
-165
-169
-173
-177
-181
-185
-193
-197
-201
-205
-209
-213
-221
-225
-229
-233
-237
-241
-249
-252
-256
-260
-264
-272
-276
-280
-284
-288
-291
-299
-303
-308
-312
-316
-320
-328
-332
-337
-341
-345
-353
-357
-360
-364
-368
-376
-380
-384
-388
-392
-396
-400
-408
-412
-416
-420
-424
-431
-436
-440
-444
-448
-452
-460
-464
-468
-472
-476
-484
-488
-492
-496
-500
-508
-512
-516
-520
-524
-528
-532
-540
-544
-548
-552
-556
-563
-567
-571
-575
-579
-583
-591
-595
-599
-603
-607
-615
-619
-623
-627
-631
-635
-640
-648
-652
-656
-660
-664
-672
-676
-680
-684
-688
-697
-701
-705
-709
-713
-717
-721
-729
-733
-737
-741
-745
-748
-756
-760
-764
-768
-771
-779
-783
-787
-791
-795
-799
-803
-811
-815
-819
-823
-827
-835
-839
-844
-848
-852
-856
-864
-868
-872
-876
-880
-884
-893
-897
-901
-905
-909
-916
-920
-924
-927
-931
-935
-943
-947
-951
-954
-958
-966
-970
-974
-978
-982
-987
-995
-999
-1003
-1007
-1011
-1015
-1023
-1028
-1032
-1036
-1040
-1044
-1052
-1056
-1060
-1064
-1068
-1072
-1080
-1084
-1088
-1092
-1096
-1103
-1107
-1111
-1115
-1119
-1123
-1131
-1134
-1138
-1142
-1146
-1154
-1157
-1162
-1166
-1170
-1174
-1182
-1186
-1190
-1194
-1198
-1203
-1211
-1215
-1220
-1224
-1228
-1236
-1240
-1245
-1249
-1253
-1257
-1265
-1269
-1272
-1276
-1280
-1284
-1292
-1295
-1299
-1303
-1307
-1315
-1319
-1322
-1326
-1330
-1338
-1342
-1346
-1350
-1354
-1358
-1366
-1370
-1374
-1378
-1383
-1387
-1394
-1398
-1402
-1406
-1410
-1418
-1422
-1426
-1430
-1434
-1438
-1446
-1450
-1454
-1458
-1461
-1469
-1473
-1477
-1481
-1485
-1493
-1497
-1502
-1506
-1510
-1514
-1518
-1526
-1530
-1533
-1537
-1541
-1549
-1553
-1557
-1560
-1565
-1573
-1576
-1580
-1584
-1588
-1596
-1600
-1604
-1608
-1613
-1617
-1621
-1629
-1633
-1637
-1641
-1645
-1653
-1657
-1661
-1665
-1669
-1677
-1681
-1685
-1689
-1694
-1697
-1702
-1710
-1713
-1717
-1721
-1729
-1733
-1737
-1741
-1744
-1748
-1756
-1760
-1764
-1768
-1775
-1779
-1783
-1787
-1792
-1796
-1804
-1809
-1813
-1817
-1821
-1825
-1833
-1837
-1841
-1845
-1849
-1857
-1861
-1865
-1869
-1873
-1882
-1886
-1890
-1894
-1897
-1905
-1909
-1913
-1917
-1921
-1929
-1933
-1937
-1941
-1945
-1952
-1956
-1960
-1964
-1968
-1976
-1980
-1984
-1988
-1992
-2000
-2004
-2008
-2012
-2016
-2020
-2028
-2031
-2035
-2039
-2047
-2051
-2055
-2059
-2063
-2071
-2075
-2078
-2082
-2086
-2094
-2099
-2103
-2107
-2111
-2119
-2123
-2127
-2131
-2135
-2139
-2147
-2151
-2155
-2159
-2162
-2170
-2174
-2178
-2181
-2185
-2193
-2198
-2202
-2206
-2210
-2218
-2222
-2226
-2230
-2234
-2238
-2247
-2251
-2255
-2259
-2263
-2271
-2276
-2280
-2284
-2288
-2296
-2300
-2304
-2308
-2312
-2316
-2324
-2329
-2333
-2337
-2341
-2345
-2353
-2356
-2360
-2364
-2368
-2376
-2380
-2384
-2387
-2390
-2397
-2401
-2405
-2408
-2412
-2416
-2419
-2427
-2431
-2435
-2438
-2442
-2446
-2450
-2454
-2462
-2466
-2469
-2473
-2477
-2481
-2485
-2493
-2497
-2501
-2504
-2508
-2512
-2516
-2524
-2528
-2532
-2536
-2540
-2544
-2547
-2555
-2558
-2562
-2566
-2570
-2574
-2578
-2586
-2590
-2594
-2598
-2602
-2606
-2609
-2613
-2622
-2626
-2629
-2633
-2637
-2641
-2645
-2653
-2657
-2661
-2665
-2670
-2674
-2678
-2682
-2691
-2695
-2699
-2704
-2708
-2712
-2717
-2721
-2729
-2734
-2738
-2742
-2747
-2751
-2756
-2764
-2768
-2772
-2776
-2780
-2784
-2793
-2797
-2801
-2805
-2809
-2818
-2821
-2826
-2830
-2834
-2838
-2846
-2851
-2855
-2859
-2863
-2867
-2876
-2880
-2884
-2888
-2892
-2901
-2904
-2909
-2913
-2917
-2921
-2929
-2934
-2938
-2942
-2946
-2950
-2958
-2962
-2966
-2970
-2974
-2978
-2986
-2989
-2993
-2997
-3001
-3005
-3012
-3016
-3019
-3023
-3027
-3034
-3038
-3041
-3045
-3048
-3051
-3058
-3061
-3065
-3068
-3072
-3078
-3082
-3085
-3088
-3092
-3095
-3098
-3104
-3107
-3111
-3114
-3116
-3119
-3125
-3128
-3131
-3133
-3136
-3142
-3144
-3147
-3150
-3152
-3155
-3160
-3162
-3164
-3167
-3169
-3171
-3175
-3177
-3179
-3181
-3183
-3187
-3189
-3191
-3193
-3195
-3196
-3198
-3202
-3203
-3205
-3206
-3208
-3211
-3212
-3214
-3215
-3217
-3218
-3220
-3221
-3223
-3224
-3225
-3226
-3227
-3228
-3229
-3230
-3231
-3231
-3233
-3233
-3233
-3234
-3234
-3234
-3235
-3235
-3235
-3235
-3235
-3235
-3235
-3235
-3235
-3234
-3234
-3234
-3233
-3233
-3232
-3232
-3231
-3230
-3229
-3228
-3228
-3227
-3225
-3224
-3223
-3222
-3220
-3219
-3217
-3215
-3210
-3208
-3206
-3203
-3200
-3198
-3195
-3192
-3187
-3184
-3182
-3179
-3177
-3175
-3173
-3169
-3166
-3164
-3162
-3160
-3157
-3155
-3151
-3149
-3146
-3144
-3141
-3139
-3136
-3131
-3129
-3126
-3123
-3120
-3117
-3115
-3112
-3105
-3102
-3099
-3095
-3092
-3088
-3085
-3081
-3074
-3070
-3066
-3062
-3058
-3054
-3050
-3041
-3037
-3033
-3029
-3025
-3017
-3013
-3008
-3004
-3000
-2996
-2988
-2984
-2980
-2977
-2973
-2965
-2961
-2957
-2953
-2949
-2946
-2938
-2934
-2930
-2927
-2923
-2919
-2911
-2907
-2903
-2900
-2896
-2889
-2885
-2881
-2877
-2873
-2869
-2862
-2858
-2854
-2850
-2846
-2838
-2834
-2830
-2826
-2822
-2818
-2811
-2807
-2803
-2799
-2795
-2791
-2783
-2779
-2775
-2772
-2768
-2760
-2756
-2752
-2748
-2744
-2740
-2732
-2728
-2724
-2719
-2715
-2711
-2707
-2698
-2694
-2690
-2686
-2682
-2674
-2670
-2666
-2662
-2658
-2654
-2645
-2641
-2637
-2633
-2629
-2626
-2618
-2614
-2610
-2606
-2602
-2598
-2590
-2587
-2583
-2579
-2575
-2568
-2564
-2560
-2556
-2552
-2548
-2540
-2536
-2532
-2529
-2525
-2521
-2512
-2508
-2504
-2500
-2495
-2491
-2483
-2479
-2475
-2471
-2467
-2463
-2455
-2451
-2447
-2443
-2439
-2430
-2426
-2422
-2418
-2414
-2410
-2406
-2399
-2395
-2391
-2387
-2383
-2376
-2372
-2368
-2364
-2360
-2352
-2348
-2345
-2341
-2337
-2333
-2325
-2321
-2316
-2312
-2308
-2304
-2296
-2291
-2287
-2283
-2279
-2275
-2267
-2263
-2259
-2255
-2251
-2242
-2238
-2235
-2231
-2227
-2223
-2215
-2212
-2208
-2204
-2200
-2196
-2188
-2184
-2180
-2176
-2173
-2165
-2161
-2157
-2153
-2149
-2144
-2136
-2132
-2128
-2124
-2120
-2116
-2108
-2104
-2100
-2096
-2092
-2084
-2080
-2076
-2072
-2067
-2063
-2055
-2051
-2047
-2044
-2040
-2036
-2028
-2024
-2020
-2017
-2013
-2005
-2001
-1997
-1993
-1989
-1985
-1977
-1973
-1969
-1965
-1961
-1956
-1948
-1944
-1940
-1936
-1931
-1923
-1919
-1915
-1911
-1907
-1903
-1895
-1891
-1887
-1883
-1879
-1875
-1867
-1863
-1859
-1855
-1852
-1848
-1840
-1836
-1832
-1828
-1824
-1816
-1813
-1809
-1805
-1801
-1797
-1788
-1785
-1781
-1776
-1772
-1764
-1760
-1756
-1752
-1748
-1744
-1737
-1733
-1729
-1725
-1721
-1718
-1710
-1706
-1702
-1698
-1694
-1686
-1682
-1678
-1674
-1670
-1667
-1662
-1654
-1650
-1646
-1642
-1638
-1630
-1626
-1621
-1617
-1613
-1605
-1602
-1597
-1593
-1589
-1581
-1577
-1573
-1569
-1565
-1561
-1557
-1550
-1546
-1542
-1538
-1534
-1530
-1522
-1518
-1514
-1511
-1507
-1499
-1495
-1491
-1487
-1483
-1479
-1471
-1466
-1462
-1458
-1454
-1445
-1441
-1437
-1433
-1429
-1425
-1417
-1413
-1409
-1405
-1401
-1393
-1388
-1384
-1380
-1376
-1372
-1365
-1361
-1357
-1353
-1349
-1345
-1337
-1333
-1329
-1325
-1322
-1314
-1310
-1306
-1302
-1298
-1294
-1290
-1281
-1277
-1273
-1269
-1262
-1258
-1254
-1249
-1245
-1241
-1233
-1229
-1225
-1221
-1217
-1213
-1205
-1201
-1197
-1193
-1189
-1185
-1177
-1173
-1169
-1165
-1162
-1158
-1150
-1146
-1142
-1139
-1135
-1127
-1123
-1119
-1115
-1111
-1106
-1098
-1094
-1090
-1086
-1082
-1074
-1070
-1066
-1062
-1058
-1050
-1046
-1042
-1038
-1033
-1029
-1025
-1017
-1013
-1009
-1005
-1002
-998
-990
-986
-982
-978
-974
-966
-963
-959
-955
-951
-943
-939
-935
-931
-927
-923
-915
-911
-907
-902
-898
-890
-886
-883
-879
-875
-871
-863
-859
-855
-851
-847
-839
-835
-831
-827
-823
-816
-812
-808
-804
-799
-795
-787
-783
-779
-775
-771
-763
-759
-755
-751
-743
-739
-735
-731
-727
-723
-715
-711
-707
-703
-699
-691
-687
-684
-680
-676
-668
-664
-660
-656
-652
-645
-641
-637
-633
-629
-624
-616
-612
-608
-604
-600
-592
-588
-584
-580
-576
-572
-564
-560
-557
-553
-549
-545
-537
-533
-529
-525
-521
-514
-510
-506
-502
-498
-494
-485
-481
-477
-473
-469
-461
-457
-453
-449
-445
-437
-432
-428
-424
-420
-412
-408
-404
-400
-396
-392
-384
-380
-376
-373
-369
-361
-357
-353
-349
-345
-337
-334
-330
-326
-322
-314
-310
-306
-302
-297
-290
-285
-281
-277
-273
-265
-261
-257
-253
-249
-242
-238
-234
-230
-226
-218
-214
-210
-206
-203
-195
-191
-187
-183
-179
-175
-167
-163
-158
-154
-150
-142
-138
-134
-130
-126
-117
-113
-109
-105
-97
-93
-89
-84
-80
-76
-68
-64
-61
-57
-53
-45
-41
-37
-34
-30
-23
-19
-15
-11
-7
1
4
8
13
17
21
29
33
38
42
46
54
58
62
66
75
78
83
87
91
95
103
107
111
115
118
126
130
134
138
142
150
154
157
161
165
173
176
180
184
188
196
200
204
208
212
220
224
228
232
236
243
247
251
255
259
267
271
275
279
283
291
295
299
303
307
315
319
324
328
332
336
344
348
353
357
361
365
373
377
381
385
389
397
400
404
408
412
416
424
428
431
435
439
447
450
454
458
463
470
475
479
482
487
495
499
503
507
511
519
523
527
531
535
543
546
550
554
562
566
570
574
578
582
590
595
599
603
607
615
619
623
627
631
639
643
647
651
655
663
667
671
675
679
687
691
695
699
702
710
714
718
722
726
734
738
742
745
753
757
761
765
769
777
781
785
789
793
801
805
809
813
817
825
828
832
836
840
848
852
855
859
864
868
872
880
884
889
893
897
901
909
913
917
921
925
933
937
941
945
948
952
960
964
967
971
975
982
986
990
994
998
1002
1009
1013
1017
1021
1025
1028
1036
1040
1045
1049
1053
1057
1061
1069
1073
1077
1081
1085
1089
1093
1097
1105
1109
1113
1117
1121
1125
1129
1136
1139
1142
1145
1148
1150
1153
1158
1160
1163
1165
1166
1168
1170
1173
1174
1175
1176
1177
1178
1178
1180
1181
1181
1182
1183
1183
1184
1185
1187
1187
1188
1189
1190
1191
1192
1194
1195
1197
1198
1199
1201
1202
1205
1207
1209
1211
1213
1215
1217
1219
1224
1227
1229
1232
1234
1237
1239
1242
1247
1250
1252
1255
1258
1260
1263
1269
1271
1274
1277
1280
1282
1285
1288
1294
1297
1300
1304
1307
1310
1313
1320
1324
1327
1330
1334
1338
1341
1345
1352
1356
1360
1364
1368
1372
1376
1379
1387
1391
1396
1400
1404
1408
1413
1417
1426
1430
1434
1438
1443
1447
1451
1456
1465
1469
1473
1477
1481
1486
1493
1497
1502
1505
1509
1513
1517
1521
1528
1532
1535
1538
1542
1545
1548
1554
1557
1559
1562
1564
1567
1569
1571
1575
1577
1579
1580
1582
1584
1587
1588
1590
1591
1593
1594
1596
1598
1599
1601
1602
1603
1604
1605
1605
1607
1607
1608
1608
1609
1609
1610
1610
1611
1611
1611
1611
1611
1611
1612
1612
1612
1612
1612
1611
1611
1611
1610
1610
1610
1609
1609
1609
1608
1608
1608
1608
1608
1607
1607
1607
1607
1607
1607
1606
1606
1606
1606
1606
1606
1606
1606
1606
1605
1605
1605
1605
1605
1605
1605
1605
1605
1605
1605
1605
1605
1605
1605
1604
1604
1604
1604
1604
1604
1604
1603
1603
1603
1603
1603
1603
1603
1602
1602
1602
1602
1602
1602
1602
1602
1602
1602
1601
1601
1601
1601
1601
1601
1601
1601
1601
1601
1601
1601
1601
1601
1601
1600
1600
1600
1600
1600
1600
1600
1600
1600
1599
1599
1599
1599
1599
1599
1599
1599
1599
1599
1599
1599
1599
1598
1598
1598
1598
1598
1598
1598
1598
1598
1598
1598
1598
1598
1598
1598
1598
1597
1597
1597
1597
1597
1597
1597
1596
1596
1596
1596
1596
1596
1596
1595
1595
1595
1595
1595
1595
1595
1595
1595
1595
1595
1595
1595
1594
1594
1594
1594
1594
1594
1594
1594
1594
1593
1593
1593
1593
1593
1593
1593
1593
1592
1592
1592
1592
1592
1592
1592
1592
1592
1592
1592
1592
1592
1592
1592
1592
1592
1591
1591
1591
1591
1591
1591
1591
1591
1591
1591
1591
1591
1591
1591
1591
1590
1590
1590
1590
1590
1590
1590
1589
1589
1589
1589
1589
1589
1589
1589
1588
1588
1588
1588
1588
1588
1588
1588
1588
1588
1588
1588
1588
1588
1587
1587
1587
1587
1587
1587
1587
1587
1586
1586
1586
1586
1586
1586
1586
1586
1586
1585
1585
1585
1585
1585
1585
1585
1585
1585
1585
1585
1585
1585
1585
1585
1585
1584
1584
1584
1584
1584
1584
1584
1584
1584
1584
1584
1584
1583
1583
1583
1583
1583
1583
1583
1583
1582
1582
1582
1582
1582
1582
1582
1582
1581
1581
1581
1581
1581
1581
1581
1581
1581
1580
1580
1580
1580
1580
1580
1580
1580
1579
1579
1579
1579
1579
1579
1579
1579
1579
1579
1579
1578
1578
1578
1578
1578
1578
1578
1578
1578
1578
1578
1578
1578
1578
1578
1578
1578
1578
1578
1578
1578
1578
1578
1577
1577
1577
1577
1577
1577
1577
1577
1576
1576
1576
1576
1576
1576
1576
1576
1576
1576
1575
1575
1575
1575
1575
1575
1575
1575
1575
1575
1575
1575
1574
1574
1574
1574
1574
1574
1574
1574
1574
1574
1574
1573
1573
1573
1573
1573
1573
1573
1573
1573
1573
1573
1573
1572
1572
1572
1572
1572
1572
1572
1572
1572
1572
1572
1572
1572
1572
1572
1571
1571
1571
1571
1571
1570
1569
1569
1568
1568
1567
1566
1565
1564
1563
1562
1561
1560
1557
1556
1555
1553
1552
1550
1547
1546
1544
1542
1540
1539
1537
1533
1531
1528
1526
1524
1519
1517
1515
1512
1509
1507
1502
1499
1496
1493
1490
1487
1484
1478
1475
1471
1468
1465
1461
1454
1451
1447
1444
1440
1436
1428
1425
1420
1416
1412
1408
1400
1395
1391
1387
1382
1378
1369
1364
1359
1354
1349
1344
1334
1329
1324
1319
1314
1308
1303
1292
1286
1281
1275
1269
1264
1258
1246
1240
1235
1229
1223
1217
1212
1201
1195
1190
1184
1179
1173
1168
1162
1151
1145
1139
1133
1127
1122
1116
1104
1098
1092
1086
1080
1074
1069
1058
1052
1047
1041
1035
1029
1017
1011
1006
1000
994
989
977
971
965
958
952
946
940
927
921
914
908
902
896
884
878
872
866
861
855
850
839
833
828
823
818
813
808
798
794
789
785
781
777
773
770
763
759
756
753
750
747
744
739
736
734
731
728
723
720
717
714
711
708
705
702
696
693
690
686
683
680
675
672
669
667
664
662
656
654
651
649
647
645
643
640
638
636
635
633
631
627
625
623
621
618
616
614
609
607
605
603
601
597
596
594
592
590
588
584
583
581
580
579
578
577
575
575
574
574
573
573
572
572
572
572
572
572
572
572
572
572
573
573
573
573
573
574
574
574
574
574
574
573
573
573
573
573
573
573
573
573
573
573
573
573
573
573
573
573
573
573
573
573
573
573
573
573
573
573
573
573
573
573
573
573
573
573
573
573
573
573
573
573
573
573
573
573
573
573
573
573
573
573
573
573
573
573
573
573
573
573
573
573
573
573
573
573
573
573
573
573
573
573
573
573
573
573
573
573
573
573
573
573
573
573
573
573
573
573
573
573
573
573
573
573
573
573
573
573
573
573
573
573
573
573
573
573
573
573
573
573
573
573
573
573
573
573
573
573
573
573
573
573
573
573
573
573
573
573
573
573
573
573
573
573
573
573
573
573
573
573
573
573
573
573
573
573
573
573
573
573
573
573
573
573
573
573
573
573
573
573
573
573
573
573
573
573
573
573
573
573
573
573
573
573
573
573
573
573
573
573
573
573
573
573
573
573
573
573
573
573
573
573
573
573
573
573
573
573
573
573
573
573
573
573
573
573
573
573
573
573
573
573
573
573
573
573
573
573
573
573
573
573
573
573
573
573
573
573
573
573
573
573
573
573
573
573
573
573
573
573
573
573
573
573
573
573
573
573
573
573
573
573
573
573
573
573
573
573
573
573
573
573
573
573
573
573
573
573
573
573
573
573
573
573
573
573
573
573
573
573
573
573
573
573
573
573
573
573
573
573
573
573
573
573
573
573
573
573
573
573
573
573
573
573
573
573
573
573
573
573
573
573
573
573
573
573
573
573
573
573
573
573
573
573
573
573
573
573
573
573
573
573
573
573
573
573
573
573
573
573
573
573
573
573
573
573
573
573
573
573
573
573
573
573
573
573
573
573
573
573
573
573
573
573
573
573
573
573
573
573
573
573
573
573
573
573
573
573
573
573
573
573
573
573
573
573
573
573
573
573
573
573
573
573
573
573
573
573
573
573
573
573
573
573
573
573
573
573
573
573
573
573
573
573
573
573
573
573
573
573
573
573
573
573
573
573
573
573
573
573
573
573
573
573
573
573
573
573
573
573
573
573
573
573
573
573
573
573
573
573
573
573
573
573
573
573
573
573
573
573
573
573
573
573
573
573
573
573
573
573
573
573
573
573
573
573
573
573
573
573
573
573
573
573
573
573
573
573
573
573
573
573
573
573
573
573
573
573
573
573
573
573
573
573
573
573
573
573
573
573
573
573
573
573
573
573
573
573
573
573
573
573
573
573
573
573
573
573
573
573
573
573
573
573
573
573
573
573
573
573
573
573
573
573
573
573
573
573
573
573
573
573
573
573
573
573
573
573
573
573
573
573
573
573
573
573
573
573
573
573
573
573
573
573
573
573
573
573
573
573
573
573
573
573
573
573
573
573
573
573
573
573
573
573
573
573
573
573
573
573
573
573
573
573
573
573
573
573
573
573
573
573
573
573
573
573
573
573
573
573
573
573
573
573
573
573
573
573
573
573
573
573
573
573
573
573
573
573
573
573
573
573
573
573
573
573
573
573
573
573
573
573
573
573
573
573
573
573
573
573
573
573
573
573
573
573
573
573
573
573
573
573
573
573
573
573
573
573
573
573
573
573
573
573
573
573
573
573
573
573
573
573
573
573
573
573
573
573
573
573
573
573
573
573
573
573
573
573
573
573
573
573
573
573
573
573
573
573
573
573
573
573
573
573
573
573
573
573
573
573
573
573
573
573
573
573
573
573
573
573
573
573
573
573
573
573
573
573
573
573
573
573
573
573
573
573
573
573
573
573
573
573
573
573
573
573
573
573
573
573
573
573
573
573
573
573
573
573
573
573
573
573
573
573
573
573
573
573
573
573
573
573
573
573
573
573
573
573
573
573
573
573
573
573
573
573
573
573
573
573
573
573
573
573
573
573
573
573
573
573
573
573
573
573
573
573
573
573
573
573
573
573
573
573
573
573
573
573
573
573
573
573
573
573
573
573
573
573
573
573
573
573
573
573
573
573
573
573
573
573
573
573
573
573
573
573
573
573
573
573
573
573
573
573
573
573
573
573
573
573
573
573
573
573
573
573
573
573
573
573
573
573
573
573
573
573
573
573
573
573
573
573
573
573
573
573
573
573
573
573
573
573
573
573
573
573
573
573
573
573
573
573
573
573
573
573
573
573
573
573
573
573
573
573
573
573
573
573
573
573
573
573
573
573
573
573
573
573
573
573
573
573
573
573
573
573
573
573
573
573
573
573
573
573
573
573
573
573
573
573
573
573
573
573
573
573
573
573
573
573
573
573
573
573
573
573
573
573
573
573
573
573
573
573
573
573
573
573
573
573
573
573
573
573
573
573
573
573
573
573
573
573
573
573
573
573
573
573
573
573
573
573
573
573
573
573
573
573
573
573
573
573
573
573
573
573
573
573
573
573
573
573
573
573
573
573
573
573
573
573
573
573
573
573
573
573
573
573
573
573
573
573
573
573
573
573
573
573
573
573
573
573
573
573
573
573
573
573
573
573
573
573
573
573
573
573
573
573
573
573
573
573
573
573
573
573
573
573
573
573
573
573
573
573
573
573
573
573
573
573
573
573
573
573
573
573
573
573
573
573
573
573
573
573
573
573
573
573
573
573
573
573
573
573
573
573
573
573
573
573
573
573
573
573
573
573
573
573
573
573
573
573
573
573
573
573
573
573
573
573
573
573
573
573
573
573
573
573
573
573
573
573
573
573
573
573
573
573
573
573
573
573
573
573
573
573
573
573
573
573
573
573
573
573
573
573
573
573
573
573
573
573
573
573
573
573
573
573
573
573
573
573
573
573
573
573
573
573
573
573
573
573
573
573
573
573
573
573
573
573
573
573
573
573
573
573
573
573
573
573
573
573
573
573
573
573
573
573
573
573
573
573
573
573
573
573
573
573
573
573
573
573
573
573
573
573
573
573
573
573
573
573
573
573
573
573
573
573
573
573
573
573
573
573
573
573
573
573
573
573
573
573
573
573
573
573
573
573
573
573
573
573
573
573
573
573
573
573
573
573
573
573
573
573
573
573
573
573
573
573
573
573
573
573
573
573
573
573
573
573
573
573
573
573
573
573
573
573
573
573
573
573
573
573
573
573
573
573
573
573
573
573
573
573
573
573
573
573
573
573
573
573
573
573
573
573
573
573
573
573
573
573
573
573
573
573
573
573
573
573
573
573
573
573
573
573
573
573
573
573
573
573
573
573
573
573
573
573
573
573
573
573
573
573
573
573
573
573
573
573
573
573
573
573
573
573
573
573
573
573
573
573
573
573
573
573
573
573
573
573
573
573
573
573
573
573
573
573
573
573
573
573
573
573
573
573
573
573
573
573
573
573
573
573
573
573
573
573
573
573
573
573
573
573
573
573
573
573
573
573
573
573
573
573
573
573
573
573
573
573
573
573
573
573
573
573
573
573
573
573
573
573
573
573
573
573
573
573
573
573
573
573
573
573
573
573
573
573
573
573
573
573
573
573
573
573
573
573
573
573
573
573
573
573
573
573
573
573
573
573
573
573
573
573
573
573
573
573
573
573
573
573
573
573
573
573
573
573
573
573
573
573
573
573
573
573
573
573
573
573
573
573
573
573
573
573
573
573
573
573
573
573
573
573
573
573
573
573
573
573
573
573
573
573
573
573
573
573
573
573
573
573
573
573
573
573
573
573
573
573
573
573
573
573
573
573
573
573
573
573
573
573
573
573
573
573
573
573
573
573
573
573
573
573
573
573
573
573
573
573
573
573
573
573
573
573
573
573
573
573
573
573
573
573
573
573
573
573
573
573
573
573
573
573
573
573
573
573
573
573
573
573
573
573
573
573
573
573
573
573
573
573
573
573
573
573
573
573
573
573
573
573
573
573
573
573
573
573
573
573
573
573
573
573
573
573
573
573
573
573
573
573
573
573
573
573
573
573
573
573
573
573
573
573
573
573
573
573
573
573
573
573
573
573
573
573
573
573
573
573
573
573
573
573
573
573
573
573
573
573
573
573
573
573
573
573
573
573
573
573
573
573
573
573
573
573
573
573
573
573
573
573
573
573
573
573
573
573
573
573
573
573
573
573
573
573
573
573
573
573
573
573
573
573
573
573
573
573
573
573
573
573
573
573
573
573
573
573
573
573
573
573
573
573
573
573
573
573
573
573
573
573
573
573
573
573
573
573
573
573
573
573
573
573
573
573
573
573
573
573
573
573
573
573
573
573
573
573
573
573
573
573
573
573
573
573
573
573
573
573
573
573
573
573
573
573
573
573
573
573
573
573
573
573
573
573
573
573
573
573
573
573
573
573
573
573
573
573
573
573
573
573
573
573
573
573
573
573
573
573
573
573
573
573
573
573
573
573
573
573
573
573
573
573
573
573
573
573
573
573
573
573
573
573
573
573
573
573
573
573
573
573
573
573
573
573
573
573
573
573
573
573
573
573
573
573
573
573
573
573
573
573
573
573
573
573
573
573
573
573
573
573
573
573
573
573
573
573
573
573
573
573
573
573
573
573
573
573
573
573
573
573
573
573
573
573
573
573
573
573
573
573
573
573
573
573
573
573
573
573
573
573
573
573
573
573
573
573
573
573
573
573
573
573
573
573
573
573
573
573
573
573
573
573
573
573
573
573
573
573
573
573
573
573
573
573
573
573
573
573
573
573
573
573
573
573
573
573
573
573
573
573
573
573
573
573
573
573
573
573
573
573
573
573
573
573
573
573
573
573
573
573
573
573
573
573
573
573
573
573
573
573
573
573
573
573
573
573
573
573
573
573
573
573
573
573
573
573
573
573
573
573
573
573
573
573
573
573
573
573
573
573
573
573
573
573
573
573
573
573
573
573
573
573
573
573
573
573
573
573
573
573
573
573
573
573
573
573
573
573
573
573
573
573
573
573
573
573
573
573
573
573
573
573
573
573
573
573
573
573
573
573
573
573
573
573
573
573
573
573
573
573
573
573
573
573
573
573
573
573
573
573
573
573
573
573
573
573
573
573
573
573
573
573
573
573
573
573
573
573
573
573
573
573
573
573
573
573
573
573
573
573
573
573
573
573
573
573
573
573
573
573
573
573
573
573
573
573
573
573
573
573
573
573
573
573
573
573
573
573
573
573
573
573
573
573
573
573
573
573
573
573
573
573
573
573
573
573
573
573
573
573
573
573
573
573
573
573
573
573
573
573
573
573
573
573
573
573
573
573
573
573
573
573
573
573
573
573
573
573
573
573
573
573
573
573
573
573
573
573
573
573
573
573
573
573
573
573
573
573
573
573
573
573
573
573
573
573
573
573
573
573
573
573
573
573
573
573
573
573
573
573
573
573
573
573
573
573
573
573
573
573
573
573
573
573
573
573
573
573
573
573
573
573
573
573
573
573
573
573
573
573
573
573
573
573
573
573
573
573
573
573
573
573
573
573
573
573
573
573
573
573
573
573
573
573
573
573
573
573
573
573
573
573
573
573
573
573
573
573
573
573
573
573
573
573
573
573
573
573
573
573
573
573
573
573
573
573
573
573
573
573
573
573
573
573
573
573
573
573
573
573
573
573
573
573
573
573
573
573
573
573
573
573
573
573
573
573
573
573
573
573
573
573
573
573
573
573
573
573
573
573
573
573
573
573
573
573
573
573
573
573
573
573
573
573
573
573
573
573
573
573
573
573
573
573
573
573
573
573
573
573
573
573
573
573
573
573
573
573
573
573
573
573
573
573
573
573
573
573
573
573
573
573
573
573
573
573
573
573
573
573
573
573
573
573
573
573
573
573
573
573
573
573
573
573
573
573
573
573
573
573
573
573
573
573
573
573
573
573
573
573
573
573
573
573
573
573
573
573
573
573
573
573
573
573
573
573
573
573
573
573
573
573
573
573
573
573
573
573
573
573
573
573
573
573
573
573
573
573
573
573
573
573
573
573
573
573
573
573
573
573
573
573
573
573
573
573
573
573
573
573
573
573
573
573
573
573
573
573
573
573
573
573
573
573
573
573
573
573
573
573
573
573
573
573
573
573
573
573
573
573
573
573
573
573
573
573
573
573
573
573
573
573
573
573
573
573
573
573
573
573
573
573
573
573
573
573
573
573
573
573
573
573
573
573
573
573
573
573
573
573
573
573
573
573
573
573
573
573
573
573
573
573
573
573
573
573
573
573
573
573
573
573
573
573
573
573
573
573
573
573
573
573
573
573
573
573
573
573
573
573
573
573
573
573
573
573
573
573
573
573
573
573
573
573
573
573
573
573
573
573
573
573
573
573
573
573
573
573
573
573
573
573
573
573
573
573
573
573
573
573
573
573
573
573
573
573
573
573
573
573
573
573
573
573
573
573
573
573
573
573
573
573
573
573
573
573
573
573
573
573
573
573
573
573
573
573
573
573
573
573
573
573
573
573
573
573
573
573
573
573
573
573
573
573
573
573
573
573
573
573
573
573
573
573
573
573
573
573
573
573
573
573
573
573
573
573
573
573
573
573
573
573
573
573
573
573
573
573
573
573
573
573
573
573
573
573
573
573
573
573
573
573
573
573
573
573
573
573
573
573
573
573
573
573
573
573
573
573
573
573
573
573
573
573
573
573
573
573
573
573
573
573
573
573
573
573
573
573
573
573
573
573
573
573
573
573
573
573
573
573
573
573
573
573
573
573
573
573
573
573
573
573
573
573
573
573
573
573
573
573
573
573
573
573
573
573
573
573
573
573
573
573
573
573
573
573
573
573
573
573
573
573
573
573
573
573
573
573
573
573
573
573
573
573
573
573
573
573
573
573
573
573
573
573
573
573
573
573
573
573
573
573
573
573
573
573
573
573
573
573
573
573
573
573
573
573
573
573
573
573
573
573
573
573
573
573
573
573
573
573
573
573
573
573
573
573
573
573
573
573
573
573
573
573
573
573
573
573
573
573
573
573
573
573
573
573
573
573
573
573
573
573
573
573
573
573
573
573
573
573
573
573
573
573
573
573
573
573
573
573
573
573
573
573
573
573
573
573
573
573
573
573
573
573
573
573
573
573
573
573
573
573
573
573
573
573
573
573
573
573
573
573
573
573
573
573
573
573
573
573
573
573
573
573
573
573
573
573
573
573
573
573
573
573
573
573
573
573
573
573
573
573
573
573
573
573
573
573
573
573
573
573
573
573
573
573
573
573
573
573
573
573
573
573
573
573
573
573
573
573
573
573
573
573
573
573
573
573
573
573
573
573
573
573
573
573
573
573
573
573
573
573
573
573
573
573
573
573
573
573
573
573
573
573
573
573
573
573
573
573
573
573
573
573
573
573
573
573
573
573
573
573
573
573
573
573
573
573
573
573
573
573
573
573
573
573
573
573
573
573
573
573
573
573
573
573
573
573
573
573
573
573
573
573
573
573
573
573
573
573
573
573
573
573
573
573
573
573
573
573
573
573
573
573
573
573
573
573
573
573
573
573
573
573
573
573
573
573
573
573
573
573
573
573
573
573
573
573
573
573
573
573
573
573
573
573
573
573
573
573
573
573
573
573
573
573
573
573
573
573
573
573
573
573
573
573
573
573
573
573
573
573
573
573
573
573
573
573
573
573
573
573
573
573
573
573
573
573
573
573
573
573
573
573
573
573
573
573
573
573
573
573
573
573
573
573
573
573
573
573
573
573
573
573
573
573
573
573
573
573
573
573
573
573
573
573
573
573
573
573
573
573
573
573
573
573
573
573
573
573
573
573
573
573
573
573
573
573
573
573
573
573
573
573
573
573
573
573
573
573
573
573
573
573
573
573
573
573
573
573
573
573
573
573
573
573
573
573
573
573
573
573
573
573
573
573
573
573
573
573
573
573
573
573
573
573
573
573
573
573
573
573
573
573
573
573
573
573
573
573
573
573
573
573
573
573
573
573
573
573
573
573
573
573
573
573
573
573
573
573
573
573
573
573
573
573
573
573
573
573
573
573
573
573
573
573
573
573
573
573
573
573
573
573
573
573
573
573
573
573
573
573
573
573
573
573
573
573
573
573
573
573
573
573
573
573
573
573
573
573
573
573
573
573
573
573
573
573
573
573
573
573
573
573
573
573
573
573
573
573
573
573
573
573
573
573
573
573
573
573
573
573
573
573
573
573
573
573
573
573
573
573
573
573
573
573
573
573
573
573
573
573
573
573
573
573
573
573
573
573
573
573
573
573
573
573
573
573
573
573
573
573
573
573
573
573
573
573
573
573
573
573
573
573
573
573
573
573
573
573
573
573
573
573
573
573
573
573
573
573
573
573
573
573
573
573
573
573
573
573
573
573
573
573
573
573
573
573
573
573
573
573
573
573
573
573
573
573
573
573
573
573
573
573
573
573
573
573
573
573
573
573
573
573
573
573
573
573
573
573
573
573
573
573
573
573
573
573
573
573
573
573
573
573
573
573
573
573
573
573
573
573
573
573
573
573
573
573
573
573
573
573
573
573
573
573
573
573
573
573
573
573
573
573
573
573
573
573
573
573
573
573
573
573
573
573
573
573
573
573
573
573
573
573
573
573
573
573
573
573
573
573
573
573
573
573
573
573
573
573
573
573
573
573
573
573
573
573
573
573
573
573
573
573
573
573
573
573
573
573
573
573
573
573
573
573
573
573
573
573
573
573
573
573
573
573
573
573
573
573
573
573
573
573
573
573
573
573
573
573
573
573
573
573
573
573
573
573
573
573
573
573
573
573
573
573
573
573
573
573
573
573
573
573
573
573
573
573
573
573
573
573
573
573
573
573
573
573
573
573
573
573
573
573
573
573
573
573
573
573
573
573
573
573
573
573
573
573
573
573
573
573
573
573
573
573
573
573
573
573
573
573
573
573
573
573
573
573
573
573
573
573
573
573
573
573
573
573
573
573
573
573
573
573
573
573
573
573
573
573
573
573
573
573
573
573
573
573
573
573
573
573
573
573
573
573
573
573
573
573
573
573
573
573
573
573
573
573
573
573
573
573
573
573
573
573
573
573
573
573
573
573
573
573
573
573
573
573
573
573
573
573
573
573
573
573
573
573
573
573
573
573
573
573
573
573
573
573
573
573
573
573
573
573
573
573
573
573
573
573
573
573
573
573
573
573
573
573
573
573
573
573
573
573
573
573
573
573
573
573
573
573
573
573
573
573
573
573
573
573
573
573
573
573
573
573
573
573
573
573
573
573
573
573
573
573
573
573
573
573
573
573
573
573
573
573
573
573
573
573
573
573
573
573
573
573
573
573
573
573
573
573
573
573
573
573
573
573
573
573
573
573
573
573
573
573
573
573
573
573
573
573
573
573
573
573
573
573
573
573
573
573
573
573
573
573
573
573
573
573
573
573
573
573
573
573
573
573
573
573
573
573
573
573
573
573
573
573
573
573
573
573
573
573
573
573
573
573
573
573
573
573
573
573
573
573
573
573
573
573
573
573
573
573
573
573
573
573
573
573
573
573
573
573
573
573
573
573
573
573
573
573
573
573
573
573
573
573
573
573
573
573
573
573
573
573
573
573
573
573
573
573
573
573
573
573
573
573
573
573
573
573
573
573
573
573
573
573
573
573
573
573
573
573
573
573
573
573
573
573
573
573
573
573
573
573
573
573
573
573
573
573
573
573
573
573
573
573
573
573
573
573
573
573
573
573
573
573
573
573
573
573
573
573
573
573
573
573
573
573
573
573
573
573
573
573
573
573
573
573
573
573
573
573
573
573
573
573
573
573
573
573
573
573
573
573
573
573
573
573
573
573
573
573
573
573
573
573
573
573
573
573
573
573
573
573
573
573
573
573
573
573
573
573
573
573
573
573
573
573
573
573
573
573
573
573
573
573
573
573
573
573
573
573
573
573
573
573
573
573
573
573
573
573
573
573
573
573
573
573
573
573
573
573
573
573
573
573
573
573
573
573
573
573
573
573
573
573
573
573
573
573
573
573
573
573
573
573
573
573
573
573
573
573
573
573
573
573
573
573
573
573
573
573
573
573
573
573
573
573
573
573
573
573
573
573
573
573
573
573
573
573
573
573
573
573
573
573
573
573
573
573
573
573
573
573
573
573
573
573
573
573
573
573
573
573
573
573
573
573
573
573
573
573
573
573
573
573
573
573
573
573
573
573
573
573
573
573
573
573
573
573
573
573
573
573
573
573
573
573
573
573
573
573
573
573
573
573
573
573
573
573
573
573
573
573
573
573
573
573
573
573
573
573
573
573
573
573
573
573
573
573
573
573
573
573
573
573
573
573
573
573
573
573
573
573
573
573
573
573
573
573
573
573
573
573
573
573
573
573
573
573
573
573
573
573
573
573
573
573
573
573
573
573
573
573
573
573
573
573
573
573
573
573
573
573
573
573
573
573
573
573
573
573
573
573
573
573
573
573
573
573
573
573
573
573
573
573
573
573
573
573
573
573
573
573
573
573
573
573
573
573
573
573
573
573
573
573
573
573
573
573
573
573
573
573
573
573
573
573
573
573
573
573
573
573
573
573
573
573
573
573
573
573
573
573
573
573
573
573
573
573
573
573
573
573
573
573
573
573
573
573
573
573
573
573
573
573
573
573
573
573
573
573
573
573
573
573
573
573
573
573
573
573
573
573
573
573
573
573
573
573
573
573
573
573
573
573
573
573
573
573
573
573
573
573
573
573
573
573
573
573
573
573
573
573
573
573
573
573
573
573
573
573
573
573
573
573
573
573
573
573
573
573
573
573
573
573
573
573
573
573
573
573
573
573
573
573
573
573
573
573
573
573
573
573
573
573
573
573
573
573
573
573
573
573
573
573
573
573
573
573
573
573
573
573
573
573
573
573
573
573
573
573
573
573
573
573
573
573
573
573
573
573
573
573
573
573
573
573
573
573
573
573
573
573
573
573
573
573
573
573
573
573
573
573
573
573
573
573
573
573
573
573
573
573
573
573
573
573
573
573
573
573
573
573
573
573
573
573
573
573
573
573
573
573
573
573
573
573
573
573
573
573
573
573
573
573
573
573
573
573
573
573
573
573
573
573
573
573
573
573
573
573
573
573
573
573
573
573
573
573
573
573
573
573
573
573
573
573
573
573
573
573
573
573
573
573
573
573
573
573
573
573
573
573
573
573
573
573
573
573
573
573
573
573
573
573
573
573
573
573
573
573
573
573
573
573
573
573
573
573
573
573
573
573
573
573
573
573
573
573
573
573
573
573
573
573
573
573
573
573
573
573
573
573
573
573
573
573
573
573
573
573
573
573
573
573
573
573
573
573
573
573
573
573
573
573
573
573
573
573
573
573
573
573
573
573
573
573
573
573
573
573
573
573
573
573
573
573
573
573
573
573
573
573
573
573
573
573
573
573
573
573
573
573
573
573
573
573
573
573
573
573
573
573
573
573
573
573
573
573
573
573
573
573
573
573
573
573
573
573
573
573
573
573
573
573
573
573
573
573
573
573
573
573
573
573
573
573
573
573
573
573
573
573
573
573
573
573
573
573
573
573
573
573
573
573
573
573
573
573
573
573
573
573
573
573
573
573
573
573
573
573
573
573
573
573
573
573
573
573
573
573
573
573
573
573
573
573
573
573
573
573
573
573
573
573
573
573
573
573
573
573
573
573
573
573
573
573
573
573
573
573
573
573
573
573
573
573
573
573
573
573
573
573
573
573
573
573
573
573
573
573
573
573
573
573
573
573
573
573
573
573
573
573
573
573
573
573
573
573
573
573
573
573
573
573
573
573
573
573
573
573
573
573
573
573
573
573
573
573
573
573
573
573
573
573
573
573
573
573
573
573
573
573
573
573
573
573
573
573
573
573
573
573
573
573
573
573
573
573
573
573
573
573
573
573
573
573
573
573
573
573
573
573
573
573
573
573
573
573
573
573
573
573
573
573
573
573
573
573
573
573
573
573
573
573
573
573
573
573
573
573
573
573
573
573
573
573
573
573
573
573
573
573
573
573
573
573
573
573
573
573
573
573
573
573
573
573
573
573
573
573
573
573
573
573
573
573
573
573
573
573
573
573
573
573
573
573
573
573
573
573
573
573
573
573
573
573
573
573
573
573
573
573
573
573
573
573
573
573
573
573
573
573
573
573
573
573
573
573
573
573
573
573
573
573
573
573
573
573
573
573
573
573
573
573
573
573
573
573
573
573
573
573
573
573
573
573
573
573
573
573
573
573
573
573
573
573
573
573
573
573
573
573
573
573
573
573
573
573
573
573
573
573
573
573
573
573
573
573
573
573
573
573
573
573
573
573
573
573
573
573
573
573
573
573
573
573
573
573
573
573
573
573
573
573
573
573
573
573
573
573
573
573
573
573
573
573
573
573
573
573
573
573
573
573
573
573
573
573
573
573
573
573
573
573
573
573
573
573
573
573
573
573
573
573
573
573
573
573
573
573
573
573
573
573
573
573
573
573
573
573
573
573
573
573
573
573
573
573
573
573
573
573
573
573
573
573
573
573
573
573
573
573
573
573
573
573
573
573
573
573
573
573
573
573
573
573
573
573
573
573
573
573
573
573
573
573
573
573
573
573
573
573
573
573
573
573
573
573
573
573
573
573
573
573
573
573
573
573
573
573
573
573
573
573
573
573
573
573
573
573
573
573
573
573
573
573
573
573
573
573
573
573
573
573
573
573
573
573
573
573
573
573
573
573
573
573
573
573
573
573
573
573
573
573
573
573
573
573
573
573
573
573
573
573
573
573
573
573
573
573
573
573
573
573
573
573
573
573
573
573
573
573
573
573
573
573
573
573
573
573
573
573
573
573
573
573
573
573
573
573
573
573
573
573
573
573
573
573
573
573
573
573
573
573
573
573
573
573
573
573
573
573
573
573
573
573
573
573
573
573
573
573
573
573
573
573
573
573
573
573
573
573
573
573
573
573
573
573
573
573
573
573
573
573
573
573
573
573
573
573
573
573
573
573
573
573
573
573
573
573
573
573
573
573
573
573
573
573
573
573
573
573
573
573
573
573
573
573
573
573
573
573
573
573
573
573
573
573
573
573
573
573
573
573
573
573
573
573
573
573
573
573
573
573
573
573
573
573
573
573
573
573
573
573
573
573
573
573
573
573
573
573
573
573
573
573
573
573
573
573
573
573
573
573
573
573
573
573
573
573
573
573
573
573
573
573
573
573
573
573
573
573
573
573
573
573
573
573
573
573
573
573
573
573
573
573
573
573
573
573
573
573
573
573
573
573
573
573
573
573
573
573
573
573
573
573
573
573
573
573
573
573
573
573
573
573
573
573
573
573
573
573
573
573
573
573
573
573
573
573
573
573
573
573
573
573
573
573
573
573
573
573
573
573
573
573
573
573
573
573
573
573
573
573
573
573
573
573
573
573
573
573
573
573
573
573
573
573
573
573
573
573
573
573
573
573
573
573
573
573
573
573
573
573
573
573
573
573
573
573
573
573
573
573
573
573
573
573
573
573
573
573
573
573
573
573
573
573
573
573
573
573
573
573
573
573
573
573
573
573
573
573
573
573
573
573
573
573
573
573
573
573
573
573
573
573
573
573
573
573
573
573
573
573
573
573
573
573
573
573
573
573
573
573
573
573
573
573
573
573
573
573
573
573
573
573
573
573
573
573
573
573
573
573
573
573
573
573
573
573
573
573
573
573
573
573
573
573
573
573
573
573
573
573
573
573
573
573
573
573
573
573
573
573
573
573
573
573
573
573
573
573
573
573
573
573
573
573
573
573
573
573
573
573
573
573
573
573
573
573
573
573
573
573
573
573
573
573
573
573
573
573
573
573
573
573
573
573
573
573
573
573
573
573
573
573
573
573
573
573
573
573
573
573
573
573
573
573
573
573
573
573
573
573
573
573
573
573
573
573
573
573
573
573
573
573
573
573
573
573
573
573
573
573
573
573
573
573
573
573
573
573
573
573
573
573
573
573
573
573
573
573
573
573
573
573
573
573
573
573
573
573
573
573
573
573
573
573
573
573
573
573
573
573
573
573
573
573
573
573
573
573
573
573
573
573
573
573
573
573
573
573
573
573
573
573
573
573
573
573
573
573
573
573
573
573
573
573
573
573
573
573
573
573
573
573
573
573
573
573
573
573
573
573
573
573
573
573
573
573
573
573
573
573
573
573
573
573
573
573
573
573
573
573
573
573
573
573
573
573
573
573
573
573
573
573
573
573
573
573
573
573
573
573
573
573
573
573
573
573
573
573
573
573
573
573
573
573
573
573
573
573
573
573
573
573
573
573
573
573
573
573
573
573
573
573
573
573
573
573
573
573
573
573
573
573
573
573
573
573
573
573
573
573
573
573
573
573
573
573
573
573
573
573
573
573
573
573
573
573
573
573
573
573
573
573
573
573
573
573
573
573
573
573
573
573
573
573
573
573
573
573
573
573
573
573
573
573
573
573
573
573
573
573
573
573
573
573
573
573
573
573
573
573
573
573
573
573
573
573
573
573
573
573
573
573
573
573
573
573
573
573
573
573
573
573
573
573
573
573
573
573
573
573
573
573
573
573
573
573
573
573
573
573
573
573
573
573
573
573
573
573
573
573
573
573
573
573
573
573
573
573
573
573
573
573
573
573
573
573
573
573
573
573
573
573
573
573
573
573
573
573
573
573
573
573
573
573
573
573
573
573
573
573
573
573
573
573
573
573
573
573
573
573
573
573
573
573
573
573
573
573
573
573
573
573
573
573
573
573
573
573
573
573
573
573
573
573
573
573
573
573
573
573
573
573
573
573
573
573
573
573
573
573
573
573
573
573
573
573
573
573
573
573
573
573
573
573
573
573
573
573
573
573
573
573
573
573
573
573
573
573
573
573
573
573
573
573
573
573
573
573
573
573
573
573
573
573
573
573
573
573
573
573
573
573
573
573
573
573
573
573
573
573
573
573
573
573
573
573
573
573
573
573
573
573
573
573
573
573
573
573
573
573
573
573
573
573
573
573
573
573
573
573
573
573
573
573
573
573
573
573
573
573
573
573
573
573
573
573
573
573
573
573
573
573
573
573
573
573
573
573
573
573
573
573
573
573
573
573
573
573
573
573
573
573
573
573
573
573
573
573
573
573
573
573
573
573
573
573
573
573
573
573
573
573
573
573
573
573
573
573
573
573
573
573
573
573
573
573
573
573
573
573
573
573
573
573
573
573
573
573
573
573
573
573
573
573
573
573
573
573
573
573
573
573
573
573
573
573
573
573
573
573
573
573
573
573
573
573
573
573
573
573
573
573
573
573
573
573
573
573
573
573
573
573
573
573
573
573
573
573
573
573
573
573
573
573
573
573
573
573
573
573
573
573
573
573
573
573
573
573
573
573
573
573
573
573
573
573
573
573
573
573
573
573
573
573
573
573
573
573
573
573
573
573
573
573
573
573
573
573
573
573
573
573
573
573
573
573
573
573
573
573
573
573
573
573
573
573
573
573
573
573
573
573
573
573
573
573
573
573
573
573
573
573
573
573
573
573
573
573
573
573
573
573
573
573
573
573
573
573
573
573
573
573
573
573
573
573
573
573
573
573
573
573
573
573
573
573
573
573
573
573
573
573
573
573
573
573
573
573
573
573
573
573
573
573
573
573
573
573
573
573
573
573
573
573
573
573
573
573
573
573
573
573
573
573
573
573
573
573
573
573
573
573
573
573
573
573
573
573
573
573
573
573
573
573
573
573
573
573
573
573
573
573
573
573
573
573
573
573
573
573
573
573
573
573
573
573
573
573
573
573
573
573
573
573
573
573
573
573
573
573
573
573
573
573
573
573
573
573
573
573
573
573
573
573
573
573
573
573
573
573
573
573
573
573
573
573
573
573
573
573
573
573
573
573
573
573
573
573
573
573
573
573
573
573
573
573
573
573
573
573
573
573
573
573
573
573
573
573
573
573
573
573
573
573
573
573
573
573
573
573
573
573
573
573
573
573
573
573
573
573
573
573
573
573
573
573
573
573
573
573
573
573
573
573
573
573
573
573
573
573
573
573
573
573
573
573
573
573
573
573
573
573
573
573
573
573
573
573
573
573
573
573
573
573
573
573
573
573
573
573
573
573
573
573
573
573
573
573
573
573
573
573
573
573
573
573
573
573
573
573
573
573
573
573
573
573
573
573
573
573
573
573
573
573
573
573
573
573
573
573
573
573
573
573
573
573
573
573
573
573
573
573
573
573
573
573
573
573
573
573
573
573
573
573
573
573
573
573
573
573
573
573
573
573
573
573
573
573
573
573
573
573
573
573
573
573
573
573
573
573
573
573
573
573
573
573
573
573
573
573
573
573
573
573
573
573
573
573
573
573
573
573
573
573
573
573
573
573
573
573
573
573
573
573
573
573
573
573
573
573
573
573
573
573
573
573
573
573
573
573
573
573
573
573
573
573
573
573
573
573
573
573
573
573
573
573
573
573
573
573
573
573
573
573
573
573
573
573
573
573
573
573
573
573
573
573
573
573
573
573
573
573
573
573
573
573
573
573
573
573
573
573
573
573
573
573
573
573
573
573
573
573
573
573
573
573
573
573
573
573
573
573
573
573
573
573
573
573
573
573
573
573
573
573
573
573
573
573
573
573
573
573
573
573
573
573
573
573
573
573
573
573
573
573
573
573
573
573
573
573
573
573
573
573
573
573
573
573
573
573
573
573
573
573
573
573
573
573
573
573
573
573
573
573
573
573
573
573
573
573
573
573
573
573
573
573
573
573
573
573
573
573
573
573
573
573
573
573
573
573
573
573
573
573
573
573
573
573
573
573
573
573
573
573
573
573
573
573
573
573
573
573
573
573
573
573
573
573
573
573
573
573
573
573
573
573
573
573
573
573
573
573
573
573
573
573
573
573
573
573
573
573
573
573
573
573
573
573
573
573
573
573
573
573
573
573
573
573
573
573
573
573
573
573
573
573
573
573
573
573
573
573
573
573
573
573
573
573
573
573
573
573
573
573
573
573
573
573
573
573
573
573
573
573
573
573
573
573
573
573
573
573
573
573
573
573
573
573
573
573
573
573
573
573
573
573
573
573
573
573
573
573
573
573
573
573
573
573
573
573
573
573
573
573
573
573
573
573
573
573
573
573
573
573
573
573
573
573
573
573
573
573
573
573
573
573
573
573
573
573
573
573
573
573
573
573
573
573
573
573
573
573
573
573
573
573
573
573
573
573
573
573
573
573
573
573
573
573
573
573
573
573
573
573
573
573
573
573
573
573
573
573
573
573
573
573
573
573
573
573
573
573
573
573
573
573
573
573
573
573
573
573
573
573
573
573
573
573
573
573
573
573
573
573
573
573
573
573
573
573
573
573
573
573
573
573
573
573
573
573
573
573
573
573
573
573
573
573
573
573
573
573
573
573
573
573
573
573
573
573
573
573
573
573
573
573
573
573
573
573
573
573
573
573
573
573
573
573
573
573
573
573
573
573
573
573
573
573
573
573
573
573
573
573
573
573
573
573
573
573
573
573
573
573
573
573
573
573
573
573
573
573
573
573
573
573
573
573
573
573
573
573
573
573
573
573
573
573
573
573
573
573
573
573
573
573
573
573
573
573
573
573
573
573
573
573
573
573
573
573
573
573
573
573
573
573
573
573
573
573
573
573
573
573
573
573
573
573
573
573
573
573
573
573
573
573
573
573
573
573
573
573
573
573
573
573
573
573
573
573
573
573
573
573
573
573
573
573
573
573
573
573
573
573
573
573
573
573
573
573
573
573
573
573
573
573
573
573
573
573
573
573
573
573
573
573
573
573
573
573
573
573
573
573
573
573
573
573
573
573
573
573
573
573
573
573
573
573
573
573
573
573
573
573
573
573
573
573
573
573
573
573
573
573
573
573
573
573
573
573
573
573
573
573
573
573
573
573
573
573
573
573
573
573
573
573
573
573
573
573
573
573
573
573
573
573
573
573
573
573
573
573
573
573
573
573
573
573
573
573
573
573
573
573
573
573
573
573
573
573
573
573
573
573
573
573
573
573
573
573
573
573
573
573
573
573
573
573
573
573
573
573
573
573
573
573
573
573
573
573
573
573
573
573
573
573
573
573
573
573
573
573
573
573
573
573
573
573
573
573
573
573
573
573
573
573
573
573
573
573
573
573
573
573
573
573
573
573
573
573
573
573
573
573
573
573
573
573
573
573
573
573
573
573
573
573
573
573
573
573
573
573
573
573
573
573
573
573
573
573
573
573
573
573
573
573
573
573
573
573
573
573
573
573
573
573
573
573
573
573
573
573
573
573
573
573
573
573
573
573
573
573
573
573
573
573
573
573
573
573
573
573
573
573
573
573
573
573
573
573
573
573
573
573
573
573
573
573
573
573
573
573
573
573
573
573
573
573
573
573
573
573
573
573
573
573
573
573
573
573
573
573
573
573
573
573
573
573
573
573
573
573
573
573
573
573
573
573
573
573
573
573
573
573
573
573
573
573
573
573
573
573
573
573
573
573
573
573
573
573
573
573
573
573
573
573
573
573
573
573
