0
0
0
0
0
0
0
0
0
0
0
0
0
0
0
0
0
0
0
0
0
0
0
0
0
0
0
0
0
0
-4.51556e-05
-4.51556e-05
-0.000100474
-0.000100474
-0.000155792
-0.000155792
-0.000266428
-0.000266428
-0.000336989
-0.000412632
-0.000462869
-0.000502943
-0.000532855
-0.00059268
-0.000653079
-0.000743391
-0.000788547
-0.000818459
-0.000908771
-0.000979333
-0.00122093
-0.00124576
-0.00130559
-0.00141622
-0.00150654
-0.00152629
-0.0015353
-0.00172608
-0.00175542
-0.00173944
-0.00177992
-0.0018204
-0.00180975
-0.00198552
-0.00186088
-0.00176714
-0.00153385
-0.00138897
-0.0012931
-0.00091919
-0.000746617
-0.000610263
-0.00049841
-0.000325837
-1.47801e-05
0.000186555
0.000435827
0.000704273
0.00087365
0.00119643
0.00154583
0.00173119
0.00204651
0.00224784
0.00237567
0.00246089
0.00275065
0.00299779
0.00320232
0.00365399
0.00375626
0.00396079
0.00396079
0.00423776
0.00441672
0.00486946
0.00536054
0.00555655
0.0057483
0.00606788
0.00621169
0.00612221
0.00631395
0.00646842
0.0065856
0.00664951
0.00675817
0.00715232
0.00744527
0.0071896
0.0072386
0.00715338
0.00658545
0.0059649
0.00561874
0.00530487
0.00486726
0.00433817
0.00440848
0.00439768
0.0043259
0.00406432
0.0040045
0.00424312
0.00407481
0.00366575
0.00389585
0.00436456
0.00492702
0.00495579
0.00533289
0.00592091
0.00595926
0.00611905
0.00607644
0.00640241
0.00635128
0.00681787
1.00698
1.00683
1.00648
2.00626
3.00627
3.00607
4.00598
5.00588
6.00562
6.00526
8.00434
9.00469
10.005
11.0049
12.0046
13.0048
15.0058
17.0071
19.0068
20.0065
22.0063
23.006
25.0058
27.0055
29.0055
32.006
34.0062
36.006
38.0061
40.0058
43.0057
45.0056
49.0054
52.0052
54.0046
57.0043
59.0043
62.0042
65.0038
70.0029
73.0027
76.0025
79.0025
82.0019
85.0018
88.0014
94.0008
98.0008
101.001
104.001
108.001
111.001
115.001
122.001
126.001
129
133
137
141
145
152.999
156.999
161.999
165.999
169.999
173.999
178.999
187.999
191.998
196.998
201.998
205.998
210.998
215.998
225.997
230.997
235.997
240.997
245.997
250.997
260.997
265.997
271.997
276.997
282.997
288.996
299.996
305.996
310.996
316.996
322.996
328.996
334.996
340.996
353.996
360.996
366.996
372.996
379.996
385.996
391.996
403.992
409.988
414.983
420.977
425.968
430.957
435.944
440.929
450.873
455.85
459.8
464.771
468.738
472.666
475.626
483.441
486.337
490.223
493.101
497.03
499.887
502.734
507.395
510.119
511.923
513.717
516.494
518.157
520.91
525.266
526.857
529.556
531.109
533.633
535.303
537.789
541.714
544.139
546.726
549.113
551.286
553.632
558.261
560.545
562.585
564.827
568.02
569.981
572.158
574.065
579.019
580.845
582.915
585.648
587.393
589.11
591.754
595.996
598.857
600.426
602.909
605.029
607.446
609.829
614.501
616.788
618.675
620.897
623.085
625.24
629.979
632.545
634.155
637.051
639.002
641.397
643.28
646.026
648.736
654.041
656.635
659.191
661.711
664.193
667.511
672.772
675.601
679.258
682.021
685.606
688.301
695.498
698.633
702.035
705.112
708.438
711.459
717.672
721.424
723.75
726.628
729.693
732.514
738.262
740.384
743.257
745.929
747.945
749.925
752.37
754.243
755.321
756.466
757.482
757.8
758.081
759.947
759.39
759.524
759.622
759.684
758.297
758.285
756.737
755.202
753.632
752.756
751.113
748.695
746.979
745.229
741.619
739.762
737.87
735.943
733.983
732.618
730.43
726.875
725.348
723.779
722.168
721.324
719.047
718.131
716.189
715.164
714.103
713.006
712.706
711.535
711.169
709.926
709.034
709.395
708.868
709.171
708.582
708.829
709.047
709.396
709.526
710.512
710.586
711.087
711.101
711.983
712.38
713.539
714.318
714.577
715.305
715.497
716.572
717.704
718.684
718.705
719.623
719.577
720.788
720.523
721.281
721.065
721.141
720.855
720.535
720.181
719.673
719.218
718.728
717.245
716.96
