0.000152588
0.000152588
0.000152588
0
0
0
0
0
0.000152588
0.000152588
0.000152588
0.000152588
0.000152588
0
-0.000305176
-0.000305176
-0.000457764
-0.000305176
-0.000305176
-0.000305176
-0.000305176
-0.000305176
-0.000305176
-0.000305176
-0.000305176
-0.000305176
-0.000305176
0.000274658
-0.0010376
-0.00119019
-0.00134277
-0.00149536
-0.00106812
-0.00106812
-0.00164795
-0.00134277
-0.000610352
-0.0010376
-0.00161743
-0.00177002
-0.00146484
-0.00204468
-0.0010376
-0.00134277
-0.000457764
-0.00204468
-0.00088501
-0.000579834
0.000152588
0
0.000152588
0.000589282
0.000152588
0.000443714
0.000443714
-0.000274658
-0.000854492
-0.000549316
-0.000244141
-0.000671387
-0.000671387
-9.15527e-05
-0.000823975
-0.000366211
-0.000671387
-0.000366211
0.000213623
0.000213623
0.000359191
0.000359191
0.000941453
-9.15527e-05
-0.000244141
-0.000671387
-0.000823975
-0.000244141
-0.0015564
-0.00302124
-0.00201416
-0.00186157
-0.0015564
-0.00228882
-0.00128174
-0.000549316
-0.000976562
-0.000396729
-9.15527e-05
0.000640869
-0.00125122
-0.000671387
0.000915527
-0.000976562
3.05176e-05
-0.00112915
-0.0015564
-0.000671387
0.000335693
-9.15527e-05
0.00222778
0.00266448
-0.000244141
0.000762939
0.000471804
0.000335693
-0.000549316
-0.00418091
-0.00140381
-0.000244141
-0.00314331
-0.00183105
-0.000244141
-0.000823975
-0.00183105
-0.00109863
-0.00125122
-0.00167847
-0.00299072
-0.00268555
-0.00137329
-0.00152588
-0.000366211
-6.10352e-05
-0.00137329
-0.00167847
0.00106812
-0.00112915
3.05176e-05
-0.000976562
-0.00402832
0.00311062
0.00354731
-0.00140381
-0.00271606
0.000762939
0.00119963
-0.00143433
-0.0015564
-0.000671387
0.00195312
0.00297207
0.00151643
0.00326321
0.00151641
-0.000366211
0.000793457
-0.00167847
-0.00125122
-0.000518799
-0.000518799
-0.000946045
-0.000946045
-0.000213623
0.00256348
0.00139895
0.000525565
0.0015564
-0.000183105
0.00244141
0.000403495
-0.00119019
-0.00088501
0.0017395
-0.00115967
-0.000579834
-0.0017395
0.00509644
0.0048053
0.00203958
-0.00158691
0.000457764
0.000610352
-0.000701904
0.000457764
-0.00128174
0.000305176
-0.00259399
-0.00201416
-0.00158691
-0.00421143
-0.000427246
-0.000579834
0.000427246
0.00261073
-0.00131226
-0.00234985
-0.00146484
-0.00262451
0.00146484
0.0016104
0.00175596
0.000445879
0.00292048
0.00175598
0.000591475
0.00190156
0.0013193
0.00554069
0.00321164
0.00204712
-0.00289917
-0.00259399
-0.00302124
-0.00228882
-0.00344849
0.000915527
0.00295344
0.0039724
0.00411796
0.00135224
0.00324457
0.00717482
0.00368125
0.00528247
0.00746595
0.00833934
0.00833934
0.0102317
0.00353569
0.00324456
0.00353569
0.00324457
0.00470021
0.0109595
0.0119785
0.0148898
0.0122696
0.0102317
0.00775709
0.0109595
0.00251676
0.00630145
0.00761153
0.00833936
0.0100861
0.0128519
0.00950388
0.0237692
0.0444395
0.0707867
0.113874
0.152594
0.201504
0.253616
0.359733
0.417959
0.476185
0.547512
0.619567
0.706324
0.797011
0.996289
1.10546
1.21391
1.32963
1.43939
1.55351
1.66895
1.94203
2.08643
2.22792
2.37377
2.51948
2.66083
2.96127
3.11601
3.27758
3.44367
3.61209
3.77731
3.94689
4.275
4.44516
4.62028
4.78389
4.94751
5.11301
5.27328
5.56718
5.71143
5.85991
6.00693
6.15555
6.30679
6.60273
6.76241
6.92661
7.0975
7.25879
7.42517
7.58442
7.92446
8.0904
8.25649
8.43
8.60774
8.79232
8.98213
9.34997
9.52727
9.70952
9.90341
10.0921
10.2745
10.6478
10.8336
11.0195
