0
0
0
0
0
0
0
0
0
0
0
0
0
0
0
0
0
0
0
0
0
0
0
0
0
0
0
0
0
0
-1
-1
-2
-2
-3
-3
-4
-5
-6
-7
-8
-9
-10
-11
-13
-15
-16
-17
-19
-20
-23
-25
-27
-28
-30
-32
-34
-38
-40
-42
-44
-47
-49
-54
-56
-59
-61
-64
-67
-72
-75
-78
-81
-84
-87
-90
-97
-100
-103
-107
-110
-114
-118
-125
-129
-133
-136
-140
-144
-152
-156
-161
-165
-169
-174
-178
-187
-192
-197
-201
-206
-211
-216
-226
-231
-236
-241
-246
-252
-257
-267
-273
-279
-284
-290
-296
-301
-307
-319
-325
-331
-337
-343
-349
-361
-367
-373
-379
-385
-396
-402
-408
-414
-420
-425
-431
-443
-448
-453
-459
-464
-469
-479
-485
-490
-496
-501
-506
-512
-523
-529
-535
-541
-546
-552
-563
-569
-575
-580
-586
-591
-597
-603
-613
-618
-623
-628
-633
-638
-643
-653
-658
-663
-668
-672
-677
-685
-689
-693
-698
-702
-706
-710
-714
-721
-725
-729
-732
-736
-740
-744
-747
-754
-757
-760
-763
-766
-769
-772
-777
-780
-783
-785
-787
-789
-791
-795
-797
-798
-799
-801
-804
-805
-806
-808
-809
-810
-811
-812
-813
-814
-815
-816
-817
-817
-818
-818
-819
-819
-820
-821
-822
-823
-824
-825
-826
-828
-830
-831
-833
-834
-835
-837
-840
-841
-843
-845
-846
-848
-850
-854
-856
-858
-861
-863
-865
-870
-872
-874
-877
-879
-882
-884
-890
-893
-896
-898
-901
-904
-908
-914
-917
-920
-923
-927
-930
-937
-940
-944
-948
-951
-955
-959
-966
-970
-974
-978
-982
-986
-990
-998
-1002
-1006
-1011
-1015
-1019
-1028
-1033
-1037
-1041
-1046
-1051
-1055
-1064
-1069
-1073
