0.018495
0.058754
0.079358
0.100018
0.124677
0.14538
0.166002
0.186576
0.207158
0.227686
0.252474
0.289418
0.4982
0.711282
0.927052
1.14345
1.36711
1.47287
1.51376
1.55476
1.59574
1.64468
1.68593
1.73052
1.77568
1.79694
1.81822
1.84347
1.86467
1.88588
1.91118
1.93242
1.97035
2.01398
2.03535
2.05669
2.08182
2.10302
2.12418
2.14537
2.17066
2.20035
2.24463
2.27315
2.2944
2.31563
2.34088
2.36208
2.38328
2.40851
2.42975
2.47247
2.51311
2.5344
2.55564
2.58091
2.6022
2.62345
2.6447
2.66984
2.70181
2.74656
2.77478
2.79608
2.8172
2.84248
2.86378
2.88507
2.91039
2.93375
2.97842
3.01582
3.03704
3.05827
3.0836
3.10492
3.1262
3.15149
3.17275
3.20745
3.25554
3.27685
3.29814
3.31942
3.34466
3.36821
3.38966
3.41266
3.43864
3.48259
3.51672
3.53805
3.55941
3.58479
3.60612
3.62741
3.65282
3.67393
3.7117
3.75782
3.77908
3.80044
3.82604
3.84749
3.86892
3.8938
3.91506
3.94401
3.99331
4.02075
4.0416
4.06247
4.08341
4.10838
4.12928
4.15018
4.17107
4.21538
4.25859
4.28174
4.30661
4.32752
4.34843
4.37208
4.39306
4.41512
4.44305
4.48757
4.53393
4.57643
4.60313
4.62406
4.64901
4.66989
4.69085
4.71174
4.7544
4.7929
4.81387
4.83474
4.85971
4.88061
4.90159
4.92655
4.9475
4.97443
5.0194
5.06443
5.09399
5.11514
5.14017
5.16112
5.18203
5.2031
5.228
5.26465
5.30846
5.33082
5.35573
5.37666
5.39759
5.41853
5.4435
5.46436
5.48853
5.53794
5.57253
5.59396
5.61521
5.64043
5.66173
5.68299
5.7083
5.72914
5.76427
5.80126
5.82644
5.84738
5.86835
5.89325
5.91413
5.93505
5.95597
5.97862
6.02963
6.05378
6.07463
6.09548
6.12098
6.14204
6.16303
6.18399
6.2079
6.24164
6.27995
6.30083
6.32599
6.34728
6.36852
6.3938
6.41505
6.43588
6.45724
6.50645
6.53163
6.55294
6.57821
6.59952
6.62058
6.64517
6.66738
6.68823
6.72061
6.76455
6.78591
6.80716
6.83255
6.85384
6.87516
6.90048
6.92145
6.94561
6.99033
7.01914
7.0403
7.06166
7.08695
7.10965
7.13083
7.15436
7.17516
7.21083
7.24723
7.27257
7.29381
7.31506
7.34023
7.36138
7.38238
7.4033
7.43378
7.47684
7.50203
7.5274
7.54873
7.56998
7.59526
7.6165
7.63745
7.65817
7.70049
7.73665
7.75779
7.78307
7.80437
7.82563
7.85097
7.8718
7.89267
7.91764
7.96751
7.99232
8.01369
8.03901
8.06207
8.08357
8.10707
8.12791
8.14876
8.1937
8.23451
8.27178
8.29706
8.31835
8.33965
8.36497
8.38605
8.40695
8.43468
8.48342
8.5047
8.52608
8.55146
8.57293
8.59488
8.61929
8.64023
8.66123
8.7089
8.73762
8.76046
8.78408
8.80538
8.82668
8.85198
8.87282
8.89366
8.92423
8.96964
8.99088
9.01441
9.03744
9.05877
9.08005
9.10534
9.12624
