0.018644
0.058787
0.07939
0.100052
0.124712
0.145418
0.166041
0.186617
0.207191
0.227717
0.252514
0.290016
0.498709
0.711785
0.927576
1.14397
1.3676
1.47293
1.51382
1.55482
1.5958
1.64473
1.68599
1.73057
1.77573
1.797
1.81828
1.84352
1.86472
1.88594
1.91123
1.93247
1.9704
2.01404
2.03541
2.05674
2.08187
2.10307
2.12423
2.14543
2.17071
2.2004
2.24468
2.27321
2.29446
2.31568
2.34094
2.36213
2.38333
2.40857
2.4298
2.47253
2.51316
2.53445
2.55569
2.58096
2.60226
2.6235
2.64876
2.66989
2.70186
2.74661
2.77483
2.79614
2.81725
2.84254
2.86384
2.88513
2.91045
2.93382
2.97847
3.01587
3.03709
3.05832
3.08366
3.10498
3.12626
3.15155
3.17281
3.20751
3.2556
3.27691
3.29819
3.32349
3.34471
3.36827
3.39141
3.41272
3.43867
3.48262
3.51677
3.53811
3.55947
3.58485
3.60618
3.62747
3.65288
3.67399
3.71173
3.75786
3.77914
3.8005
3.8261
3.84755
3.86898
3.89386
3.91512
3.94407
3.99344
4.02078
4.04163
4.0625
4.08345
4.10841
4.12931
4.15022
4.17111
4.21544
4.25876
4.28178
4.30664
4.32755
4.34847
4.37212
4.39433
4.41516
4.44311
4.48765
4.53401
4.57649
4.60316
4.62811
4.64905
4.66992
4.69089
4.71178
4.75445
4.79293
4.81391
4.8388
4.85974
4.88064
4.90163
4.92658
4.9486
4.97448
5.01952
5.06448
5.09403
5.11518
5.14021
5.16116
5.18207
5.20315
5.22804
5.26471
5.30858
5.33086
5.35576
5.3767
5.39763
5.41856
5.44354
5.4644
5.48859
5.53804
5.57256
5.59402
5.61526
5.64049
5.66179
5.68305
5.70835
5.72917
5.7643
5.8013
5.82649
5.84741
5.86839
5.89329
5.91417
5.93508
5.956
5.97865
6.0297
6.05381
6.07467
6.09552
6.12101
6.14207
6.16306
6.18403
6.20794
6.24167
6.27998
6.30086
6.32603
6.34734
6.36858
6.39386
6.41512
6.43591
6.45728
6.50651
6.53169
6.553
6.57827
6.59957
6.62063
6.64522
6.66741
6.68826
6.72065
6.76464
6.78596
6.80722
6.83263
6.8539
6.87521
6.90054
6.92148
6.94565
6.99042
7.0192
7.04036
7.06172
7.08701
7.1097
7.13088
7.15439
7.17519
7.21086
7.24729
7.27262
7.29386
7.3151
7.34028
7.36143
7.38243
7.40334
7.43382
7.4769
7.50209
7.52746
7.5488
7.57004
7.59532
7.61655
7.63748
7.6582
7.70054
7.73671
7.75784
7.78313
7.80442
7.82569
7.85103
7.87184
7.89271
7.91767
7.96763
7.99238
8.01375
8.03908
8.06214
8.08363
8.10713
8.12795
8.14879
8.19375
8.23457
8.27184
8.29712
8.31841
8.33971
8.36503
8.38762
8.40699
8.43472
8.48348
8.50476
8.52614
8.55152
8.57299
8.59494
8.61935
8.64026
8.66131
8.70895
8.73768
8.76052
8.78414
8.80544
8.82673
8.85204
8.87286
8.89369
8.92426
8.9697
8.99093
9.01446
9.0375
9.05883
9.0801
9.1054
9.12628
