0
0
0
0
0
0
0
0
0
0
0
-0.0205994
-0.0205994
-0.0205994
-0.0205994
-0.0205994
-0.0205994
-0.0205994
-0.0205994
-0.0205994
-0.0205994
-0.0205994
-0.0205994
-0.0197144
-0.0197144
-0.0197144
-0.0197144
-0.0197144
-0.0197144
-0.0197144
-0.0197144
-0.0197144
179.979
179.979
179.979
179.979
179.979
179.979
179.979
179.979
179.979
179.979
179.979
179.979
179.979
179.979
179.979
179.979
179.979
179.979
179.979
179.977
179.977
179.977
179.977
179.977
179.977
179.977
179.977
179.977
179.977
179.978
179.978
179.978
179.978
179.978
179.978
179.978
179.978
179.978
179.978
179.978
179.978
179.978
179.978
179.978
179.978
179.978
179.978
179.978
179.977
179.977
179.977
179.977
179.977
179.977
179.977
179.977
179.977
179.98
179.98
179.98
179.98
179.98
179.98
179.98
179.98
179.98
179.978
179.978
179.978
179.978
179.978
179.978
179.978
179.978
179.978
179.978
179.975
179.975
179.975
179.975
179.975
179.975
179.975
179.975
179.975
179.98
179.98
179.98
179.98
179.98
179.98
179.98
179.98
179.98
179.98
179.982
179.982
179.982
179.982
179.982
179.982
179.982
179.982
179.982
179.982
179.981
179.981
179.981
179.981
179.981
179.981
179.981
179.981
179.981
177.092
177.092
177.092
177.092
177.092
177.092
177.092
177.092
177.092
177.092
171.366
171.366
171.366
171.366
171.366
171.366
171.366
171.366
171.366
164.43
164.43
164.43
164.43
164.43
164.43
164.43
164.43
164.43
164.43
157.422
157.422
157.422
157.422
157.422
157.422
157.422
157.422
157.422
148.458
148.458
148.458
148.458
148.458
148.458
148.458
148.458
148.458
148.458
137.441
137.441
137.441
137.441
137.441
137.441
137.441
137.441
137.441
122.859
122.859
122.859
122.859
122.859
122.859
122.859
122.859
122.859
122.859
107.22
107.22
107.22
107.22
107.22
107.22
107.22
107.22
107.22
96.9793
96.9793
96.9793
96.9793
96.9793
96.9793
96.9793
96.9793
96.9793
96.9793
90.5321
90.5321
90.5321
90.5321
90.5321
90.5321
90.5321
90.5321
90.5321
90.5321
94.3579
94.3579
94.3579
94.3579
94.3579
94.3579
94.3579
94.3579
94.3579
102.749
102.749
102.749
102.749
102.749
102.749
102.749
102.749
102.749
102.749
116.394
116.394
116.394
116.394
116.394
116.394
116.394
116.394
116.394
138.459
138.459
138.459
138.459
138.459
138.459
138.459
138.459
138.459
138.459
145.318
145.318
145.318
145.318
145.318
145.318
145.318
145.318
145.318
150.248
150.248
150.248
150.248
150.248
150.248
150.248
150.248
150.248
150.248
155.595
155.595
155.595
155.595
155.595
155.595
155.595
155.595
155.595
159.83
159.83
159.83
159.83
159.83
159.83
159.83
159.83
159.83
159.83
161.157
161.157
161.157
161.157
161.157
161.157
161.157
161.157
161.157
156.787
156.787
156.787
156.787
156.787
156.787
156.787
156.787
156.787
156.787
146.777
146.777
146.777
146.777
146.777
146.777
146.777
146.777
146.777
144.952
144.952
144.952
144.952
144.952
144.952
144.952
144.952
144.952
144.952
155.934
155.934
155.934
155.934
155.934
155.934
155.934
155.934
155.934
173.065
173.065
173.065
173.065
173.065
173.065
173.065
173.065
173.065
173.065
191.561
191.561
191.561
191.561
191.561
191.561
191.561
191.561
191.561
199.188
199.188
199.188
199.188
199.188
199.188
199.188
199.188
199.188
199.188
196.593
196.593
196.593
196.593
196.593
196.593
196.593
196.593
196.593
189.522
189.522
189.522
189.522
189.522
189.522
189.522
189.522
189.522
189.522
178.495
178.495
178.495
178.495
178.495
178.495
178.495
178.495
178.495
178.495
178.15
178.15
178.15
178.15
178.15
178.15
178.15
178.15
178.15
191.727
191.727
191.727
191.727
191.727
191.727
191.727
191.727
191.727
191.727
201.614
201.614
201.614
201.614
201.614
201.614
201.614
201.614
201.614
216.66
216.66
216.66
216.66
216.66
216.66
216.66
216.66
216.66
216.66
218.501
218.501
218.501
218.501
218.501
218.501
218.501
218.501
218.501
215.124
215.124
215.124
215.124
215.124
215.124
215.124
215.124
215.124
215.124
213.637
213.637
213.637
213.637
213.637
213.637
213.637
213.637
213.637
212.226
212.226
212.226
212.226
212.226
212.226
212.226
212.226
212.226
212.226
212.158
212.158
212.158
212.158
212.158
212.158
212.158
212.158
212.158
212.236
212.236
212.236
212.236
212.236
212.236
212.236
212.236
212.236
212.236
211.525
211.525
211.525
211.525
211.525
211.525
211.525
211.525
211.525
212.753
212.753
212.753
212.753
212.753
212.753
212.753
212.753
212.753
212.753
211.952
211.952
211.952
211.952
211.952
211.952
211.952
211.952
211.952
211.913
211.913
211.913
211.913
211.913
211.913
211.913
211.913
211.913
211.913
213.98
213.98
213.98
213.98
213.98
213.98
213.98
213.98
213.98
210.436
210.436
210.436
210.436
210.436
210.436
210.436
210.436
210.436
210.436
210.607
210.607
210.607
210.607
210.607
210.607
210.607
210.607
210.607
210.792
210.792
