0
0
0
0
0
0
0
0
0
0
0
0
0
0
0
0
0
0
0
0
0
0
1
1
1
1
1
1
1
1
1
0
0
0
0
0
0
0
0
0
0
31
31
31
31
31
31
31
31
31
63
63
63
63
63
63
63
63
63
63
96
96
96
96
96
96
96
96
96
128
128
128
128
128
128
128
128
128
128
161
161
161
161
161
161
161
161
161
194
194
194
194
194
194
194
194
194
194
228
228
228
228
228
228
228
228
228
262
262
262
262
262
262
262
262
262
262
295
295
295
295
295
295
295
295
295
295
326
326
326
326
326
326
326
326
326
356
356
356
356
356
356
356
356
356
356
354.001
354.001
354.001
354.001
354.001
354.001
354.001
354.001
354.001
342.001
342.001
342.001
342.001
342.001
342.001
342.001
342.001
342.001
342.001
336.001
336.001
336.001
336.001
336.001
336.001
336.001
336.001
336.001
338.001
338.001
338.001
338.001
338.001
338.001
338.001
338.001
338.001
338.001
338
338
338
338
338
338
338
338
338
338
336
336
336
336
336
336
336
336
336
334
334
334
334
334
334
334
334
334
334
328
328
328
328
328
328
328
328
328
302.002
302.002
302.002
302.002
302.002
302.002
302.002
302.002
302.002
302.002
239.002
239.002
239.002
239.002
239.002
239.002
239.002
239.002
239.002
239.002
206
206
206
206
206
206
206
206
206
217
217
217
217
217
217
217
217
217
217
228.002
228.002
228.002
228.002
228.002
228.002
228.002
228.002
228.002
225.009
225.009
225.009
225.009
225.009
225.009
225.009
225.009
225.009
225.009
225.142
225.142
225.142
225.142
225.142
225.142
225.142
225.142
225.142
227.317
227.317
227.317
227.317
227.317
227.317
227.317
227.317
227.317
227.317
224.644
224.644
224.644
224.644
224.644
224.644
224.644
224.644
224.644
215.128
215.128
215.128
215.128
215.128
215.128
215.128
215.128
215.128
215.128
219.791
219.791
219.791
219.791
219.791
219.791
219.791
219.791
219.791
229.244
229.244
229.244
229.244
229.244
229.244
229.244
229.244
229.244
229.244
229.072
