12.3693
0
0
0
0
0
0
0
0
0
0
0
0
0
0
0
0
0
0
0
0
0
0
0
0
0
0
0
0
0
0
0
0
0
0
0
0
0
0
0
0
0
0
0
0
0
0
0
0
0
0
0
0
0
0
0
0
0
0
0
0
0
0
0
0
0
0
0
0
0
0
0
0
0
0
0
0
0
0
0
0
0
0
0
0
0
0
0
0
0
0
0
0
0
0
0
0
0
0
0
0
0
0
0
0
0
0
0
0
0
0
0
0
0
0
0
0
0
0
0
0
0
0
0
0
0
0
0
0
0
0
0
0
0
0
0
0
0
0
0
0
0
0
0
0
0
0
0
0
0
0
0
0
0
0
0
0
0
0
0
0
0
0
0
0
0
0
0
0
0
0
0
0
0
0
0
0
0
8
8
8
8
24.0208
24.0208
24.0208
24.0208
24.0208
31.5753
31.5753
31.5753
31.5753
31.5753
26.4197
52.3927
52.3927
52.3927
52.3927
68.9493
68.9493
68.9493
68.9493
62.6259
88.5664
88.5664
88.5664
88.5664
88.5664
110.941
110.941
110.941
110.941
110.941
128.891
128.891
128.891
128.891
147.139
147.139
147.139
147.139
147.139
163.683
163.683
163.683
163.683
163.683
185.181
185.181
185.181
185.181
185.181
181.835
181.835
181.835
181.835
184.835
184.835
184.835
184.835
184.835
184.835
193.21
193.21
193.21
193.21
183.861
183.861
183.861
183.861
183.861
185.801
185.801
185.801
185.801
177.003
177.003
177.003
177.003
177.003
167.839
167.839
167.839
167.839
167.839
163.527
163.527
163.527
163.527
163.527
158.619
158.619
158.619
158.619
159.101
161.447
161.447
161.447
161.447
167.027
167.027
167.027
167.027
167.027
164.003
164.003
164.003
164.003
164.003
148.862
148.862
148.862
148.862
148.862
149.111
149.111
149.111
149.111
142.618
142.618
142.618
142.618
142.618
144.25
144.25
144.25
144.25
144.25
134.833
134.833
134.833
134.833
134.833
125.004
125.004
125.004
125.004
125.004
119.101
119.101
119.101
119.101
111.503
111.503
111.503
111.503
111.503
112.894
112.894
112.894
112.894
112.894
112.699
112.699
112.699
112.699
112.699
112.045
112.045
112.045
112.045
112.045
107.49
107.49
107.49
107.49
107.49
105.418
105.418
105.418
105.418
102.728
102.728
102.728
102.728
102.728
100.688
100.688
100.688
100.688
100.688
99.8649
99.8649
99.8649
99.8649
105.095
105.095
105.095
105.095
105.095
105.095
104.657
104.657
104.657
104.657
104.657
97.6934
97.6934
97.6934
97.6934
98.6154
98.6154
98.6154
98.6154
98.6154
91.0824
91.0824
91.0824
91.0824
91.0824
90.802
90.802
90.802
90.802
94.1116
94.1116
94.1116
94.1116
94.1116
95.5249
95.5249
95.5249
95.5249
95.5249
93.9042
93.9042
93.9042
93.9042
93.9042
101.494
94.2603
94.2603
94.2603
94.2603
95.2575
95.2575
95.2575
95.2575
95.2575
96.0469
96.0469
96.0469
96.0469
97.0824
95.0842
95.0842
95.0842
95.0842
94.6414
94.6414
94.6414
94.6414
94.6414
94.7629
94.7629
94.7629
94.7629
94.7629
93.3809
93.3809
93.3809
93.3809
93.3809
92.4175
92.4175
92.4175
92.4175
92.4175
90.2497
90.2497
90.2497
90.2497
88.955
88.955
88.955
88.955
88.955
89.8888
89.8888
89.8888
89.8888
89.8888
93.9415
93.9415
93.9415
93.9415
93.9415
92.1792
92.1792
92.1792
92.1792
92.1792
93.7443
93.7443
93.7443
93.7443
93.7443
92.6553
92.6553
92.6553
92.6553
94.4034
94.4034
94.4034
94.4034
94.4034
93.6002
93.6002
93.6002
93.6002
93.6002
91.351
91.351
91.351
91.351
89.1067
89.1067
89.1067
89.1067
89.1067
91.2853
91.2853
91.2853
91.2853
91.2853
91.2853
93.5094
93.5094
93.5094
93.5094
92.6175
92.6175
92.6175
92.6175
92.6175
98.4733
98.4733
98.4733
98.4733
98.4733
96.7988
96.7988
96.7988
96.7988
98.4124
98.4124
98.4124
98.4124
98.4124
97.5295
97.5295
97.5295
97.5295
97.5295
94.3716
94.3716
94.3716
94.3716
94.8472
94.8472
94.8472
94.8472
94.8472
96.4624
96.4624
96.4624
96.4624
96.4624
97.0824
97.0824
97.0824
97.0824
97.0824
96.3016
96.3016
96.3016
96.3016
96.3016
95.1262
95.1262
95.1262
95.1262
95.1262
92.7793
92.7793
92.7793
92.7793
92.7793
93.2631
93.2631
93.2631
93.2631
92.1954
92.1954
92.1954
92.1954
92.1954
92.0869
92.0869
92.0869
92.0869
92.0869
94.0479
94.0479
94.0479
94.0479
91.6624
96.1301
96.1301
96.1301
96.1301
96.0833
96.0833
96.0833
96.0833
96.0833
92.3959
92.3959
92.3959
92.3959
92.3959
94.8314
94.8314
94.8314
94.8314
94.8314
92.3472
92.3472
92.3472
92.3472
92.3472
92.9731
92.9731
92.9731
92.9731
91.7061
92.358
92.358
92.358
92.358
93.0484
93.0484
93.0484
93.0484
93.0484
91.9239
91.9239
91.9239
91.9239
91.9239
94.8947
94.8947
94.8947
94.8947
92.6607
92.6607
92.6607
92.6607
92.6607
92.6607
97.6524
97.6524
97.6524
97.6524
97.0824
96.8349
96.8349
96.8349
96.8349
93.8616
93.8616
93.8616
93.8616
93.8616
94.3663
94.3663
94.3663
94.3663
90.1388
90.609
90.609
90.609
90.609
91.2414
91.2414
91.2414
91.2414
91.2414
90.5207
90.5207
90.5207
90.5207
90.5207
89.3756
89.3756
89.3756
89.3756
89.3756
91.0494
91.0494
91.0494
91.0494
91.0494
88.0057
88.0057
88.0057
88.0057
88.0057
85.8021
85.8021
85.8021
85.8021
86.8389
83.2346
83.2346
83.2346
83.2346
84.0536
84.0536
84.0536
84.0536
84.0536
83.863
83.863
83.863
83.863
83.863
82.4924
82.4924
82.4924
82.4924
75.1332
75.1332
75.1332
75.1332
75.1332
76.0592
76.0592
76.0592
76.0592
76.0592
71.8679
71.8679
71.8679
71.8679
71.8679
72.7324
72.7324
72.7324
72.7324
72.7324
74
74
74
74
74
75.5844
75.5844
75.5844
75.5844
75.5844
68.6804
68.6804
68.6804
68.6804
62.5859
62.5859
62.5859
62.5859
62.5859
62.5859
62.5859
62.5859
62.5859
62.5859
57.8705
57.8705
57.8705
57.8705
58.6941
58.6941
58.6941
58.6941
58.6941
52.0384
52.0384
52.0384
52.0384
52.0384
53.0377
53.0377
53.0377
53.0377
53.0377
44.0114
44.0114
44.0114
44.0114
44.0114
45
45
45
45
45
40.3113
40.3113
40.3113
40.3113
40.3113
38.4708
38.4708
38.4708
38.4708
40.1995
34.7131
34.7131
34.7131
34.7131
27.8568
27.8568
27.8568
27.8568
27.8568
24.6982
24.6982
24.6982
24.6982
32
11.6619
11.6619
11.6619
11.6619
12.53
12.53
12.53
12.53
12.53
16.5529
16.5529
16.5529
16.5529
16.5529
18.4391
18.4391
18.4391
18.4391
25.0599
25.0599
25.0599
25.0599
25.0599
27.313
27.313
27.313
27.313
27.313
27.2029
27.2029
27.2029
27.2029
27.2029
27.2029
27.2029
27.2029
27.2029
27.2029
20.6155
20.6155
20.6155
20.6155
20.6155
20.6155
20.6155
20.6155
20.6155
20.6155
16.1555
16.1555
16.1555
16.1555
12.3693
12.3693
12.3693
12.3693
12.3693
11.4018
11.4018
11.4018
11.4018
11.4018
10.4403
10.4403
10.4403
10.4403
10.4403
9.48683
9.48683
9.48683
9.48683
5.09902
5.09902
5.09902
5.09902
5.09902
5.09902
5.09902
5.09902
5.09902
5.09902
6.7082
6.7082
6.7082
6.7082
6.7082
5.83095
5.83095
5.83095
5.83095
5.83095
7.61577
7.61577
7.61577
7.61577
6.7082
6.7082
6.7082
6.7082
6.7082
3.60555
3.60555
3.60555
3.60555
3.60555
1.41421
1.41421
1.41421
1.41421
1.41421
1.41421
1.41421
1.41421
1.41421
1
1
1
1
1
1
1
1
1
1
1
1
1
1
1
1
1
1
1
1
1.41421
1.41421
1.41421
1.41421
1.41421
1.41421
1.41421
1.41421
1.41421
1.41421
1.41421
1.41421
1.41421
1.41421
1.41421
1.41421
1.41421
1.41421
1.41421
1.41421
1.41421
1.41421
1.41421
1.41421
1.41421
1.41421
1.41421
1.41421
1.41421
1
1
1
1
1
1.41421
1.41421
1.41421
1.41421
1.41421
1.41421
1.41421
1.41421
1.41421
2
1
1
1
1
1
1
1
1
1
3.16228
3.16228
3.16228
3.16228
3.16228
3.16228
3.16228
3.16228
3.16228
3.16228
1
1
1
1
1
1
1
1
1
1
1
1
1
1
2
2
2
2
2
2
2
2
2
2
2
2
2
2
1.41421
