0
-0.374098
-0.405531
-0.407423
-0.407423
-0.407423
-0.407423
-0.407423
-0.407423
-0.407423
-0.407423
-0.407423
-0.407423
-0.407423
-0.407423
-0.407423
-0.407423
-0.407423
-0.409163
-115.617
-115.617
-115.617
-115.617
-115.617
-115.617
-115.617
-115.617
-128.573
-128.573
-128.573
-128.573
-128.57
-128.562
-128.545
-128.519
-128.487
-120.035
-119.987
-119.862
-119.796
-119.722
-119.639
-119.55
-119.459
-89.5278
-89.4396
-89.3528
-89.2639
-89.1757
-89.0859
-88.9113
1.18184
1.27005
1.35885
1.44983
1.62247
1.70704
1.79598
1.88943
1.97779
-144.161
-144.078
-143.992
-143.9
-143.805
-143.716
-143.542
-143.456
-87.0568
-86.9688
-86.8808
-86.7957
-86.615
-86.5294
-86.4395
-86.3532
-86.2577
-86.0833
-85.9946
-85.9055
-85.8182
-85.7341
-85.6517
-85.4619
-85.3739
-85.2872
4.79913
4.88924
5.06377
5.15926
5.24718
5.33365
5.42157
5.59901
5.68329
5.7699
5.85914
5.94968
6.03643
6.21286
6.30092
6.39059
6.47619
6.56192
6.73893
6.82772
6.91652
7.004
7.09018
7.26049
7.34666
7.43662
7.5244
7.61086
7.78409
7.86895
7.95585
8.04174
8.13039
8.21802
8.40638
8.49372
8.58047
8.66665
8.75239
8.92794
9.01615
9.11353
9.20145
9.29476
9.3968
9.50699
9.62563
9.88561
10.0166
10.1419
10.2663
10.3913
10.5048
10.6086
10.8088
10.9035
10.9826
11.0545
11.1203
11.1798
11.2302
11.3114
11.3415
11.365
11.3817
11.3906
11.3928
11.3891
11.3791
11.3354
11.305
11.267
11.2187
11.1613
11.1024
11.036
10.8754
10.7896
10.6986
10.6112
10.5248
10.4382
10.2607
10.1689
10.0807
9.9958
9.91166
9.73611
9.6495
9.56289
9.47657
9.38879
9.30131
9.12838
9.039
8.95006
8.86316
8.77742
8.60085
8.51555
8.42908
8.34072
8.25105
8.07594
7.98889
7.90432
7.81581
7.72862
7.64216
7.46471
7.3781
7.29294
18.2163
18.1292
17.9554
17.8697
17.7784
17.6885
17.604
17.5154
18.6813
18.5945
18.5066
18.4188
18.3281
18.2393
18.1542
17.9724
17.1829
17.0931
17.0036
16.912
16.8188
16.7302
16.5498
16.4583
13.4246
13.3345
13.2414
13.1489
13.0575
12.968
12.782
12.6905
12.6013
12.2214
12.1236
12.0323
11.9406
11.7541
11.6655
11.57
11.4774
16.037
15.9482
15.858
15.7629
15.5792
15.4916
15.4031
15.3076
22.1488
22.0578
21.9687
21.8787
21.6955
21.6026
21.5071
21.4204
32.9683
32.8784
32.7062
32.6203
32.5263
32.4315
32.3408
32.2508
32.1587
50.7473
50.5582
50.4701
50.3806
50.2894
50.1975
50.1051
50.0109
53.3349
53.1492
53.0633
52.9728
52.8818
52.7913
52.7122
52.5329
52.442
43.6112
43.5217
43.4343
43.3483
43.1637
43.0724
42.9785
42.8897
46.0177
45.925
45.7513
45.6637
45.5761
45.4866
45.3955
45.2228
45.1366
52.5876
52.5007
52.4105
52.32
52.1404
52.0564
51.9644
51.8773
54.5651
54.4773
54.3018
54.2169
54.1274
54.0406
53.9552
53.7833
51.7291
51.6428
51.555
51.4713
51.3825
51.2017
51.116
51.031
50.9445
55.1455
54.9679
54.8867
54.7961
54.705
54.6225
54.4427
54.3572
56.8578
56.7722
56.6846
56.5922
56.4156
56.3284
56.2398
56.1498
56.0638
55.4406
55.3556
55.2668
55.1775
55.0904
55.0034
54.8308
54.7419
54.6545
55.4655
55.3779
55.2958
55.1142
55.0275
54.9393
54.852
54.7652
54.5911
61.1809
61.0937
61.0072
60.9195
60.7339
60.6496
60.5644
60.4756
60.389
60.6465
60.4679
60.3813
60.2932
60.2019
60.1015
59.991
59.8681
63.3573
63.2217
63.07
62.919
62.7614
62.6133
62.4665
62.3382
62.1369
65.0964
65.0275
64.9753
64.9354
64.9054
64.8798
64.8596
64.8465
63.3614
63.3738
63.3895
63.4148
63.4467
63.4886
63.5872
63.6483
64.2146
64.2909
64.3718
64.4623
64.5533
64.7316
64.819
64.9062
64.992
65.0795
68.2501
68.3373
68.424
68.5142
68.6008
68.7709
68.8611
76.2914
76.3789
76.4653
76.549
76.7309
76.8164
76.9035
76.9925
77.032
77.2013
77.2891
77.3745
77.4636
77.5565
77.7339
77.8227
77.9103
80.0064
80.093
80.2685
80.356
80.4459
80.5342
80.6234
80.7119
85.9027
85.9913
86.0829
86.1704
86.2617
86.444
86.5312
86.6164
86.7022
89.1166
89.2888
89.3817
89.4705
89.5604
89.6475
89.7351
89.9152
93.7868
93.874
93.9647
94.0515
94.2314
94.3183
94.4069
94.4936
94.5812
102.054
102.135
102.222
102.312
102.405
102.496
102.671
102.76
102.844
106.551
106.64
106.816
106.908
106.999
107.09
107.176
107.348
109.331
109.42
109.511
109.597
109.686
109.86
109.946
110.037
110.125
113.479
113.565
113.652
113.741
113.829
113.912
113.999
114.179
117.897
117.98
118.066
118.155
118.335
118.426
118.513
118.6
119.556
119.739
119.827
119.914
120.003
120.09
120.265
120.352
120.44
129.845
129.93
130.107
130.196
130.286
130.377
130.467
130.555
133.769
133.853
133.94
134.028
134.117
134.297
134.386
134.472
134.56
135.307
135.393
135.567
135.653
135.746
135.834
135.92
136.091
141.731
141.816
141.906
141.993
142.083
142.26
142.342
142.432
142.518
145.372
145.547
145.64
145.729
145.811
145.984
146.072
146.161
150.32
150.408
150.578
150.669
150.759
150.847
150.933
151.018
155.185
155.274
155.36
155.446
155.534
155.719
155.807
155.892
155.98
156.072
161.024
161.113
161.2
161.284
161.375
161.549
161.638
161.723
165.211
165.303
165.385
165.563
165.653
165.743
165.829
165.917
169.452
169.539
169.63
169.716
169.807
169.895
169.984
170.16
170.246
172.822
172.911
172.998
173.175
173.263
173.349
173.439
173.526
173.618
179.96
180.046
180.133
180.226
180.331
180.441
180.557
180.815
183.265
183.413
183.568
183.733
183.886
184.027
184.261
184.354
186.544
186.608
186.667
186.71
186.731
186.75
186.752
186.747
186.736
192.995
192.968
192.933
192.842
192.787
192.723
192.654
192.576
195.261
195.085
194.997
194.909
194.82
194.733
194.558
194.472
199.856
199.767
199.68
199.499
199.409
199.322
199.234
199.149
202.827
202.652
202.563
202.476
202.392
202.298
202.127
202.037
201.948
204.755
204.67
204.5
204.404
204.317
204.233
204.148
203.969
203.394
203.303
203.215
203.128
203.037
202.857
202.771
202.687
202.601
204.749
204.573
204.488
204.4
204.316
204.224
204.049
203.964
209.378
209.293
209.203
209.021
208.932
208.848
208.763
208.671
209.873
209.787
209.698
209.607
209.518
209.433
209.257
209.173
208.784
208.696
208.605
208.517
208.338
208.247
208.161
208.077
207.988
209.914
209.739
209.65
209.559
209.47
209.386
209.209
215.64
215.551
215.465
215.378
215.282
215.109
215.021
214.936
214.842
215.766
215.592
215.506
215.415
215.323
215.237
215.151
214.431
214.342
214.254
214.168
214.074
213.987
213.81
213.722
213.633
215.838
215.747
215.571
215.482
215.392
215.3
215.216
215.042
218.475
218.39
218.303
218.213
218.121
217.95
217.86
217.774
217.685
217.301
217.216
217.039
216.954
216.865
216.777
216.688
216.519
220.704
220.618
220.527
220.44
220.343
220.165
220.076
219.991
219.905
224.681
224.595
224.413
224.326
224.238
224.151
224.061
223.887
222.407
222.322
222.232
222.142
221.969
221.883
221.797
221.705
221.62
223.753
223.578
223.493
223.406
223.314
223.224
223.053
222.963
224.318
224.231
224.142
224.058
223.878
223.793
223.703
223.615
223.532
224.639
224.551
224.457
224.369
224.286
224.201
224.022
223.933
229.955
229.868
229.778
229.692
229.516
229.426
229.341
229.254
226.302
226.129
226.044
225.954
225.869
225.782
225.695
225.518
228.842
228.756
228.667
228.577
228.485
228.305
228.216
228.127
228.038
229.339
229.162
229.074
228.982
228.897
228.81
228.638
228.552
232.986
232.898
232.81
232.724
232.63
232.42
232.303
232.176
232.049
232.936
232.814
232.566
232.446
232.326
232.215
232.11
232.017
231.933
229.865
229.725
229.663
229.61
229.563
229.524
229.49
229.466
231.807
231.805
231.812
231.824
231.843
231.869
231.899
231.942
232.047
235.616
235.684
235.76
235.845
235.94
236.118
236.204
236.287
236.377
238.86
238.948
239.117
239.206
239.294
239.385
239.473
239.559
239.739
239.491
239.576
239.661
239.75
239.841
240.02
240.108
240.195
240.281
247.327
247.506
247.595
247.683
247.769
247.857
248.03
248.114
248.646
248.733
248.823
248.912
249.083
249.167
249.253
249.343
249.431
253.514
253.6
253.69
253.78
253.869
253.956
254.133
254.218
254.302
260.046
260.135
260.222
260.406
260.493
260.581
260.663
260.752
263.09
263.176
263.262
263.351
263.436
263.519
263.694
263.781
263.869
267.194
267.286
267.466
267.552
267.639
267.727
267.82
272.744
272.827
272.915
273.001
273.091
273.18
273.359
273.444
273.531
275.935
276.022
276.109
276.283
276.379
276.462
276.547
276.635
281.766
281.944
282.029
282.117
282.209
282.296
282.479
282.566
288.198
288.283
288.368
288.456
288.638
288.728
288.817
288.905
288.994
288.597
288.68
288.766
288.853
288.943
289.03
289.205
289.292
293.759
293.847
293.934
294.021
294.201
294.289
294.376
294.461
294.55
299.377
299.466
299.554
299.645
299.733
299.819
299.998
300.086
303.961
304.047
304.133
304.22
304.399
304.491
304.578
304.666
308.075
308.25
308.334
308.423
308.515
308.602
308.69
308.862
314.618
314.704
314.789
314.875
314.966
315.151
315.24
315.324
315.408
317.651
317.737
317.917
318.004
318.088
318.174
318.266
322.439
322.524
322.61
322.699
322.791
322.879
323.056
323.142
323.229
328.353
328.444
328.613
328.699
328.789
328.88
328.966
329.138
329.646
329.729
329.82
329.908
329.997
330.165
330.254
330.346
335.566
335.654
335.742
335.921
336.013
336.104
336.195
336.278
339.64
339.815
339.905
339.993
340.081
340.167
340.344
340.432
344.684
344.768
344.859
344.947
345.125
345.213
345.3
345.391
345.479
349.915
350.084
350.169
350.263
350.362
350.462
350.569
350.691
353.403
353.54
353.687
353.829
353.956
354.069
354.165
354.249
359.559
359.603
359.631
359.651
359.663
359.668
359.667
359.648
362.004
361.975
361.937
361.894
361.844
361.788
361.651
361.575
361.486
365.938
365.84
365.732
365.616
365.407
365.317
365.234
365.155
365.069
367.694
367.51
367.422
367.339
367.248
367.161
366.983
366.897
368.855
368.766
368.678
368.503
368.414
368.327
368.237
368.15
371.919
371.834
371.745
371.655
371.564
371.476
371.387
371.209
372.796
372.708
372.621
372.529
372.348
372.264
372.175
372.087
372
372.858
372.771
372.686
372.599
372.511
372.334
372.25
372.162
374.24
374.153
373.978
373.889
373.802
373.718
373.629
373.453
377.179
377.092
377.005
376.918
376.829
376.645
376.558
376.471
377.783
377.696
377.52
377.433
377.341
377.253
377.166
377.079
377.615
377.525
377.437
377.347
377.258
377.079
376.993
376.91
379.045
378.956
378.779
378.688
378.596
378.51
378.425
378.25
382.449
382.361
382.271
382.183
382.008
381.92
381.833
