0
0
0
0
0
0
0
0
0
0
0
0
0
0
0
0
0
0
0
0
0
0
0
0
0
0
0
0
0
0
0
0
0
0
0
0
0
0
0
0
0
0
0
0
0
0
0
0
0
0
0
0
0
0
0
0
0
0
0
0
0
0
0
0
0
0
0
0
0
0
0
0
0
0
0
0
0
0
0
0
0
0
0
0
0
0
0
0
0
0
0
0
0
0
0
0
0
0
0
0
0
0
0
0
0
0
0
0
0
0
0
0
0
0
0
0
0
0
0
0
0
0
0
-2
0
0
0
0
0
0
0
0
0
1
1
1
1
1
0
0
0
0
0
0
0
0
0
0
0
0
0
0
0
0
0
0
0
0
0
0
0
0
0
0
0
0
0
0
0
0
0
0
0
0
0
0
0
0
0
0
0
0
0
0
0
0
0
0
0
0
0
0
-1
-1
-1
-1
0
0
0
0
0
-1
-1
-1
-1
-1
2
2
2
2
2
4
4
4
4
4
11
11
11
11
21
21
21
21
21
21
28
28
28
28
30
30
30
30
30
30
30
30
30
31
30
30
30
30
30
31
31
31
31
31
37
37
37
37
39
39
39
39
39
48
48
48
48
48
47
47
47
47
47
46
46
46
46
46
46
46
46
46
46
46
46
46
46
46
52
52
52
52
49
49
49
49
49
28
28
28
28
28
33
33
33
33
33
49
49
49
49
61
61
61
61
61
62
62
62
62
62
62
62
62
62
62
67
67
67
67
67
77
77
77
77
76
66
66
66
66
66
31
31
31
31
24
33
33
33
33
40
40
40
40
40
52
52
52
52
52
66
66
66
66
66
68
68
68
68
68
53
53
53
53
19
19
19
19
19
28
28
28
28
28
28
45
45
45
45
62
62
62
62
62
77
77
77
77
77
79
79
79
79
72
61
61
61
61
55
55
55
55
55
43
40
40
40
40
38
38
38
38
38
56
56
56
56
56
71
71
71
71
71
86
86
86
86
75
75
75
75
75
71
71
71
71
71
68
68
68
68
68
60
60
60
60
60
41
41
41
41
40
40
40
40
40
40
40
40
40
40
53
53
53
53
53
69
69
69
69
69
74
74
74
74
74
62
62
62
62
29
29
29
29
29
18
11
11
11
11
10
10
10
10
24
23
23
23
23
23
40
40
40
40
48
57
57
57
57
72
72
72
72
72
74
74
74
74
74
61
61
61
61
61
57
57
57
57
57
56
56
56
56
54
54
54
54
54
53
53
53
53
53
56
56
56
56
54
54
54
54
54
54
46
46
46
46
42
36
36
36
36
7
7
7
7
7
11
11
11
11
11
28
28
28
28
18
18
18
18
18
10
10
10
10
10
7
7
7
7
7
10
10
10
10
10
12
12
12
12
15
15
15
15
15
16
16
16
16
16
21
21
21
21
21
20
20
20
20
20
18
18
18
18
18
16
16
16
16
16
16
16
16
16
15
15
15
15
15
14
15
15
15
15
15
15
15
15
15
15
15
15
15
15
16
16
16
16
12
12
12
12
12
11
11
11
11
11
7
7
7
7
7
11
11
11
11
11
18
18
18
18
18
9
9
9
9
3
3
3
3
3
14
14
14
14
14
25
25
25
25
25
13
13
13
13
7
4
4
4
4
21
21
21
21
21
21
12
12
12
12
5
5
5
5
5
12
12
12
12
12
11
11
11
11
6
11
11
11
11
7
7
7
7
7
7
3
3
3
3
7
7
7
7
7
8
8
8
8
0
0
0
0
0
-2
-2
-2
-2
-2
10
10
10
10
10
10
10
10
10
10
5
5
5
5
5
1
1
1
1
-1
-1
-1
-1
-1
7
7
7
7
7
7
7
7
7
7
1
1
1
1
1
1
1
1
1
4
3
3
3
3
1
1
1
1
1
-1
-1
-1
-1
-1
-1
-1
-1
-1
-1
-2
-2
-2
-2
-2
-5
-5
-5
-5
-5
-5
-5
-5
-5
-8
-8
-8
-8
-8
-10
-10
-10
-10
-10
-1
-24
-24
-24
-24
-34
-34
-34
-34
-34
-19
-19
-19
-19
-19
-19
-19
-19
-19
-19
-29
-29
-29
-29
-26
-26
-26
-26
-26
-27
-27
-27
-27
-27
-41
-41
-41
-41
-41
-50
-50
-50
-50
-58
-58
-58
-58
-58
-56
-56
-56
-56
-56
-56
-56
-56
-56
-56
-49
-49
-49
-49
-49
-47
-47
-47
-47
-47
-57
-57
-57
-57
-57
-61
-61
-61
-61
-77
-77
-77
-77
-77
-94
-94
-94
-94
-94
-111
-112
-112
-112
-112
-126
-126
-126
-126
-126
-131
-131
-131
-131
-136
-136
-136
-136
-136
-136
-131
-131
-131
-131
-129
-129
-129
-129
-129
-135
-135
-135
-135
-142
-143
-143
-143
-143
-143
-154
-154
-154
-154
-154
-161
-161
-161
-161
-157
-157
-157
-157
-157
-146
-151
-151
-151
-151
-144
-144
-144
-144
-144
-144
-144
-144
-144
-144
-143
-143
-143
-143
-143
-141
-141
-141
-141
-134
-134
-134
-134
-134
-123
-123
-123
-123
