0
0
0
0
0
0
0
0
0
0
0
0
0
0
0
0
0
0
0
0
0
0
0
0
0
0
0
0
0
0
1
1
1
2
2
3
4
5
6
7
8
9
10
11
13
14
16
17
18
20
21
23
26
28
30
32
33
37
39
40
42
44
45
49
51
52
54
56
58
59
63
64
66
68
70
71
75
76
78
79
81
83
86
87
89
90
92
95
96
98
99
101
102
105
107
108
110
111
112
114
117
118
120
121
122
124
127
128
129
131
132
133
136
137
139
140
141
142
145
146
147
148
149
151
153
154
155
156
157
159
160
162
163
164
166
167
168
169
170
171
173
173
174
175
176
177
178
179
180
180
181
183
183
184
185
185
186
188
188
189
190
190
191
192
192
193
193
194
194
195
195
196
196
197
197
198
198
198
199
199
200
200
200
200
200
200
201
201
201
201
201
201
201
201
201
201
201
201
201
201
201
201
201
200
200
200
200
200
199
199
199
198
198
197
197
197
196
196
195
195
194
193
193
192
192
191
190
190
189
188
188
186
186
185
184
183
183
181
180
180
179
178
177
175
174
173
172
172
170
168
167
166
165
164
163
161
160
159
158
157
156
153
152
151
150
149
147
145
144
143
142
140
138
136
135
134
133
131
128
127
126
124
123
121
118
117
115
114
113
111
108
107
105
104
102
101
98
96
95
93
91
89
86
85
83
81
80
78
75
73
72
70
68
67
63
62
60
59
57
54
52
50
49
47
45
42
40
38
36
35
31
29
27
26
24
22
19
17
15
14
12
8
7
5
3
1
0
-4
-6
-7
-9
-11
-14
-16
-18
-20
-22
-23
-27
-29
-30
-32
-34
-35
-39
-41
-42
-44
-46
-49
-51
-52
-54
-56
-58
-59
-63
-65
-66
-68
-70
-73
-75
-76
-78
-80
-82
-83
-87
-88
-90
-92
-93
-95
-98
-99
-101
-102
-104
-107
-108
-109
-111
-112
-114
-117
-118
-119
-121
-122
-125
-126
-128
-129
-131
-132
-135
-136
-138
-139
-140
-142
-144
-146
-147
-148
-149
-150
-153
-154
-155
-156
-158
-159
-161
-162
-163
-164
-165
-167
-168
-169
-170
-171
-171
-172
-174
-175
-176
-177
-178
-179
-180
-181
-182
-182
-183
-185
-185
-186
-187
-188
-188
-189
-190
-190
-191
-192
-192
-193
-194
-194
-195
-195
-195
-196
-197
-197
-198
-198
-198
-199
-199
-199
-199
-200
-200
-200
-201
-201
-201
-201
-201
-201
-201
-201
-201
-201
-201
-201
-201
-201
-200
-200
-200
-200
-200
-200
-200
-200
-200
-200
-199
-199
-199
-198
-198
-198
-197
-197
-196
-195
-195
-194
-194
-193
-193
-192
-191
-190
-190
-189
-188
-187
-187
-186
-185
-185
-183
-183
-182
-181
-180
-179
-178
-177
-176
-176
-175
-174
-172
-171
-170
-169
-168
-166
-165
-164
-163
-162
-161
-158
-157
-156
-155
-154
-152
-150
-149
-148
-147
-146
-143
-142
-141
-140
-138
-137
-134
-133
-132
-130
-129
-126
-125
-123
-122
-120
-117
-116
-115
-113
-112
-110
-108
-106
-105
-103
-101
-98
-97
-95
-94
-92
-89
-88
-86
-84
-83
-81
-78
-76
-74
-73
-71
-69
-66
-64
-62
-60
-58
-53
-51
-49
-47
-44
-42
-39
-34
-31
-28
-25
-23
-20
-17
-11
-8
-5
-2
1
4
11
15
18
21
25
28
31
33
39
41
43
45
47
49
52
54
55
56
57
58
59
61
61
62
63
64
65
67
68
70
71
72
73
76
77
79
80
82
84
87
88
90
92
93
95
98
99
100
102
103
105
108
109
110
112
113
115
117
118
119
120
122
124
125
126
128
129
131
132
134
135
136
137
140
141
142
143
145
146
148
149
150
151
152
155
156
157
158
159
160
162
163
164
165
166
168
168
169
170
171
172
174
175
176
177
177
179
180
181
181
182
183
184
185
185
186
187
187
189
189
190
191
191
192
193
194
194
195
195
196
197
197
197
198
199
199
199
200
200
200
201
201
201
201
202
202
202
203
203
203
203
203
203
203
204
204
204
204
204
204
204
204
204
204
204
203
203
203
203
203
202
202
201
201
201
200
200
199
199
199
198
197
197
197
196
196
195
195
194
194
193
192
191
191
190
190
189
188
187
186
185
184
183
182
182
180
179
178
177
176
175
173
172
172
171
170
169
166
165
164
163
162
161
159
158
157
156
155
152
151
150
149
148
145
144
143
141
140
138
136
134
133
131
130
129
126
124
123
122
120
117
116
114
113
112
109
107
106
104
103
100
99
97
95
94
92
89
87
86
84
82
81
77
76
74
72
69
67
66
64
62
61
57
56
54
52
50
47
45
44
42
40
37
35
33
31
30
28
25
23
21
20
18
15
13
11
9
8
6
3
1
-1
-3
-5
-6
-10
-12
-13
-15
-17
-19
-22
-24
-26
-28
-29
-31
-34
-36
-38
-40
-41
-43
-47
-48
-50
-52
-53
-55
-59
-60
-62
-64
-66
-67
-71
-73
-74
-76
-78
-79
-83
-84
-86
-87
-89
-92
-93
-95
-96
-98
-99
-101
-104
-105
-107
-108
-109
-111
-114
-115
-117
-118
-120
-121
-124
-126
-127
-129
-130
-133
-134
-135
-136
-138
-140
-141
-142
-144
-145
-146
-148
-149
-150
-151
-152
-155
-156
-157
-158
-159
-160
-162
-163
-164
-165
-167
-169
-170
-170
-171
-172
-174
-175
-176
-176
-177
-178
-180
-180
-181
-182
-182
-184
-185
-185
-186
-187
-188
-188
-189
-189
-190
-191
-191
-192
-192
-193
-193
-194
-195
-195
-195
-196
-196
-197
-197
-197
-198
-198
-198
-198
-199
-199
-199
-199
-199
-199
-199
-199
-200
-200
-200
-200
-200
-200
-200
-200
-199
-199
-199
-199
-199
-199
-198
-198
-198
-197
-197
-197
-196
-196
-195
-195
-194
-194
-193
-193
-192
-191
-191
-190
-190
-189
-188
-187
-187
-186
-186
-184
-184
-183
-182
-182
-181
-179
-179
-178
-177
-176
-174
-174
-173
-172
-171
-170
-169
-167
-166
-165
-164
-163
-162
-160
-159
-157
-156
-155
-154
-152
-151
-150
-149
-147
-146
-144
-142
-141
-140
-139
-137
-135
-133
-132
-131
-129
-128
-125
-124
-122
-121
-120
-118
-115
-114
-112
-111
-109
-107
-105
-104
-102
-101
-99
-96
-94
-93
-91
-90
-88
-85
-83
-82
-81
-79
-78
-76
-75
-74
-73
-72
-71
-69
-68
-68
-67
-66
-65
-64
-63
-62
-61
-60
-60
-58
-57
-57
-56
-55
-54
-53
-52
-51
-51
-50
-49
-48
-48
-47
-47
-45
-45
-44
-44
-43
-42
-42
-41
-41
-40
-40
-39
-39
-38
-38
-38
-37
-37
-36
-36
-36
-35
-34
-34
-34
-33
-33
-32
-32
-32
-32
-31
-31
-31
-30
-30
-30
-30
-29
-29
-29
-29
-28
-28
-28
-28
-27
-27
-27
-26
-26
-26
-26
-25
-25
-25
-25
-25
-24
-24
-24
-24
-24
-23
-23
-23
-23
-23
-23
-22
-22
-22
-22
-22
-22
-22
-21
-21
-21
-21
-21
-21
-21
-21
-20
-20
-20
-20
-20
-20
-20
-19
-19
-19
-19
-19
-19
-19
-19
-19
-18
-18
-18
-18
-18
-18
-18
-18
-18
-18
-18
-18
-18
-18
-18
-18
-18
-18
-17
-17
-17
-17
-17
-17
-17
-17
-17
-17
-17
-17
-17
-17
-17
-16
-16
-16
-16
-16
-16
-16
-16
-16
-16
-16
-16
-16
-16
-16
-16
-16
-16
-16
-16
-16
-16
-16
-16
-16
-16
-16
