0
9
10
10
10
10
10
10
10
10
10
10
10
10
10
10
10
10
10
10
10
10
10
10
10
10
10
10
10
10
10
10
10
11
11
11
11
11
11
10
10
10
10
10
10
10
9
9
9
9
9
9
9
9
8
8
8
8
8
8
8
8
8
8
8
8
8
8
8
8
8
8
8
8
8
7
7
7
7
7
7
7
7
7
7
7
6
6
6
6
6
6
6
6
6
6
6
6
6
6
6
6
6
6
5
5
5
5
5
5
5
5
5
5
5
5
5
5
5
5
4
4
4
4
4
4
4
4
4
4
4
4
4
4
4
4
4
4
4
4
4
4
4
3
3
3
3
3
3
3
3
3
3
3
3
3
3
3
3
3
3
3
3
3
3
3
3
3
3
3
3
3
3
3
3
3
3
3
3
3
3
3
3
3
3
3
3
3
3
3
4
4
5
5
6
6
7
9
9
10
11
12
13
16
17
18
19
21
22
24
25
29
30
32
34
36
38
42
44
46
48
50
52
55
57
61
63
65
67
69
71
73
77
79
81
82
84
85
86
89
90
91
92
93
93
94
95
95
95
96
96
96
97
97
97
97
98
98
99
99
99
100
100
101
101
101
102
102
102
103
103
103
103
103
103
103
103
102
102
102
102
101
101
100
99
99
98
97
97
96
94
93
93
92
91
90
89
87
86
85
84
83
82
80
79
78
77
76
75
72
71
70
69
68
67
65
63
61
60
59
58
55
54
52
51
49
48
45
43
42
40
39
37
34
33
31
29
28
26
23
21
20
18
16
14
11
9
8
6
4
3
1
-3
-5
-7
-8
-10
-14
-16
-17
-19
-21
-23
-24
-28
-29
-31
-33
-34
-36
-39
-41
-43
-45
-47
-48
-52
-54
-55
-57
-59
-61
-63
-66
-68
-70
-71
-73
-75
-78
-80
-82
-83
-85
-87
-90
-92
-93
-95
-96
-98
-99
-102
-104
-105
-107
-108
-110
-111
-113
-115
-116
-117
-118
-121
-122
-123
-124
-125
-127
-129
-130
-131
-132
-133
-134
-135
-136
-137
-137
-138
-139
-140
-141
-142
-142
-143
-143
-144
-145
-146
-146
-147
-147
-148
-148
-148
-149
-149
-149
-150
-151
-151
-151
-151
-151
-151
-151
-151
-152
-152
-152
-152
-153
-153
-153
-153
-153
-152
-152
-152
-151
-151
-150
-150
-149
-148
-147
-147
-146
-145
-145
-143
-142
-141
-140
-140
-139
-137
-136
-135
-134
-133
-132
-130
-129
-128
-127
-126
-124
-123
-121
-120
-119
-118
-117
-116
-113
-112
-111
-109
-108
-107
-104
-103
-102
-100
-99
-98
-94
-93
-92
-90
-89
-87
-84
-83
-81
-80
-78
-76
-73
-71
-70
-68
-66
-64
-63
-59
-57
-55
-54
-52
-50
-46
-44
-42
-40
-39
-37
-33
-31
-29
-27
-25
-23
-19
-17
-15
-13
-11
-9
-5
-3
-1
2
4
6
10
11
13
15
17
19
21
25
27
29
31
33
35
36
40
42
44
46
48
50
53
55
57
59
61
63
66
68
70
72
74
75
79
81
82
84
86
88
91
93
94
96
98
99
101
104
105
107
108
110
111
113
115
116
117
118
121
122
123
125
126
127
127
129
130
131
132
133
134
135
136
137
138
138
140
141
141
142
142
143
144
144
144
145
145
146
146
147
147
147
147
147
147
147
147
147
147
147
147
147
147
147
147
147
146
146
146
145
145
144
144
144
143
142
142
141
141
140
139
138
138
137
137
136
135
133
133
132
131
130
129
127
126
125
124
123
122
120
119
118
117
116
114
112
111
109
108
107
106
104
102
100
99
97
96
93
92
90
89
87
86
83
81
80
78
76
75
72
70
68
66
64
63
59
57
55
54
52
50
48
44
42
40
39
37
33
31
29
27
25
24
20
18
16
14
12
11
9
5
3
1
-1
-3
-6
-8
-10
-12
-14
-16
-18
-21
-23
-25
-27
-29
-30
-32
-37
-38
-40
-42
-44
-46
-50
-52
-54
-56
-58
-60
-63
-65
-67
-69
-71
-73
-75
-76
-80
-82
-83
-85
-87
-89
-92
-93
-95
-96
-98
-101
-102
-104
-105
-107
-108
-110
-112
-113
-115
-116
-117
-119
-121
-122
-123
-124
-125
-126
-128
-130
-131
-132
-133
-133
-135
-136
-137
-138
-139
-139
-140
-141
-142
-142
-143
-143
-144
-145
-146
-146
-146
-146
-147
-147
-147
-148
-148
-148
-148
-149
-149
-149
-149
-149
-149
-149
-149
-149
-149
-149
-149
-148
-148
-148
-148
-147
-147
-146
-146
-146
-145
-145
-144
-143
-143
-142
-142
-141
-141
-140
-138
-138
-137
-136
-135
-135
-133
-132
-131
-130
-129
-127
-127
-126
-125
-124
-122
-121
-120
-118
-117
-115
-114
-113
-112
-109
-107
-106
-105
-103
-102
-99
-97
-96
-94
-93
-91
-88
-86
-85
-83
-81
-80
-76
-74
-72
-71
-69
-67
-64
-62
-60
-58
-57
-55
-51
-50
-48
-46
-44
-43
-39
-37
-35
-33
-31
-28
-26
-24
-22
-20
-18
-14
-12
-10
-8
-6
-4
0
2
4
6
7
9
13
15
17
19
21
23
25
29
31
33
35
37
39
43
45
47
49
51
53
56
58
60
62
64
66
68
71
73
75
77
79
80
82
85
87
89
90
92
94
97
98
99
101
102
103
106
108
109
111
112
113
116
117
118
120
121
122
125
126
127
128
129
130
132
132
133
134
135
136
137
138
139
139
140
141
142
143
143
144
144
145
146
146
147
147
147
148
148
148
148
148
148
149
149
149
149
149
149
149
149
149
149
149
148
148
148
147
147
147
146
146
145
145
144
143
143
142
141
140
139
139
138
137
136
135
133
132
131
130
129
128
126
125
124
123
122
121
119
117
116
115
114
112
110
108
107
105
104
103
100
98
97
95
94
92
89
88
86
85
83
82
78
77
75
73
72
70
67
65
63
61
59
57
54
52
50
48
46
44
40
39
37
35
33
29
27
26
24
22
20
16
15
13
11
9
7
5
1
-1
-2
-4
-6
-8
-12
-14
-16
-18
-20
-22
-26
-28
-30
-32
-34
-36
-38
-42
-44
-45
-47
-49
-51
-55
-57
-59
-61
-63
-65
-68
-70
-72
-74
-75
-77
-80
-82
-84
-85
-87
-88
-92
-93
-95
-97
-98
-100
-103
-105
-106
-107
-109
-110
-112
-114
-115
-116
-118
-119
-121
-122
-123
-124
-125
-126
-129
-129
-130
-131
-132
-133
-134
-135
-136
-137
-137
-138
-139
-140
-140
-141
-141
-142
-143
-144
-144
-145
-145
-146
-146
-146
-147
-147
-147
-148
-148
-148
-148
-148
-148
-148
-148
-148
-148
-148
-147
-147
-147
-146
-146
-146
-145
-145
-144
-144
-143
-143
-142
-141
-141
-141
-140
-139
-139
-138
-137
-136
-135
-134
-134
-133
-132
-130
-129
-128
-127
-126
-124
-122
-121
-120
-119
-118
-116
-114
-113
-111
-110
-108
-107
-104
-103
-102
-100
-99
-96
-95
-93
-92
-90
-89
-86
-84
-83
-81
-80
-78
-75
-74
-72
-70
-68
-67
-63
-61
-60
-58
-56
-54
-52
-49
-47
-45
-43
-41
-39
-35
-33
-32
-30
-28
-26
-22
-20
-18
-15
-11
-9
-7
-3
-1
1
3
5
7
11
13
15
16
18
20
22
26
28
30
32
34
38
40
42
44
46
48
50
53
55
57
59
61
65
66
68
70
71
73
77
78
80
82
84
85
87
90
92
93
95
97
100
101
102
104
105
108
109
110
112
113
115
116
118
119
120
122
123
124
125
127
128
129
130
131
133
134
135
136
136
137
138
139
140
140
141
142
143
143
143
144
144
144
145
146
146
146
147
147
147
147
147
147
147
147
148
148
148
148
148
148
149
149
149
149
149
149
148
147
147
146
146
146
145
144
144
143
142
142
140
140
139
138
138
137
135
135
134
133
132
130
129
128
127
126
125
124
121
120
119
118
116
115
112
111
110
108
107
106
103
101
100
98
97
95
92
90
89
87
86
84
80
79
77
75
74
72
69
67
65
63
61
59
56
54
52
50
48
47
43
41
39
37
35
33
29
27
26
24
22
20
16
15
13
11
9
7
3
1
-1
-3
-5
-7
-9
-13
-15
-17
-19
-21
-23
-27
-29
-31
-33
-34
-36
-38
-42
-44
-46
-48
-50
-52
-54
-58
-59
-61
-63
-65
-69
-70
-72
-74
-76
-78
-79
-83
-84
-86
-88
-89
-91
-93
-96
-97
-99
-101
-102
-105
-107
-108
-110
-111
-113
-115
-116
-117
-118
-119
-121
-123
-124
-125
-126
-127
-128
-130
-130
-131
-132
-133
-134
-136
-136
-137
-137
-138
-139
-140
-141
-142
-142
-143
-143
-144
-145
-146
-146
-147
-147
-148
-149
-149
-149
-149
-149
-150
-150
-150
-150
-150
-150
-150
-150
-150
-150
-150
-150
-150
-149
-149
-149
-148
-148
-148
-147
-147
-146
-146
-146
-145
-144
-143
-143
-142
-142
-141
-140
-139
-139
-138
-137
-136
-135
-134
-133
-132
-131
-130
-129
-127
-126
-125
-124
-123
-121
-120
-118
-116
-115
-114
-113
-111
-109
-107
-106
-104
-103
-102
-99
-97
-96
-94
-93
-91
-88
-86
-84
-83
-81
-79
-76
-74
-72
-71
-69
-67
-64
-62
-60
-58
-57
-55
-51
-49
-47
-46
-44
-42
-38
-36
-34
-33
-31
-27
-25
-23
-21
-19
-17
-13
-11
-10
-8
-5
-3
0
2
4
7
9
11
13
17
19
21
23
25
27
31
33
35
37
39
43
45
47
49
51
53
55
57
61
62
64
66
68
70
73
75
77
78
80
82
86
87
89
90
92
93
96
98
99
101
102
103
106
107
108
110
111
114
115
116
118
119
120
121
124
125
126
128
129
130
131
132
133
134
135
136
136
138
139
139
140
140
141
142
143
144
144
145
145
146
146
147
147
147
148
148
148
149
149
149
149
149
149
149
150
150
150
150
150
150
149
149
149
149
149
149
148
148
147
147
146
145
145
144
143
142
142
140
139
138
137
137
136
135
133
132
131
130
129
127
126
125
123
122
121
119
118
117
116
114
113
112
109
108
107
105
104
101
100
98
97
95
94
91
89
88
86
84
83
79
78
76
74
73
71
67
66
64
62
60
59
55
54
52
50
48
47
43
41
39
38
36
34
30
29
27
25
23
21
17
15
13
11
9
7
3
1
-1
-3
-5
-7
-11
-13
-15
-17
-19
-21
-24
-26
-28
-29
-31
-33
-37
-39
-40
-42
-44
-46
-50
-51
-53
-55
-57
-59
-60
-64
-66
-68
-69
-71
-73
-75
-78
-80
-82
-83
-85
-87
-90
-92
-93
-95
-97
-98
-101
-103
-104
-106
-107
-109
-112
-113
-115
-116
-117
-118
-121
-122
-123
-125
-126
-127
-128
-129
-130
-132
-133
-133
-134
-136
-136
-137
-138
-138
-140
-141
-141
-142
-142
-142
-143
-143
-144
-144
-145
-145
-146
-146
-146
-147
-147
-147
-147
-148
-148
-148
-148
-148
-148
-148
-148
-148
-148
-147
-147
-147
-146
-146
-146
-145
-145
-144
-144
-144
-143
-143
-142
-141
-141
-140
-140
-139
-138
-137
-136
-135
-135
-134
-132
-131
-130
-129
-128
-127
-126
-124
-123
-122
-121
-120
-119
-117
-116
-114
-113
-112
-111
-108
-107
-105
-104
-102
-101
-98
-97
-95
-94
-92
-91
-89
-86
-84
-83
-81
-79
-76
-74
-73
-71
-69
-67
-64
-62
-60
-59
-57
-55
-52
-50
-48
-46
-44
-40
-39
-37
-35
-33
-29
-27
-25
-23
-21
-19
-15
-13
-11
-9
-7
-5
-3
1
3
5
7
9
11
13
15
19
21
23
25
27
29
33
35
37
39
41
43
47
49
51
53
54
56
60
62
64
65
67
69
73
75
76
78
80
82
83
87
89
90
92
93
95
98
100
101
103
104
106
107
110
111
112
114
115
118
119
120
121
122
123
125
126
128
129
130
131
132
133
134
135
136
136
138
139
140
140
141
142
143
143
144
144
145
146
146
146
147
147
148
148
149
149
149
149
150
150
150
150
150
150
150
150
150
150
150
150
149
149
149
149
149
149
148
148
148
148
147
147
147
146
146
146
146
145
145
145
145
144
144
144
143
143
143
143
142
142
142
141
141
141
140
140
140
139
139
138
138
138
138
138
138
137
137
137
137
136
136
136
136
136
136
136
136
136
136
136
136
136
136
136
137
137
137
137
137
137
138
138
138
138
138
138
138
138
138
138
138
138
138
138
137
137
137
137
137
137
137
137
137
137
137
137
137
137
137
137
137
137
137
137
137
137
137
137
137
137
137
137
137
137
137
137
137
137
137
137
137
137
137
137
137
137
137
137
136
136
136
136
136
136
136
136
136
136
136
136
136
136
136
136
136
136
136
136
136
136
136
136
136
136
136
136
136
136
136
136
136
136
136
136
136
136
136
136
136
136
136
135
135
135
135
135
135
135
135
135
135
136
136
136
136
136
136
136
136
136
136
136
136
136
136
136
137
137
137
137
137
137
137
137
137
137
137
137
137
137
137
137
137
137
137
137
137
137
137
137
137
136
136
136
136
136
136
136
136
136
136
136
136
136
136
136
136
136
136
136
136
136
136
136
136
136
136
136
136
136
136
136
136
136
136
136
136
136
136
136
136
136
136
136
136
136
136
136
136
136
136
135
135
135
135
135
135
135
135
135
135
135
136
136
136
136
136
136
136
136
136
136
136
136
136
136
137
137
137
137
137
137
137
137
137
137
137
137
137
137
137
137
137
137
137
137
137
137
137
137
137
136
136
136
136
136
136
136
136
136
136
136
136
136
136
136
136
136
136
136
136
136
136
136
136
136
136
136
136
136
136
136
136
136
136
136
136
136
136
136
136
136
136
136
136
136
136
136
136
136
136
136
136
136
136
136
136
136
136
136
135
135
135
135
135
135
135
135
135
136
136
136
136
136
136
137
137
137
137
137
137
137
137
137
137
137
137
137
137
137
137
136
136
136
136
136
136
136
136
136
136
136
136
136
136
136
136
136
136
136
136
136
136
136
136
136
136
136
136
136
136
136
136
136
136
136
136
136
136
136
136
136
136
136
136
136
136
136
136
136
136
136
136
136
136
136
136
136
135
135
135
135
135
135
135
135
135
135
135
135
135
135
135
135
135
135
135
135
135
135
135
135
135
135
135
135
135
135
135
135
135
135
135
135
135
135
135
135
135
135
135
135
135
135
135
135
135
135
135
135
135
135
135
135
135
135
135
135
135
135
135
135
135
135
135
135
135
135
135
135
135
135
135
135
135
135
135
135
135
135
135
135
135
135
135
135
135
135
135
135
135
135
135
135
135
135
135
135
135
135
135
135
135
135
135
135
135
135
135
135
135
135
135
135
135
135
135
135
135
135
135
135
135
135
135
135
135
135
135
135
135
135
135
135
135
135
135
135
135
135
135
135
135
135
135
135
135
135
135
135
135
135
135
135
135
135
135
135
135
135
135
135
135
135
135
135
135
135
135
135
135
135
135
135
135
135
135
135
135
135
135
135
135
135
135
135
135
135
135
135
135
135
135
135
135
135
135
135
135
135
135
135
135
135
135
135
135
135
135
135
135
135
135
135
135
135
135
135
135
135
135
135
135
135
135
135
135
135
135
135
135
135
135
135
135
135
135
135
135
135
135
135
135
135
135
135
135
135
135
135
135
135
135
135
135
135
135
135
135
135
135
135
135
135
135
135
135
135
135
135
135
135
135
135
135
135
135
135
135
135
135
135
135
135
135
135
135
135
135
135
135
135
135
135
135
135
135
135
135
135
135
135
135
135
135
135
135
135
135
135
135
135
135
135
135
135
135
135
135
135
135
135
135
135
135
135
135
135
135
135
135
135
135
135
135
135
135
135
135
135
135
135
135
135
135
135
135
135
135
135
135
135
135
135
135
135
135
135
135
135
135
135
135
135
135
135
135
135
135
135
135
135
135
135
135
135
135
135
