0.01011
0.029903
0.030848
0.042518
0.063133
0.083775
0.104367
0.123912
0.143381
0.274237
0.504652
0.803598
1.10446
1.35723
1.41487
1.46227
1.50202
1.54249
1.58315
1.61996
1.64068
1.66536
1.68497
1.70569
1.72638
1.74699
1.76765
1.81316
1.83386
1.8545
1.87504
1.89563
1.91614
1.9368
1.96144
1.99699
2.02536
2.04596
2.0666
2.08714
2.11075
2.13137
2.15204
2.17798
2.21558
2.23621
2.26084
2.28148
2.30101
2.31279
2.3332
2.35425
2.39877
2.42202
2.44291
2.46378
2.48856
2.50956
2.53044
2.55131
2.58744
2.61979
2.64077
2.6617
2.68253
2.70328
2.7281
2.74795
2.77581
2.81307
2.83706
2.85758
2.87853
2.89938
2.92014
2.94504
2.96771
3.00989
3.03088
3.05201
3.0763
3.09718
3.11794
3.13888
3.15981
3.20224
3.2285
3.24938
3.26928
3.29421
3.31509
3.33597
3.35701
3.3896
3.42691
3.44785
3.47024
3.48455
3.49817
3.5231
3.5439
3.56652
3.6062
3.63125
3.65225
3.67323
3.69426
3.71446
3.73929
3.76015
3.8006
3.82148
3.84248
3.86748
3.88833
3.90815
3.928
3.95077
3.98723
4.00995
4.02989
4.05298
4.07126
4.0889
4.10773
4.12646
4.16428
4.19064
4.20803
4.22483
4.24636
4.26735
4.28716
4.30468
4.33087
4.36127
4.38188
4.39839
4.41962
4.43674
4.45768
4.4764
4.49966
4.53619
4.55121
4.57258
4.5859
4.60244
4.6199
4.6409
4.65899
4.69743
4.7148
4.73247
4.75458
4.77141
4.79168
4.80944
4.8282
4.86685
4.88717
4.90469
4.92239
4.94648
4.96607
4.98169
5.00056
5.03117
5.05973
5.07888
5.09568
5.11326
5.13315
5.15486
5.17249
5.19954
5.22629
5.25019
5.27001
5.28762
5.30372
5.32134
5.34297
5.36802
5.40314
5.41765
5.43691
5.45756
5.47503
5.49486
5.50911
5.5278
5.57392
5.59155
5.60742
5.61831
5.63806
5.65771
5.67774
5.69621
5.72816
5.75473
5.77244
5.79227
5.81144
5.82986
5.84963
5.86949
5.90259
5.93148
5.94809
5.96785
5.98769
6.00759
6.02787
6.0443
6.06961
6.10345
6.12728
6.14365
6.16006
6.17983
6.1996
6.22277
6.24663
6.27947
6.29835
6.32111
6.33984
6.35962
6.37923
6.40205
6.42359
6.45953
6.4821
6.49935
6.5194
6.53923
6.55786
6.57761
6.60017
6.63968
6.65782
6.67108
6.69304
6.71371
6.73349
6.75434
6.7762
6.81422
6.83633
6.8561
6.87605
6.89986
6.9207
6.94157
6.96388
6.99725
7.02567
7.04655
7.06922
7.08924
7.1122
7.13306
7.15291
7.18776
7.21664
7.24157
7.26253
7.28339
7.30428
7.32913
7.35005
7.37785
7.41139
7.43626
7.45708
7.47792
7.49878
7.51959
7.54446
7.56962
7.60579
7.62574
7.64934
7.67108
7.69215
7.71309
7.73407
7.76052
7.79731
7.81137
7.83011
7.85508
7.87619
7.89706
7.91803
7.9439
7.98412
8.00431
8.02526
8.04612
8.07088
8.0918
8.11268
8.1335
8.17256
8.20014
8.22104
8.24123
8.26165
8.28664
8.30634
8.3272
8.36274
8.38796
8.41269
8.4335
8.45431
8.47519
8.50005
8.52077
8.55226
8.58514
8.60604
8.63093
8.65176
8.67268
8.69361
8.71744
8.74426
8.77827
8.79763
8.81852
8.84341
8.8643
8.88521
8.90886
8.93495
8.96686
8.98331
9.00425
9.02521
9.05017
9.07104
9.09191
9.11281
9.1585
9.1794
9.20022
9.221
9.24189
9.26679
9.28763
9.30846
9.34558
9.37361
9.39445
9.41387
9.43464
9.45449
9.47946
9.50026
9.53883
9.56364
9.58462
9.60692
9.6277
9.64856
9.66937
9.69422
9.72803
9.75612
9.77673
9.79762
9.81818
9.84273
9.86254
9.88289
9.90917
9.94212
9.96674
9.98728
10.0079
10.0284
10.049
10.0695
10.0899
10.1251
10.1457
10.1663
10.1869
10.2075
10.2282
10.253
10.2734
10.3139
10.3347
10.3555
10.3779
10.3985
10.418
10.436
10.453
10.4885
10.5123
10.5296
10.5491
10.5678
10.5843
10.5991
10.6161
10.653
10.672
10.6894
10.709
10.7236
10.7425
10.7601
10.776
10.8047
10.8253
10.8465
10.8625
10.8797
10.8951
10.9115
10.9329
10.9645
10.9845
10.9983
11.016
11.0356
11.0533
11.0699
11.0877
11.1149
11.1309
11.1487
11.1651
11.1804
11.1985
11.2151
11.2325
11.2625
11.2833
11.3035
11.3186
11.3364
11.3528
11.3703
11.3878
11.4194
11.4393
11.4566
11.4727
11.49
11.5064
11.5244
11.5412
11.5728
11.5948
11.6148
11.6295
11.6451
11.6636
11.681
11.6995
11.734
11.7514
11.7677
11.7851
11.8036
11.8198
11.8399
11.8536
11.8828
11.905
11.9212
11.9397
11.9579
11.9756
11.9928
12.0091
12.0369
12.0565
12.0713
12.0923
12.1109
12.1284
12.1466
12.1625
12.1916
12.217
12.2355
12.2519
12.2694
12.2858
12.3059
12.3233
12.348
12.3729
12.3892
12.4065
12.424
12.4465
12.4616
12.4781
12.4997
12.5293
12.5507
12.5684
12.5829
12.5987
12.6161
12.6336
12.6618
12.6875
12.7041
12.7223
12.7397
12.7611
12.7774
12.7932
12.8113
12.8415
12.8579
12.8813
12.898
12.9131
12.9309
12.9485
12.9742
13.0011
13.0106
13.026
13.0432
13.0606
13.082
13.0997
13.1175
13.1462
13.1646
13.182
13.2037
13.2184
13.2345
13.2521
13.2717
13.3065
13.3264
13.34
13.3573
13.3757
13.3919
13.4093
13.4281
13.4603
13.4776
13.4961
13.5124
13.5315
13.5479
13.5653
13.5838
13.617
13.6334
13.6509
13.6662
13.6861
13.7011
13.7184
13.7359
13.7714
13.7868
13.8034
13.8208
13.8393
13.8569
13.8745
13.8902
13.924
13.9344
13.9522
13.9696
13.9865
14.001
14.0215
14.0389
14.073
14.0899
14.1055
14.1219
14.1423
14.1596
14.1771
14.1957
14.2232
14.2482
14.2645
14.282
14.2996
14.3152
14.3304
14.3489
14.3827
14.4034
14.4195
14.4348
14.4513
14.4676
14.4901
14.5086
14.5352
14.5534
14.572
14.5882
14.6107
14.6275
14.6427
14.6585
14.6887
14.7137
14.7317
14.7474
14.7638
14.7813
14.7988
14.8141
14.8463
14.867
14.877
14.8954
14.9106
14.928
14.9505
14.9653
14.99
15.0164
15.0351
15.0537
15.0734
15.0877
15.105
15.1215
15.1442
15.1768
15.1912
15.2082
15.2244
15.2418
15.2593
15.2775
15.3009
15.3268
15.3456
15.3641
15.3794
15.3997
15.4161
15.4345
15.4553
15.4838
15.504
15.5207
15.5393
15.5556
15.5733
15.5911
15.6155
15.6534
15.6688
15.6875
15.7041
15.7242
15.7408
15.7548
15.7743
15.8056
15.8227
15.8377
15.8522
15.8704
15.8866
15.9051
15.9255
15.9569
15.973
15.9893
16.0057
16.0241
16.0455
16.0601
16.0778
16.1101
16.1275
16.1427
16.1641
16.1794
16.1956
16.2127
16.2292
16.2699
16.2871
16.3044
16.3197
16.3383
16.3569
16.3753
16.3909
16.4221
16.4406
16.4591
16.4755
16.4961
16.5124
16.5307
16.5458
16.5775
16.5984
16.6172
16.6346
16.6531
16.6695
16.6904
16.7062
16.7396
16.7542
16.7705
16.788
16.8051
16.8208
16.84
16.8583
16.8865
16.9105
16.9244
16.9417
16.9619
16.9807
16.9971
17.0153
17.0436
17.0685
17.0838
17.1025
17.1228
17.1374
17.1535
17.1721
17.2026
17.2241
17.2425
17.2565
17.2733
17.2947
17.3142
17.331
17.3578
17.38
17.3984
17.4208
17.4372
17.455
17.4687
17.485
17.5064
17.5401
17.5554
17.5725
17.5891
17.6075
17.6238
17.6453
17.6677
17.6943
17.7072
17.7253
17.7398
17.7593
17.7763
17.7935
17.8234
17.8479
17.8652
17.8795
17.8969
17.9133
17.9358
17.9558
17.9755
18.0035
18.0208
18.0423
18.0586
18.0753
18.0914
18.1077
18.1287
18.1622
18.1802
18.1937
18.2121
18.2284
18.2459
18.2679
18.2879
18.3172
18.3337
18.3535
18.373
18.3904
18.406
18.4222
18.4415
18.4721
18.4936
18.5114
18.5263
18.5435
18.5597
18.5771
18.6024
18.6315
18.647
18.6617
18.6742
18.6905
18.7107
18.7268
18.7435
18.7761
18.7936
18.8121
18.8327
18.8501
18.8635
18.8811
18.8985
18.9324
18.9539
18.9678
18.9853
19.003
19.0193
19.04
19.0563
19.0885
19.1075
19.1251
19.1405
19.1632
19.183
19.1972
19.2152
19.2534
19.2699
19.2893
19.3054
19.3205
19.3401
19.3587
19.3753
19.4116
19.4274
19.4437
19.4612
19.48
19.5023
19.5184
19.5338
19.5678
19.5855
19.606
19.6195
19.6347
19.6503
19.666
19.6876
19.7227
19.7398
19.7552
19.7733
19.7938
19.8103
19.8291
19.849
19.8826
19.8992
19.9168
19.9344
19.9561
19.9716
19.9891
20.0045
20.0427
20.0622
20.0786
20.0948
20.1122
20.1341
20.1517
20.1701
20.2022
20.221
20.2385
20.2599
20.2797
20.2927
20.3087
20.3272
20.3589
20.3825
20.3995
20.4151
20.4336
20.4522
20.4686
20.491
20.5225
20.5458
20.5654
20.5785
20.5939
20.6151
20.6327
20.6499
20.674
20.707
20.7257
20.7424
20.7595
20.7792
20.7967
20.8142
20.8372
20.8727
20.8899
20.9074
20.927
20.9455
20.9671
20.9833
21.0023
21.0385
21.0571
21.0759
21.0943
21.1117
21.1313
21.1498
21.1672
21.207
21.2285
21.2474
21.266
21.2864
21.3064
21.3251
21.3428
21.3816
21.401
21.4207
21.4395
21.4593
21.4779
21.4994
21.5171
21.5508
21.5754
21.593
21.6112
21.6281
21.644
21.6616
21.6778
21.701
21.7431
21.7609
21.7768
21.794
21.8123
21.8309
21.8514
21.8667
21.9037
21.9387
21.9583
21.9768
21.9985
22.0134
22.033
22.0504
22.07
22.1085
22.1326
22.1532
22.1707
22.1891
22.2065
22.2261
22.2416
22.2677
22.3072
22.3267
22.3468
22.3623
22.3785
22.4009
22.4183
22.4345
22.4681
22.5035
22.5249
22.5452
22.5648
22.5843
22.5991
22.6157
22.6342
22.6657
22.6936
22.7109
22.7275
22.7447
22.7622
22.7846
22.803
22.8225
22.862
22.8942
22.9145
22.9323
22.9487
22.9666
22.9855
23.0081
23.0309
23.0691
23.092
23.1094
23.1267
23.1481
23.1668
23.1829
23.2003
23.2305
23.2698
23.3017
23.3183
23.3368
23.3552
23.3725
23.3919
23.4127
23.4346
23.4737
23.4941
23.5125
23.5298
23.5479
23.5672
23.5846
23.6041
23.6343
23.6725
23.692
23.71
23.7285
23.7426
23.7593
23.7738
23.7891
23.8277
23.864
23.8848
23.9014
23.9209
23.9407
23.9595
23.9796
23.9953
24.0374
24.064
24.0824
24.1019
24.1195
24.1365
24.1539
24.1763
24.2005
24.2378
24.2603
24.2787
24.2972
24.3208
24.3381
24.3566
24.3751
24.4099
24.4425
24.4592
24.4788
24.4973
24.5158
24.5354
24.5527
24.5772
24.6158
24.6342
24.655
24.6718
24.6887
24.7123
24.7307
24.7503
24.7849
24.8208
24.8545
24.8838
24.9014
24.922
24.9392
24.9558
24.9753
24.9967
25.0237
25.0551
25.0736
25.0921
25.1106
25.1331
25.1521
25.1701
25.1875
25.226
25.2508
25.2704
25.2861
25.3036
25.321
25.3406
25.363
25.3958
25.4211
25.4397
25.4593
25.4768
25.4982
25.5162
25.533
25.5571
25.5985
25.6232
25.6449
25.6634
25.6811
25.6948
25.7113
25.7311
25.7568
25.7957
25.8147
25.8314
25.8483
25.8646
25.882
25.8973
25.9156
25.9392
25.969
25.986
26.0024
26.0198
26.0366
26.0522
26.0681
26.0941
26.1257
26.1421
26.1585
26.1782
26.1928
26.2102
26.2265
26.243
26.2787
26.2954
26.3123
26.3277
26.3439
26.3605
26.3782
26.3975
26.4343
26.4515
26.4661
26.4813
26.4975
26.5188
26.5351
26.5516
26.5819
26.6133
26.6304
26.6467
26.664
26.6792
26.6955
26.7129
26.7285
26.7623
26.7903
26.8066
26.8229
26.8349
26.8541
26.8677
26.8819
26.898
26.9337
26.9501
26.9693
26.9855
27.0012
27.0158
27.0311
27.046
27.0842
27.1042
27.1218
27.1389
27.1519
27.1667
27.1858
27.202
27.229
27.2568
27.2707
27.288
27.3054
27.3207
27.3371
27.3534
27.3739
27.4113
27.4245
27.4416
27.4579
27.4742
27.4906
27.5095
27.5239
27.5572
27.5789
27.5937
27.6141
27.6305
27.6475
27.6621
27.6775
27.7011
27.73
27.7463
27.7586
27.7719
27.7878
27.8023
27.8188
27.8419
27.8707
27.8874
27.9058
27.921
27.9358
27.9498
27.9662
27.9831
28.0194
28.0356
28.0509
28.0673
28.0821
28.097
28.1138
28.1322
28.1636
28.18
28.1975
28.2121
28.228
28.2443
28.2607
28.2772
28.3116
28.3297
28.3444
28.3607
28.3772
28.3969
28.4136
28.4294
28.4639
28.4806
28.4986
28.5152
28.5331
28.5476
28.5645
28.5811
28.6144
28.6343
28.653
28.6644
28.6759
28.6933
28.7109
28.7315
28.7627
28.7811
28.7957
28.8122
28.8339
28.8515
28.8702
28.8848
28.9136
28.9408
28.9575
28.9774
28.9933
29.0104
29.0249
29.041
29.0701
29.0976
29.1123
29.1267
29.1443
29.161
29.1838
29.2003
29.2264
29.2507
29.2714
29.2891
29.3075
29.3204
29.3344
29.355
29.3801
29.4051
29.421
29.4351
29.455
29.4725
29.4877
29.5039
29.5271
29.553
29.5734
29.5857
29.5998
29.6182
29.6332
29.6521
29.6753
29.7017
29.7213
29.7366
29.755
29.7714
29.79
29.8085
29.8329
29.8581
29.8766
29.8941
29.9116
29.9322
29.9463
29.9628
29.9869
30.0133
30.0341
30.0513
30.067
30.0845
30.102
30.1196
30.1444
30.1713
30.1887
30.206
30.2234
30.2398
30.2607
30.2756
30.2997
30.3279
30.3433
30.3629
30.3808
30.3985
30.415
30.4326
30.4532
30.4858
30.5012
30.5154
30.5288
30.5451
30.5627
30.5826
30.6034
30.6315
30.6489
30.6674
30.6881
30.7024
30.7196
30.738
30.7565
30.792
30.8104
30.8267
30.844
30.8614
30.8788
30.8941
30.9139
30.9473
30.9647
30.9831
30.9995
31.016
31.0357
31.0513
31.0687
31.1031
31.1195
31.1399
31.1541
31.1714
31.1877
31.2062
31.2225
31.2576
31.2733
31.2897
31.3082
31.3246
31.3421
31.3593
31.3761
31.4102
31.4286
31.4472
31.4608
31.4737
31.4919
31.5093
31.5258
31.5553
31.5763
31.5917
31.6121
31.6274
31.6459
31.6643
31.6789
31.709
31.7322
31.7497
31.767
31.7827
31.799
31.8154
31.8358
31.8667
31.8852
31.9021
31.9185
31.9411
31.9586
31.9772
31.9925
32.0203
32.0456
32.0626
32.0823
32.0984
32.1129
32.1294
32.1521
32.1849
32.2034
32.2179
32.2338
32.2512
32.2726
32.2905
32.3057
32.3359
32.3582
32.3818
32.3988
32.4113
32.4239
32.4409
32.4584
32.4905
32.5128
32.5293
32.547
32.5665
32.5827
32.6051
32.6206
32.6463
32.6715
32.6946
32.7136
32.7317
32.7479
32.7664
32.7838
32.8128
32.8388
32.8557
32.8723
32.894
32.9126
32.929
32.9447
32.9653
32.9976
33.0192
33.0361
33.0525
33.0701
33.0915
33.1088
33.1294
33.1584
33.175
33.1928
33.2145
33.2336
33.2501
33.2688
33.2862
33.3234
33.3421
33.3573
33.3711
33.3861
33.4027
33.4205
33.4389
33.4708
33.4918
33.5091
33.5278
33.5458
33.5613
33.5805
33.5992
33.6345
33.654
33.6699
33.6873
33.7061
33.7226
33.7402
33.7599
33.7947
33.8129
33.8293
33.8482
33.8655
33.8832
33.901
33.9166
33.9565
33.9723
33.9882
34.0066
34.023
34.0397
34.0623
34.0774
34.1106
34.1271
34.1486
34.1665
34.1816
34.1968
34.214
34.2328
34.2713
34.2881
34.304
34.3197
34.3376
34.3527
34.3696
34.384
34.4183
34.4395
34.4561
34.4744
34.4895
34.5051
34.5212
34.5429
34.5776
34.5933
34.6089
34.6306
34.6483
34.6656
34.6808
34.6963
34.7337
34.7503
34.7669
34.7855
34.8025
34.8217
34.8393
34.8556
34.8914
34.9067
34.9261
34.9436
34.9603
34.98
34.9939
35.0128
35.0463
35.062
35.0829
35.0987
35.1143
35.1309
35.1506
35.171
35.2027
35.2213
35.2366
35.2544
35.2772
35.2902
35.3035
35.3191
35.3562
35.3735
35.3935
35.4083
35.4225
35.441
35.4615
35.4789
35.5139
35.5269
35.5432
35.5616
35.5815
35.5999
35.6167
35.6306
35.6629
35.6791
35.6995
35.718
35.7345
35.7505
35.7668
35.7841
35.823
35.8397
35.8556
35.8708
35.8879
35.9052
35.9215
35.9426
35.9734
35.9898
36.0082
36.0245
36.0459
36.0619
36.0782
36.0955
36.1258
36.1475
36.1661
36.1819
36.1992
36.2133
36.2288
36.2437
36.277
36.2996
36.318
36.3364
36.3527
36.3729
36.3871
36.4056
36.4272
36.4557
36.4766
36.4933
36.5096
36.528
36.5453
36.5616
36.5843
36.6134
36.6307
36.6482
36.6644
36.6828
36.7008
36.7174
36.7374
36.768
36.7876
36.8067
36.8225
36.8406
36.859
36.8754
36.8979
36.9277
36.9421
36.9622
36.9806
36.9979
37.0147
37.0306
37.0468
37.0822
37.1025
37.1199
37.1352
37.1536
37.1688
37.1829
37.1971
37.2362
37.2535
37.2696
37.286
37.3044
37.3229
37.3426
37.3597
37.392
37.4104
37.4267
37.4452
37.4644
37.4807
37.497
37.5154
37.5487
37.5688
37.5843
37.6016
37.6179
37.6362
37.6547
37.6699
37.7034
37.7244
37.7429
37.759
37.7801
37.796
37.8128
37.8324
37.8658
37.8875
37.9011
37.9182
37.9415
37.9578
37.9733
37.9912
38.0217
38.0423
38.0637
38.081
38.1003
38.114
38.1297
38.1421
38.1769
38.2003
38.2147
38.2308
38.2472
38.2667
38.283
38.3052
38.335
38.3567
38.373
38.3914
38.4109
38.4294
38.4461
38.4624
38.4868
38.516
38.5356
38.5494
38.5668
38.5853
38.6013
38.6203
38.6417
38.6721
38.6914
38.7078
38.7262
38.7439
38.7601
38.777
38.8009
38.8317
38.848
38.8677
38.8846
38.9031
38.9199
38.9366
38.9596
38.9894
39.007
39.0236
39.0424
39.0641
39.0807
39.0931
39.1081
39.1405
39.1633
39.1811
39.1975
39.2123
39.2282
39.2512
39.2717
39.3024
39.3207
39.3391
39.3555
39.3742
39.3919
39.4098
39.4338
39.4652
39.4818
39.4984
39.5189
39.5329
39.5518
39.5673
39.5954
39.6242
39.6397
39.6576
39.6792
39.6959
39.7137
39.7298
39.7487
39.7848
39.8024
39.8202
39.8354
39.8517
39.8704
39.8891
39.9126
39.9408
39.9564
39.9753
39.9919
40.0094
40.0271
40.0428
40.0594
40.0898
40.1075
40.1252
40.1458
40.1635
40.1784
40.1963
40.2241
40.2525
40.2694
40.2852
40.3021
40.3249
40.3403
40.358
40.3805
40.4106
40.4271
40.4448
40.4624
40.4826
40.4986
40.5162
40.5378
40.5685
40.5859
40.6041
40.6219
40.6385
40.657
40.6744
40.6945
40.7256
40.7412
40.7626
40.7799
40.7983
40.8136
40.83
40.846
40.885
40.9028
40.9191
40.9384
40.9548
40.9701
40.986
41.0012
41.0351
41.0556
41.0702
41.0862
41.1076
41.1259
41.1454
41.1615
41.1938
41.2098
41.2273
41.2483
41.2667
41.2828
41.2994
41.3178
41.3509
41.3766
41.3934
41.4082
41.4255
41.4429
41.4602
41.4805
41.5115
41.5361
41.5534
41.5696
41.5859
41.6095
41.6269
41.6442
41.6717
41.7005
41.719
41.7385
41.7556
41.7718
41.7892
41.8076
41.831
41.8673
41.8847
41.9036
41.9222
41.9417
41.9609
41.9758
41.9888
42.0258
42.0471
42.0681
42.0841
42.1044
42.1215
42.1409
42.1604
42.191
42.216
42.2345
42.2569
42.2753
42.2953
42.3111
42.3304
42.3532
42.3903
42.4109
42.4264
42.446
42.4644
42.4817
42.5053
42.5265
42.5621
42.5819
42.6005
42.618
42.6375
42.66
42.6784
42.6981
42.7364
42.7662
42.7858
42.8053
42.8248
42.8421
42.8615
42.8804
42.9055
42.9458
42.967
42.9857
43.0042
43.0205
43.0346
43.0529
43.067
