0
0
0
0
0
0
0
0
0
0
0
0
0
0
0
0
0
0
0
0
0
0
0
0
0
0
0
0
0
0
0
0
0
0
0
0
0
0
0
0
0
0
0
0
0
0
0
0
0
0
0
0
0
0
0
0
0
0
0
0
0
0
0
0
0
0
0
0
0
0
0
0
0
0
0
0
0
0
0
0
0
0
0
0
0
0
0
0
0
0
0
0
0
0
0
0
0
0
0
0
0
0
0
0
0
0
0
0
0
0
0
0
0
0
0
0
0
0
0
0
0
0
0
0
0
0
0
0
0
0
0
0
0
0
0
0
0
0
0
0
0
0
0
0
0
0
0
0
0
0
0
0
0
0
0
0
0
0
0
0
0
0
0
0
0
0
0
0
0
0
0
0
0
0
0
0
0
0
0
0
0
0
0
0
0
0
0
0
0
0
0
0
0
0
0
0
0
0
0
0
0
0
0
0
0
0
0
0
0
0
0
0
0
0
0
0
0
0
0
0
0
0
0
0
0
0
0
0
0
0
0
0
0
0
0
0
0
0
0
0
0
0
0
0
0
0
0
0
0
0
0
0
0
0
0
0
0
0
0
0
0
0
0
0
0
0
0
0
0
0
0
0
0
0
0
0
0
0
0
0
0
0
0
0
0
0
0
0
0
0
0
0
0
0
0
0
0
0
0
0
0
0
0
0
0
0
0
0
0
0
0
0
0
0
0
0
0
0
0
0
0
0
0
0
0
0
0
0
0
0
0
0
0
0
0
0
0
0
0
0
0
0
0
0
0
0
0
0
0
0
0
0
0
0
0
0
0
0
0
0
0
0
0
0
0
0
0
0
0
0
0
0
0
0
0
0
0
0
0
0
0
0
0
0
0
0
0
0
0
0
0
0
0
0
0
0
0
0
0
0
0
0
0
0
0
0
0
0
0
0
0
0
0
0
0
0
0
0
0
0
0
0
0
0
0
0
0
0
0
0
0
0
0
0
0
0
0
0
0
0
0
0
0
0
0
0
0
0
0
0
0
0
0
0
0
0
0
0
0
0
0
0
0
0
0
0
0
0
0
0
0
0
0
0
0
0
0
0
0
0
0
0
0
0
0
0
0
0
0
0
0
0
0
0
0
0
0
0
0
0
0
0
0
0
0
0
0
0
0
0
0
0
0
0
0
0
0
0
0
0
0
0
0
0
0
0
0
0
0
0
0
0
0
0
0
0
0
0
0
0
0
0
0
0
0
0
0
0
0
0
0
0
0
0
0
0
0
0
0
0
0
0
0
0
0
0
0
0
0
0
0
0
0
0
0
0
0
0
0
0
0
0
0
0
0
0
0
0
0
0
0
0
0
0
0
0
0
0
0
0
0
0
0
0
0
0
0
0
0
0
0
0
0
0
0
0
0
0
0
0
0
0
0
0
0
0
0
0
0
0
0
0
0
0
0
0
0
0
1
1
2
2
2
2
2
2
2
2
2
2
2
2
2
2
2
2
2
3
3
3
3
3
4
4
4
4
5
5
5
5
6
6
6
6
7
8
8
8
9
9
9
10
11
11
11
12
12
13
14
14
15
15
16
17
17
18
18
19
20
21
21
22
23
24
25
25
26
27
27
28
29
30
30
31
31
32
33
34
34
35
36
36
37
38
38
39
40
41
42
42
43
45
45
46
47
48
49
50
51
52
53
53
55
56
56
57
58
59
60
61
62
63
64
65
65
66
67
68
69
70
71
72
73
74
75
76
77
78
80
81
81
82
83
85
86
87
87
88
90
91
91
92
93
94
96
97
98
98
99
101
102
103
104
105
106
108
109
110
111
112
113
114
115
116
117
118
120
121
122
123
124
126
127
128
129
130
132
133
134
135
136
137
139
140
141
142
143
145
146
147
148
149
150
152
153
154
155
156
157
159
161
162
163
165
166
168
169
171
172
173
176
177
179
180
181
183
184
187
188
189
191
192
195
196
197
198
199
201
203
204
205
206
208
209
211
212
212
213
214
215
216
217
218
219
220
221
222
223
224
225
226
228
229
230
231
233
234
235
237
238
239
240
241
244
245
246
246
247
249
250
251
252
252
253
255
256
257
257
258
260
261
262
263
264
265
266
267
268
269
270
271
273
274
275
276
276
278
279
280
281
281
283
284
285
286
286
288
289
290
290
291
292
293
295
296
297
297
298
300
301
302
302
303
304
306
306
307
308
309
310
311
312
313
314
314
316
317
317
318
319
320
321
322
323
324
324
326
327
327
328
329
330
331
332
333
333
335
335
336
337
338
338
340
341
341
342
343
343
345
346
346
347
348
348
350
351
351
352
353
354
355
355
356
356
357
358
359
360
360
361
361
363
363
364
364
365
366
366
367
367
368
368
369
370
370
371
371
372
372
373
374
374
375
375
376
377
377
378
378
379
379
380
380
381
381
381
382
382
383
383
384
384
385
385
386
386
386
387
388
388
389
389
390
390
391
391
391
390
390
389
389
389
388
388
388
387
387
387
386
386
386
385
385
385
385
385
384
384
384
384
384
383
383
383
383
383
383
383
383
383
382
382
382
382
382
382
382
382
381
381
381
381
381
381
381
381
381
380
380
380
380
380
380
380
379
379
379
379
379
378
378
378
378
378
377
377
377
376
376
375
375
375
374
374
374
373
373
372
372
372
371
371
371
370
370
369
369
368
368
367
367
366
365
365
364
364
363
362
362
361
361
360
359
359
359
358
358
356
356
355
355
354
353
352
352
351
350
349
348
348
347
346
345
344
344
343
342
342
340
340
339
338
338
337
336
335
334
333
333
332
330
330
329
328
327
326
325
324
323
323
321
320
319
319
318
317
315
314
314
313
312
310
310
309
308
307
306
304
303
303
302
301
300
299
298
297
296
295
294
293
292
291
291
290
288
287
287
286
285
284
283
282
281
281
279
278
278
277
277
275
275
274
273
273
272
271
271
270
270
269
268
268
267
267
266
265
265
264
264
264
263
263
263
262
262
262
262
262
262
262
262
262
261
261
261
261
261
261
261
261
260
260
260
259
258
258
257
257
256
256
255
254
254
253
253
253
252
251
251
250
250
249
248
248
247
247
247
246
245
245
244
244
243
243
242
242
241
241
240
240
240
240
239
239
239
239
239
238
238
237
237
236
236
235
234
233
233
232
231
230
229
229
227
226
225
224
223
222
219
218
217
216
214
213
211
208
207
205
204
202
201
197
195
194
192
190
188
185
183
181
179
176
174
170
168
166
164
162
160
158
154
152
150
148
146
145
143
141
137
135
133
132
130
128
124
122
120
119
117
113
111
110
108
107
103
102
100
98
97
95
94
91
90
89
88
86
85
83
82
81
80
79
77
76
75
74
73
72
71
70
69
68
67
66
66
65
65
64
63
62
62
61
60
60
59
58
58
57
56
56
55
54
54
53
52
52
51
50
50
49
49
47
47
46
46
45
45
43
43
42
42
41
40
39
39
38
38
36
36
35
35
34
33
32
32
31
31
30
29
28
28
27
27
26
25
24
24
23
23
22
21
21
20
20
19
18
18
18
17
17
16
16
15
15
14
14
13
13
12
12
11
11
10
10
9
9
9
8
7
7
7
6
6
7
7
7
8
8
9
9
9
10
10
10
11
11
11
12
12
13
14
15
15
14
14
12
12
11
10
9
8
7
6
5
5
4
3
2
2
1
1
0
-1
-1
-2
-2
-2
-2
-1
-1
-1
-1
-1
0
0
0
0
0
0
0
0
0
1
1
1
1
1
2
2
2
2
2
3
3
3
3
3
3
4
4
4
4
4
4
5
5
5
5
5
5
5
5
5
6
6
6
6
6
6
6
7
7
7
7
7
7
7
8
8
8
8
8
9
9
9
9
10
10
10
11
11
11
12
12
13
13
14
14
15
15
16
17
17
18
18
19
20
20
21
21
22
23
23
24
25
25
26
27
27
28
28
29
30
31
31
32
32
33
34
34
35
36
37
37
38
39
39
40
41
42
43
44
45
46
47
48
48
49
51
51
52
53
54
55
56
57
57
58
60
60
61
62
62
63
65
66
66
67
68
70
70
71
72
73
74
76
77
78
79
79
81
82
83
84
85
85
87
88
89
90
91
92
93
94
95
96
97
99
100
101
101
102
104
105
106
107
108
109
111
112
113
114
115
116
118
119
120
121
121
123
124
125
126
127
129
130
131
132
133
135
136
137
138
139
141
143
144
145
146
147
149
150
152
153
154
155
158
159
160
161
162
164
166
168
169
171
172
173
176
178
179
180
182
183
185
186
187
188
189
190
191
192
193
193
194
195
195
197
198
199
200
201
202
204
205
206
207
208
210
212
213
215
216
217
219
220
221
222
223
224
226
227
228
229
230
231
232
233
234
235
236
237
239
240
241
242
244
245
247
248
249
250
251
254
255
256
257
258
259
260
261
262
263
264
265
266
267
268
269
269
271
272
273
274
275
276
278
279
280
281
282
283
285
286
287
288
288
289
290
292
293
294
294
295
297
297
298
299
300
301
302
303
304
305
306
307
308
309
310
311
313
314
314
315
316
317
318
319
320
321
321
322
323
324
325
325
326
328
328
329
330
331
333
333
334
335
336
337
338
339
340
341
342
343
343
344
345
346
346
347
348
348
349
349
350
351
352
352
353
353
354
355
356
357
357
358
359
360
361
361
362
362
363
364
364
365
365
366
366
367
367
367
368
368
368
369
370
370
371
371
372
373
373
374
374
374
375
376
376
377
377
378
378
378
379
379
379
380
380
381
381
381
382
382
382
382
381
381
381
380
380
379
379
379
378
378
378
377
377
377
376
376
376
376
376
376
376
376
376
376
376
376
376
376
376
376
376
376
376
376
376
376
375
375
375
375
375
375
375
375
375
375
374
374
374
374
373
373
373
373
372
372
372
371
371
371
370
370
370
370
369
369
368
368
368
367
367
366
366
365
365
364
364
363
363
362
362
361
360
360
360
359
359
358
357
356
356
355
355
354
353
352
351
351
350
350
348
348
347
346
346
344
343
343
342
341
340
339
338
337
336
335
334
333
332
331
330
329
327
326
325
324
323
322
321
320
319
318
317
314
314
312
311
310
309
307
306
305
304
303
301
299
298
297
295
294
292
291
290
288
287
285
284
283
282
280
279
278
276
275
273
272
271
270
269
266
265
264
263
261
260
258
257
256
254
253
252
250
248
247
246
245
244
242
241
240
239
238
238
237
235
235
234
234
233
233
233
234
234
234
235
235
235
236
236
236
236
236
236
236
237
237
237
238
238
238
239
239
240
240
240
241
242
242
243
243
243
244
245
246
246
247
247
248
249
250
251
251
252
253
254
255
256
256
257
259
259
260
261
262
261
259
258
257
256
255
254
252
251
250
248
247
246
244
243
242
241
240
239
238
237
236
235
235
233
232
231
230
229
228
227
225
223
222
221
219
218
217
215
212
211
210
208
207
205
204
202
200
199
198
197
195
194
191
190
189
187
186
183
181
180
179
177
176
173
171
170
168
167
164
162
161
159
158
156
154
151
150
148
147
145
144
141
139
138
136
135
133
130
129
127
126
124
123
120
119
118
116
115
112
111
109
108
106
104
103
100
98
96
95
93
90
88
87
86
84
83
81
79
77
76
74
73
70
69
67
66
64
61
60
58
57
56
54
53
50
49
47
46
44
42
40
39
38
36
35
32
31
29
28
27
24
23
21
20
18
17
14
13
12
10
9
8
6
3
2
0
-1
-3
-5
-7
-8
-10
-11
-12
-15
-16
-18
-19
-20
-23
-24
-26
-27
-28
-31
-32
-33
-34
-35
-37
-38
-40
-42
-43
-44
-45
-47
-49
-50
-51
-52
-54
-56
-57
-58
-60
-61
-63
-64
-66
-67
-68
-69
-72
-73
-74
-75
-76
-79
-80
-81
-82
-83
-85
-86
-87
-88
-89
-90
-92
-93
-94
-95
-96
-98
-99
-100
-100
-101
-102
-104
-105
-106
-107
-108
-110
-111
-112
-113
-113
-115
-116
-117
-118
-119
-119
-121
-122
-122
-123
-124
-126
-126
-127
-128
-129
-129
-131
-132
-132
-133
-134
