0
0
0
0
0
0
0
0
0
0
0
0
0
0
0
0
0
0
0
0
0
0
0
0
0
0
0
0
0
0
0
0
0
0
1
1
2
2
3
3
4
5
6
7
8
9
10
11
12
13
14
16
17
18
19
20
21
21
23
24
25
26
26
27
29
30
30
31
32
33
34
35
36
37
38
39
40
41
42
43
44
45
46
47
48
49
49
51
51
52
53
54
54
55
57
58
58
59
60
61
62
63
64
65
66
67
68
69
71
72
72
73
74
76
77
78
79
80
82
84
85
86
87
88
89
90
93
94
95
96
97
98
100
102
103
105
106
107
109
110
112
113
115
116
117
119
120
121
122
124
125
127
128
129
130
131
134
135
136
137
138
139
142
143
144
145
147
149
150
151
152
153
154
156
157
158
159
160
162
163
164
165
166
167
169
170
171
172
173
175
176
177
179
180
181
183
184
185
186
187
189
190
191
192
193
194
195
197
198
199
200
201
202
203
206
207
208
209
210
211
214
215
216
217
218
219
220
223
224
225
226
227
230
231
232
233
235
236
237
240
241
242
244
245
247
248
249
252
254
255
256
258
259
262
263
264
265
267
268
269
272
273
275
276
278
280
282
283
284
286
287
289
291
293
294
296
297
299
301
303
304
305
307
309
311
312
313
315
316
319
320
321
323
324
325
328
330
331
332
334
335
338
340
341
343
344
345
348
350
351
352
354
356
358
359
360
361
363
365
367
368
369
371
372
374
376
377
378
379
382
383
384
386
387
389
391
392
393
394
397
398
399
400
401
404
405
406
407
408
409
410
413
414
415
416
417
418
420
421
422
423
424
426
427
428
429
430
431
433
434
435
435
436
438
439
440
441
441
442
444
445
446
446
447
448
450
451
451
452
453
455
455
456
457
457
459
460
460
461
462
463
464
465
465
466
467
468
469
470
471
471
472
473
474
475
476
476
477
478
479
480
480
481
482
483
484
485
486
486
488
489
489
490
491
492
493
494
494
495
497
497
498
499
499
500
501
502
503
503
505
505
506
507
508
508
510
511
511
512
513
514
515
516
517
518
519
520
521
522
523
524
525
526
527
528
528
529
531
532
532
533
534
536
536
537
538
539
540
542
542
543
544
545
546
548
549
550
551
552
553
554
555
556
557
559
560
561
562
562
563
565
566
567
568
569
570
572
572
573
574
575
576
577
579
580
581
582
583
583
585
586
587
588
589
589
590
592
593
593
594
595
596
597
598
598
599
600
601
602
602
603
604
604
606
607
607
608
609
609
611
611
612
613
614
614
616
616
617
618
619
619
621
621
622
623
623
625
626
626
627
628
630
630
631
632
633
634
635
636
637
638
639
640
641
643
644
645
646
647
648
649
651
652
652
653
653
654
654
654
654
654
654
655
655
655
656
656
656
657
657
658
659
660
660
661
662
662
664
664
665
666
666
668
669
669
670
670
670
671
672
672
673
673
674
675
675
676
676
677
677
678
678
679
680
680
681
681
681
682
682
683
683
684
684
685
685
685
686
686
686
687
687
687
688
688
688
689
689
689
689
690
690
690
690
691
691
691
691
692
692
692
692
692
693
693
693
693
693
693
693
694
694
694
694
694
694
694
695
695
695
695
695
695
695
695
696
696
696
696
696
696
696
696
696
697
697
697
697
697
697
697
697
697
697
697
697
697
697
697
697
697
697
697
698
698
698
698
698
698
698
698
698
698
698
698
698
698
698
698
698
698
698
698
698
698
698
699
699
699
699
699
699
699
699
699
699
699
699
699
699
699
699
699
699
699
699
699
699
699
699
699
699
699
699
699
699
699
699
699
699
699
699
699
699
699
699
699
699
699
699
699
699
699
699
699
699
699
699
699
699
699
699
699
699
699
699
699
699
699
699
699
699
699
699
699
699
699
699
699
699
699
699
699
699
699
699
699
699
699
699
699
699
699
699
699
699
699
699
699
699
699
699
699
699
699
699
699
699
699
699
699
699
699
699
699
699
699
699
699
699
699
699
699
699
699
699
699
699
699
699
699
699
699
699
699
699
699
699
699
699
699
699
699
699
699
699
699
699
699
699
699
699
699
699
699
699
699
699
699
699
699
699
699
699
699
699
699
699
699
699
699
699
699
699
699
699
699
699
699
699
699
699
699
699
699
699
699
699
699
699
699
699
699
699
699
699
699
699
699
699
699
699
699
699
699
699
699
699
699
699
699
699
699
699
699
699
699
699
699
699
699
699
699
699
699
699
699
699
699
699
699
699
699
699
699
699
699
699
699
699
699
699
699
699
699
699
699
699
699
699
699
699
699
699
699
699
699
699
699
699
699
699
699
699
699
699
699
699
699
699
699
699
699
699
699
699
699
699
699
699
699
699
699
699
699
699
699
699
699
699
699
699
699
699
699
699
699
699
699
699
699
699
699
699
699
699
699
699
699
699
699
699
699
699
699
699
699
699
699
699
699
699
699
699
699
699
699
699
699
699
699
699
699
699
699
699
699
699
699
699
699
699
699
699
699
699
699
699
699
699
699
699
699
699
699
699
699
699
699
699
699
699
699
699
699
699
699
699
699
699
699
699
699
699
699
699
699
699
699
699
699
699
699
699
699
699
699
699
699
699
699
699
699
699
699
699
699
699
699
699
699
699
699
699
699
699
699
699
699
699
699
699
699
699
699
699
699
699
699
