0.01137
0.051885
0.197583
0.41111
0.62928
0.982969
1.26469
1.32709
1.3674
1.40773
1.44766
1.48214
1.51654
1.55684
1.59721
1.63754
1.67783
1.71812
1.75841
1.79867
1.83896
1.87924
1.91953
1.95986
2.00817
2.04843
2.08875
2.129
2.16933
2.20961
2.25788
2.29814
2.33843
2.37867
2.41432
2.44916
2.48944
2.52973
2.56061
2.60019
2.64045
2.68417
2.71884
2.75915
2.79945
2.83972
2.87295
2.91005
2.94038
2.9807
3.02104
3.06421
3.09156
3.13187
3.18015
3.2204
3.2547
3.29094
3.33124
3.37333
3.41504
3.44405
3.47438
3.51482
3.5554
3.59598
3.6315
3.66704
3.70198
3.74233
3.78258
3.81413
3.85306
3.89338
3.93437
3.97245
4.00767
4.03466
4.08276
4.12305
4.16382
4.19422
4.22449
4.26454
4.30485
4.34513
4.37641
4.41561
4.45585
4.49795
4.53637
4.57469
4.60479
4.64513
4.68539
4.72535
4.75591
4.79623
4.83653
4.8768
4.90893
4.94738
4.97745
5.0257
5.066
5.10042
5.13732
5.16673
5.20697
5.24833
5.28691
5.3177
5.35797
5.39824
5.44195
5.46874
5.50907
5.54722
5.58753
5.62784
5.65812
5.69397
5.72856
5.76883
5.80915
5.84544
5.87967
5.91997
5.96825
6.00785
6.03939
6.06896
6.1093
6.14965
6.19239
6.22032
6.26023
6.29092
6.33928
6.37963
6.40992
6.45029
6.49068
6.53105
6.56633
6.60167
6.63215
6.67234
6.72068
6.76092
6.79496
6.83138
6.87176
6.91201
6.95418
6.98261
7.0229
7.06319
7.10351
7.15121
7.18205
7.22234
7.26265
7.30307
7.3448
7.37369
7.41413
7.45455
7.49504
7.53555
7.57921
7.60679
7.65365
7.69399
7.73433
7.77476
7.81687
7.84544
7.88581
7.92615
7.96655
8.00676
8.05499
8.09596
8.12565
8.16601
8.20635
8.24669
8.28707
8.32746
8.36784
8.4082
8.44646
8.48684
8.52719
8.56754
8.60792
8.6483
8.68863
8.72898
8.77238
8.81022
8.84797
8.88837
8.92874
8.96912
9.00946
9.04982
9.09016
9.13052
9.17087
9.21124
9.25957
9.2999
9.34023
9.38198
9.41088
9.45124
9.4916
9.53194
9.57228
9.61263
9.66099
9.70134
9.74165
9.78191
9.82218
9.86249
9.90292
9.94327
9.98358
10.0274
10.054
10.1023
10.1426
10.1828
10.2231
10.2634
10.3037
10.3441
10.3869
10.4276
10.4681
10.5088
10.554
10.5943
10.6347
10.6751
10.7155
10.7559
10.7964
10.8368
10.8772
10.9177
10.9581
11.0056
11.0459
11.0862
11.1265
11.1668
11.2071
11.2474
11.2877
11.328
11.3683
11.4087
11.457
11.4973
11.5376
11.5778
11.6181
11.6587
11.6966
11.7289
11.7772
11.8175
11.8577
11.898
11.9381
11.9784
12.0187
12.0588
12.0991
12.1394
12.1799
12.2199
12.2682
12.3086
12.3489
12.3892
12.4296
12.47
12.5104
12.5508
12.5912
12.6316
12.6719
12.7203
12.7607
12.801
12.8413
12.8816
12.9219
12.9622
13.0024
13.0427
13.083
13.1233
13.1635
13.2118
13.2521
13.2924
13.3327
13.373
13.4132
13.4536
13.494
13.5343
13.5747
13.615
13.6634
13.7038
13.7341
13.7745
13.8148
13.8553
13.8983
13.9389
13.9793
14.025
14.0653
14.1057
14.1461
14.1864
14.2269
14.2673
14.3077
14.3481
14.3885
14.4367
14.4771
14.5175
14.5579
14.5983
14.6386
14.6789
14.7193
14.7597
14.8081
14.8485
14.8889
14.9293
14.9697
15.01
15.0504
15.0907
15.131
15.1712
15.2195
15.2598
15.3001
15.3404
15.3808
15.421
15.4613
15.5016
15.5419
15.5822
15.6225
15.6627
15.703
15.7492
15.7814
15.8217
15.862
15.9023
15.9425
15.9827
16.023
16.0631
16.1034
16.1437
16.1839
16.2322
16.2724
16.3126
16.3529
16.3933
16.4336
16.4739
16.5142
16.5546
16.5948
16.6351
16.6755
16.7238
16.7641
16.8044
16.8447
16.885
16.9253
16.9656
17.0059
17.0462
17.0864
17.1267
17.167
17.2153
17.2561
17.2965
17.3368
17.3772
17.4176
17.458
17.4984
17.5388
17.5792
17.6196
17.6601
17.7067
17.747
17.7773
17.8177
17.858
17.8982
17.9385
17.9788
18.0191
18.0595
18.0997
18.14
18.1884
18.2287
18.2691
18.3095
18.3499
18.3901
18.4304
18.4707
18.511
18.5513
18.5916
18.6399
18.6801
18.7204
18.7607
18.801
18.8414
18.8817
18.922
18.9623
19.0026
19.0429
19.0832
19.1314
19.1717
19.212
19.2523
19.2925
19.3328
19.3731
19.4134
19.4537
19.4939
19.5342
19.5745
19.6228
19.6631
19.7034
