0.008634
0.032466
0.05298
0.073496
0.093906
0.114423
0.134888
0.155375
0.179863
0.200354
0.220896
0.241643
0.262233
0.282588
0.302959
0.323248
0.343586
0.36395
0.388358
0.408769
0.429105
0.449568
0.469965
0.490368
0.510727
0.531085
0.551409
0.571747
0.596082
0.616435
0.636771
0.657172
0.677622
0.697958
0.718352
0.738888
0.759247
0.783723
0.804174
0.824606
0.844969
0.865356
0.885708
0.906041
0.926587
0.946985
0.967362
0.991745
1.01254
1.03305
1.05359
1.07411
1.09479
1.11554
1.13597
1.15642
1.17686
1.19765
1.2202
1.24053
1.26104
1.28147
1.30184
1.32233
1.34273
1.36312
1.38346
1.4039
1.42834
1.44879
1.46918
1.48954
1.5099
1.53027
1.55061
1.57094
1.59136
1.61173
1.63617
1.65656
1.67687
1.69738
1.71792
1.73824
1.75859
1.77894
1.7995
1.81997
1.84437
1.86473
1.88513
1.90548
1.92581
1.9462
1.96658
1.98695
2.00732
2.02768
2.05206
2.07243
2.09272
2.11307
2.1334
2.15384
2.1742
2.19473
2.21505
2.23543
2.25573
2.28006
2.30048
2.32094
2.3414
2.3618
2.38218
2.40259
2.42298
2.44327
2.4678
2.48833
2.5087
2.52907
2.54944
2.56976
2.59012
2.61046
2.6308
2.65114
2.67552
2.69644
2.71698
2.73744
2.75794
2.77873
2.79952
2.82008
2.84078
2.86151
2.88389
2.90425
2.92456
2.945
2.96539
2.9857
3.00609
3.02651
3.04685
3.06721
3.08757
3.1119
3.13224
3.1525
3.17291
3.19343
3.21388
3.23434
3.25479
3.2753
3.29979
3.32022
3.34063
3.36104
3.3814
3.40179
3.42221
3.44255
3.46296
3.48329
3.50766
3.528
3.54844
3.5689
3.58947
3.61399
3.63444
3.65487
3.67532
3.69576
3.71622
3.73667
3.75717
3.78162
3.80215
3.8226
3.84301
3.86345
3.8839
3.90437
3.92486
3.94929
3.97015
3.99055
4.01093
4.03141
4.05264
4.07313
4.09359
4.11404
4.13452
4.15707
4.17748
4.19782
4.2182
4.23856
4.2589
4.27931
4.29968
4.32006
4.34032
4.36065
4.38511
4.40547
4.42587
4.44628
4.4666
4.48695
4.50723
4.52758
4.54793
4.56828
4.5886
4.61296
4.63334
4.6537
4.67402
4.69433
4.71466
4.73501
4.75537
4.77575
4.79611
4.82048
4.84101
4.86131
4.88188
4.90237
4.92277
4.94312
4.96347
4.98381
5.00415
5.02848
5.04881
5.06913
5.08951
5.10988
5.13021
5.15053
5.1709
5.19126
5.21155
5.23185
5.25619
5.27655
5.29689
5.31728
5.33767
5.35801
5.37834
5.39868
5.41905
5.43949
5.46384
5.48427
5.50465
5.52505
5.54552
5.56586
5.58631
5.60968
5.63022
5.65068
5.67199
5.69239
5.71276
5.73307
5.75343
5.77378
5.79414
5.81451
5.83496
5.85539
5.87958
5.89999
5.92034
5.94078
5.96135
5.98171
6.00207
6.02299
6.04334
6.06371
6.08817
6.10856
6.12894
6.14959
6.17003
6.1904
6.21076
6.23113
6.25153
6.27185
6.29219
6.31657
6.33705
6.35741
6.37784
6.3982
6.41853
6.43886
6.4592
6.47955
6.49991
6.52423
6.5446
6.56497
6.58535
6.6057
6.62625
6.64667
6.66709
6.68757
6.71209
6.73263
6.75312
6.77358
6.79391
6.81442
6.83497
6.85548
6.88001
6.9005
6.92099
6.94139
6.96172
6.98214
7.0025
7.02295
7.04344
7.06795
7.08843
7.11013
7.13073
7.15147
7.17211
7.19274
7.21392
7.23615
7.25718
7.27758
7.29793
7.31827
7.33859
7.35891
7.37938
7.39986
7.4203
7.44085
7.4648
7.48517
7.50559
7.5264
7.54678
7.56715
7.58753
7.60796
7.62867
7.65299
7.67336
7.69377
7.71413
7.73498
7.75537
7.77572
7.79612
7.81654
7.8369
7.86127
7.88172
7.90212
7.92252
7.94296
7.96355
7.98391
8.00426
8.0246
8.04495
8.0694
8.0898
8.11019
8.13052
8.1509
8.17119
8.19154
8.21193
8.23228
8.25265
8.27707
8.2974
8.31778
8.33809
8.35849
8.37886
8.3992
8.41968
8.44014
8.4605
8.48481
8.50512
8.5255
8.54597
8.56643
8.58684
8.60717
8.62758
8.64797
8.67231
8.6936
8.71461
8.73534
8.75587
8.77637
8.79885
8.81924
8.83953
8.85996
8.8804
8.90079
8.92149
8.94199
8.96247
8.98695
9.00755
9.02804
9.04854
9.06941
9.08989
9.11039
9.13085
9.15534
9.17582
9.19624
9.21669
9.23714
9.2576
9.27806
9.29854
9.32304
9.3435
9.36396
9.38443
9.40498
9.42538
9.44582
9.46631
9.48683
9.51122
9.53159
9.55194
9.57232
9.59266
9.61312
9.63354
9.654
9.67437
9.69471
9.71905
9.73953
9.75986
9.78021
9.80055
9.82089
9.84124
9.86155
9.88191
9.9022
9.92248
9.9468
9.96716
9.98755
10.0079
10.0283
10.0487
10.069
10.0924
10.1129
10.1334
10.1547
10.1752
10.1955
10.2159
10.2363
10.2567
10.2771
10.2976
10.318
10.3385
10.3627
10.383
10.4033
10.4238
10.4443
10.4646
10.485
10.5054
10.5258
10.5464
10.5667
10.5911
10.6114
10.6318
10.6521
10.6725
10.6929
10.7133
10.7337
10.754
10.7744
10.7988
10.8191
10.8394
10.8598
10.8802
10.9007
10.9211
10.9414
10.9617
10.982
11.0023
11.0227
11.0473
11.0676
11.088
11.1084
11.1287
11.149
11.1694
11.1897
11.2101
11.2305
11.2548
11.2752
11.2955
11.3159
11.3362
11.3566
11.3769
11.3972
11.4176
11.438
11.4623
11.4827
11.503
11.5234
11.5437
11.5641
11.5845
11.6049
11.6252
11.6456
11.6658
11.6903
11.7108
11.7313
11.7538
11.7745
11.7951
11.8157
11.8381
11.8587
11.8792
11.8997
11.9202
11.9409
11.9614
11.9823
12.0065
12.0271
12.0476
12.0681
12.0886
12.1091
12.1296
12.1542
12.1746
12.1949
12.2153
12.2357
12.2562
12.2765
12.2969
12.3173
12.3377
12.3621
12.3824
12.403
12.4234
12.4438
12.4642
12.4846
12.5049
12.5253
12.5456
12.5699
12.5903
12.6107
12.6311
12.6515
12.6719
12.6923
12.7126
12.733
12.7575
12.7779
12.7982
12.8186
12.839
12.8593
12.8796
12.8999
12.9203
12.9407
12.9611
12.9855
13.0062
13.0265
13.0469
13.0673
13.0877
13.1081
13.1285
13.1488
13.173
13.1935
13.2141
13.2345
13.255
13.2755
13.296
13.3164
13.3369
13.3575
13.3811
13.4015
13.422
13.4424
13.4629
13.4834
13.5038
13.5243
13.5447
13.5691
13.5895
13.6099
13.6303
13.6506
13.6712
13.6916
13.7119
13.7324
13.7528
13.7771
13.8016
13.8222
13.8427
13.8632
13.8835
13.9038
13.9242
13.9487
13.9693
13.9898
14.0104
14.0309
14.0514
14.072
14.0965
14.1171
14.1392
14.1599
14.1806
14.2011
14.2218
14.2444
14.2649
14.2854
14.3059
14.3264
14.3469
14.3674
14.392
14.4125
14.433
14.4536
14.474
14.4945
14.5151
14.5357
14.5602
14.5807
14.6012
14.6217
14.6422
14.6627
14.6833
14.7078
14.7283
14.7488
14.7692
14.7896
14.81
14.8304
14.8508
14.8712
14.8957
14.916
14.9364
14.9567
14.9771
14.9974
15.0178
15.0383
15.0586
15.079
15.1033
15.1236
15.144
15.1643
15.1847
15.2051
15.2254
15.2458
15.2662
15.2866
15.3111
15.3319
15.3524
15.3729
15.3933
15.4138
15.4343
15.4548
15.4754
15.496
15.519
15.5395
15.5599
15.5803
15.6008
15.6211
15.6415
15.662
15.6824
15.7027
15.7271
15.7475
15.7679
15.7882
15.8087
15.8292
15.8495
15.8699
15.8903
15.9108
15.9351
15.9556
15.9761
15.9967
16.0172
16.0377
16.0581
16.0786
16.099
16.1235
16.144
16.1644
16.1849
16.2053
16.2257
16.246
16.2663
16.2868
16.3112
16.3315
16.3519
16.3724
16.3928
16.4132
16.4335
16.454
16.4744
16.4948
16.5192
16.5396
16.5602
16.5807
16.6012
16.6217
16.6422
16.6628
16.6874
16.7079
16.7283
16.749
16.7719
16.7924
16.8129
16.8334
16.8552
16.8766
16.8985
16.919
16.9397
16.9598
16.9833
17.0038
17.0243
17.0457
17.0662
17.0865
17.1069
17.1273
17.1477
17.1681
17.1884
17.2088
17.2292
17.2535
17.2739
17.2943
17.3146
17.335
17.3554
17.3759
17.3964
17.4169
17.4414
17.4619
17.4824
17.5029
17.5233
17.5437
17.5642
17.5847
17.6093
17.6298
17.6502
17.6706
17.6909
17.7113
17.7317
17.7521
17.7726
17.7969
17.8173
17.8377
17.858
17.8784
17.8987
17.9191
17.9394
17.9599
17.9802
18.0005
18.0249
18.0453
18.0657
18.0861
18.1065
18.1268
18.1472
18.1676
18.1879
18.2084
18.2328
18.2532
18.2736
18.2939
18.3143
18.337
18.3575
18.3784
18.399
18.4196
18.4408
18.4612
18.4816
18.502
18.5225
18.543
18.5634
18.5839
18.6044
18.6285
18.6488
18.6691
18.6895
18.7098
18.7303
18.7506
18.771
18.7914
18.8118
18.8322
18.8565
18.877
18.8974
18.9178
18.9382
18.9626
18.983
19.0036
19.0239
19.0443
19.0647
19.0851
19.1055
19.126
19.1505
19.1708
19.1912
19.2116
19.2319
19.2523
19.2727
19.293
19.3134
19.3338
19.3543
19.3787
19.3991
19.4198
19.4403
19.4608
19.4813
19.5018
19.5223
19.5468
19.5674
19.5878
19.6081
19.6287
19.6491
19.6695
19.6899
19.7142
19.7349
19.7553
19.7757
19.7962
19.8174
19.8385
19.8591
19.8796
19.9003
19.923
19.9436
19.964
19.9845
20.0049
20.0253
20.0456
20.066
20.0864
20.1067
20.1316
20.1522
20.1726
20.1929
20.2133
20.2341
20.2544
20.2748
20.2952
20.3156
20.3361
20.3606
20.381
20.4014
20.4218
20.4421
20.4625
20.4829
20.5033
20.5237
20.5481
20.5684
20.589
20.6094
20.6297
20.6501
20.6704
20.6908
20.7112
20.7316
20.756
20.7764
20.7968
20.8173
20.8378
20.8582
20.8787
20.8991
20.9195
20.9438
20.9641
20.9845
21.0049
21.0253
21.0459
21.0663
21.0867
21.1071
21.1275
21.152
21.1724
21.1929
21.2134
21.2339
21.2544
21.2749
21.2953
21.3197
21.3406
21.3611
21.3817
21.4024
21.4229
21.4434
21.4641
21.4849
21.5053
21.528
21.5483
21.5687
21.5891
21.6095
21.6298
21.6501
21.6705
21.6909
21.7113
21.7316
21.756
21.7765
21.797
21.8173
21.8377
21.8581
21.8784
21.8988
21.9192
21.9436
21.964
21.9843
22.0046
22.025
22.0454
22.0658
22.0864
22.1067
22.1271
22.1515
22.1718
22.1922
22.2125
22.2329
22.2536
22.274
22.2944
22.3148
22.3352
22.3597
22.3802
22.4006
22.4209
22.4413
22.4617
22.482
22.5024
22.5227
22.5431
22.5674
22.5878
22.6081
22.6285
22.6488
22.6691
22.6894
22.7098
22.7301
22.7506
22.775
22.7955
22.8159
22.8363
22.8569
22.8774
22.9007
22.9213
22.9429
22.9633
22.9838
23.0043
23.0247
23.0451
23.0657
23.0862
23.1108
23.1313
23.1519
23.1724
23.1928
23.2133
23.2338
23.2543
23.2789
23.2994
23.32
23.3405
23.361
23.3815
23.402
23.4225
23.447
23.4675
23.4881
23.5086
23.5291
23.5496
23.5701
23.5953
23.6158
23.6362
23.6566
23.6769
23.6973
23.7177
23.7379
23.7583
23.7828
23.8031
23.8236
23.8441
23.8645
23.8849
23.9055
23.926
23.9465
23.9709
23.9914
24.0119
24.0348
24.0569
24.0775
24.098
24.1185
24.139
24.1595
24.18
24.2045
24.2249
24.2456
24.2662
24.2867
24.3072
24.3277
24.3482
24.3727
24.3931
24.4136
24.434
24.4545
24.4752
24.4957
24.5163
24.5411
24.5616
24.5821
24.6025
24.623
24.6435
24.664
24.6845
24.709
24.7294
24.7499
24.7704
24.7908
24.8113
24.8318
24.8523
24.8768
24.8973
24.9178
24.9382
24.9586
24.9791
24.9995
25.0201
25.0446
25.0651
25.087
25.1077
25.1283
25.1489
25.1696
25.1924
25.2129
25.2334
25.2539
25.2744
25.2951
25.3157
25.3402
25.3606
25.3812
25.4017
25.4222
25.4427
25.4632
25.4838
25.5083
25.529
25.5496
25.5702
25.5907
25.6111
25.6316
25.6562
25.6767
25.6972
25.7179
25.7386
25.7591
25.7796
25.8042
25.8248
25.8453
25.866
25.8865
25.9071
25.9277
25.9521
25.9725
25.9929
26.0134
26.0338
26.0543
26.0747
26.095
26.1191
26.1398
26.1602
26.1805
26.2009
26.2214
26.2419
26.2624
26.2831
26.3036
26.324
26.3449
26.3654
26.3891
26.4095
26.4299
26.4502
26.4706
26.4911
26.5116
26.5321
26.5528
26.5768
26.5974
26.6179
26.6384
26.6589
26.6796
26.7
26.7205
26.745
26.7655
26.786
26.8065
26.8272
26.8477
26.8681
26.8927
26.9131
26.9336
26.9541
26.9746
26.995
27.0154
27.0358
27.0562
27.0806
27.101
27.1214
27.1418
27.1622
27.1825
27.2029
27.2233
27.2437
27.2641
27.2885
27.3088
27.3292
27.3496
27.3699
27.3904
27.4109
27.4314
27.4521
27.4767
27.4972
27.5178
27.5382
27.5587
27.5792
27.6031
27.6244
27.6448
27.6653
27.6857
27.7062
27.7266
27.7471
27.7675
27.7881
27.8086
27.8323
27.8526
27.8729
27.8932
27.9136
27.934
27.9543
27.9749
27.9953
28.0156
28.04
28.0605
28.0808
28.1012
28.1216
28.1419
28.1623
28.1826
28.203
28.2233
28.2477
28.2681
28.2885
28.3089
28.3294
28.3498
28.3702
28.3905
28.4108
28.4312
28.4555
28.4759
28.4963
28.5166
28.537
28.5573
28.5778
28.5983
28.6187
28.6433
28.6637
28.6841
28.7046
28.7255
28.746
28.7665
28.787
28.8115
28.8319
28.8522
28.8726
28.893
28.9133
28.9338
28.9542
28.9746
28.9949
29.0193
29.0397
29.0611
29.0817
29.1024
29.1228
29.1433
29.1662
29.1866
29.2069
29.2273
29.2476
29.268
29.2883
29.3087
29.3332
29.3537
29.3746
29.3951
29.4155
29.4359
29.4562
29.4765
29.4968
29.5172
29.5418
29.5621
29.5828
29.6032
29.6235
29.6438
29.6645
29.6849
29.7052
29.7256
29.7501
29.7704
29.7908
29.8111
29.8315
29.8519
29.8722
29.8926
29.913
29.9334
29.9578
29.9782
29.9985
30.019
30.0394
30.0598
30.0802
30.1006
30.121
30.1454
30.1657
30.1861
30.2066
30.2269
30.2473
30.2676
30.2879
30.3083
