0
0
0
0
0
0
0
0
0
0
0
0
0
0
0
0
156
156
156
156
156
217
217
217
217
217
242
242
242
242
242
249
249
249
4
4
248
248
248
20
20
244
244
244
37
37
234
234
234
54
54
231
231
231
72
72
226
226
86
86
86
223
223
223
105
105
213
213
120
120
120
206
206
133
137
137
197
197
153
153
153
186
186
120
172
172
174
174
184
184
174
174
174
176
176
179
179
180
173
173
173
166
166
178
178
178
151
169
169
169
143
143
143
154
154
154
131
145
145
145
145
117
123
132
132
132
102
121
121
121
121
89
140
105
105
77
77
95
95
95
71
71
81
81
81
67
89
71
71
71
67
67
67
67
67
69
55
67
67
67
64
64
69
69
69
57
66
66
66
53
53
53
60
60
47
47
53
53
53
41
41
66
48
48
37
37
41
41
41
36
36
38
38
38
35
35
36
36
33
33
8
35
35
32
32
32
31
31
31
31
37
34
34
25
25
25
31
31
22
22
26
26
22
22
22
22
21
21
21
21
22
22
18
18
18
21
17
17
17
17
19
18
18
18
18
17
18
18
18
18
18
18
18
18
18
18
18
18
18
18
17
17
17
17
17
18
18
18
18
18
17
17
17
17
18
18
18
18
18
12
12
12
12
12
11
11
11
11
10
11
11
11
11
11
10
10
10
12
12
11
11
11
12
-5
12
12
15
15
12
12
12
14
14
14
16
12
12
12
19
14
8
8
8
13
7
7
7
7
16
5
5
5
5
8
8
8
8
8
6
6
6
6
6
8
8
8
8
11
8
8
8
8
12
11
11
11
8
10
12
12
12
8
8
8
8
8
6
6
8
8
8
8
10
7
7
8
8
8
8
7
7
7
8
8
8
8
8
7
8
8
8
8
8
8
8
8
8
5
5
5
5
5
4
4
4
4
9
4
4
4
4
3
3
3
3
3
6
4
4
4
6
3
5
5
5
6
7
7
7
5
5
6
6
6
4
4
5
5
4
4
6
5
5
3
3
4
4
3
3
3
3
3
2
2
2
2
3
3
3
3
4
1
1
1
1
3
2
2
2
2
3
3
3
3
0
2
2
2
2
0
3
3
3
3
2
2
2
2
3
3
1
1
1
3
-1
3
3
2
2
3
3
3
1
1
2
2
2
1
1
1
1
0
0
0
-1
1
2
2
2
1
2
2
2
2
2
2
2
2
2
2
2
2
2
1
2
2
2
2
2
2
2
2
2
2
2
2
2
2
2
2
2
2
2
2
2
2
2
2
2
2
2
2
2
1
1
1
2
2
2
2
2
2
2
2
2
2
2
1
1
1
3
3
3
2
2
2
2
2
3
2
2
2
2
2
1
1
1
1
0
0
0
0
0
1
1
1
1
0
0
0
0
0
0
0
0
0
0
0
0
0
0
0
0
0
0
0
0
0
0
0
0
0
0
0
0
0
0
0
0
0
0
0
0
0
0
0
0
0
0
0
0
0
0
0
0
0
0
0
0
0
0
0
0
0
0
0
0
0
0
0
0
0
0
0
0
0
0
0
0
0
0
0
0
0
0
0
0
0
0
0
0
0
0
0
0
0
0
0
0
0
0
0
0
0
0
0
0
0
0
0
0
0
0
0
0
