0.016135
0.035142
0.03921
0.058102
0.076787
0.097553
0.11836
0.143087
0.163894
0.285152
0.515959
0.728409
0.953401
1.17315
1.3805
1.43191
1.47262
1.51877
1.55984
1.59947
1.64181
1.66268
1.68752
1.70826
1.72902
1.75227
1.76957
1.79439
1.83064
1.87253
1.89498
1.91586
1.94072
1.96145
1.98222
2.00301
2.02382
2.06388
2.10611
2.12867
2.14953
2.17435
2.19523
2.21779
2.23866
2.25956
2.29756
2.33962
2.36393
2.38049
2.39941
2.41952
2.43925
2.45891
2.47972
2.50995
2.55905
2.58479
2.60565
2.62646
2.64728
2.67208
2.69285
2.71363
2.74322
2.78752
2.81776
2.83855
2.85932
2.88007
2.90082
2.92618
2.94714
2.97702
3.01978
3.04609
3.06847
3.089
3.10952
3.13005
3.15059
3.17113
3.19701
3.24553
3.27436
3.29496
3.3155
3.33616
3.35671
3.38133
3.40189
3.42816
3.47049
3.49995
3.52054
3.54105
3.56588
3.58658
3.60446
3.6184
3.64127
3.68905
3.71692
3.73757
3.75825
3.77879
3.79934
3.82395
3.8446
3.87227
3.91194
3.94569
3.96947
3.99091
4.01143
4.03202
4.05256
4.07319
4.09496
4.13567
4.18392
4.21679
4.23736
4.2568
4.27745
4.29696
4.32157
4.34242
4.36526
4.40656
4.44387
4.46443
4.48899
4.50945
4.52994
4.55051
4.57119
4.59196
4.63521
4.67607
4.69691
4.7176
4.73808
4.76044
4.78099
4.80558
4.82619
4.8574
4.89254
4.9157
4.9352
4.95868
4.97917
4.99989
5.02039
5.041
5.07144
5.11825
5.14594
5.16667
5.18732
5.20803
5.22858
5.25266
5.2732
5.30073
5.34589
5.37824
5.40031
5.4226
5.4431
5.46361
5.48308
5.50368
5.52657
5.57184
5.60809
5.62865
5.64952
5.67022
5.69146
5.71604
5.73652
5.75494
5.79586
5.8309
5.84875
5.87189
5.88923
5.9076
5.92382
5.94512
5.96326
5.99527
6.03232
6.05096
6.06506
6.08127
6.09667
6.11578
6.13229
6.14598
6.17373
6.21087
6.23375
6.25507
6.27229
6.28865
6.30377
6.31884
6.3345
6.36103
6.39707
6.42512
6.44013
6.45394
6.47111
6.49033
6.50778
6.52523
6.54583
6.58123
6.61124
6.62655
6.64394
6.66157
6.67867
6.69244
6.71223
6.7308
6.76822
6.80619
6.82348
6.83915
6.85542
6.8754
6.89282
6.91023
6.92874
6.95933
6.99317
7.02641
7.04381
7.06137
7.0797
7.09042
7.1062
7.12385
7.14499
7.18407
7.2225
7.24376
7.26125
7.27874
7.29731
7.31629
7.33315
7.35171
7.37972
7.42011
7.44452
7.46271
7.48069
7.50472
7.52123
7.53849
7.55482
7.59054
7.62913
7.65099
7.67092
7.68563
7.70523
7.72284
7.74048
7.75913
7.78615
7.83017
7.85543
7.87415
7.89391
7.91475
7.93229
7.95011
7.96755
7.99106
8.02839
8.06582
8.08134
8.09968
8.11805
8.13531
8.15156
8.17043
8.18549
8.22279
8.25897
8.27526
8.2952
8.31235
8.328
8.34511
8.36478
8.38116
8.41365
8.45596
8.47447
8.4908
8.50923
8.52549
8.54384
8.56224
8.57838
8.61277
8.65115
8.67259
8.68977
8.70628
8.72258
8.74504
8.76141
8.78055
8.80416
8.84235
8.86816
8.89066
8.90812
8.92567
8.94032
8.9561
8.97343
9.00118
9.03852
9.06817
9.08437
9.10454
9.1222
9.14091
9.15737
9.17387
9.18897
9.22373
9.25653
9.27698
9.29422
9.30899
9.32584
9.34216
9.36168
9.38567
9.42197
9.456
9.47344
9.48969
9.50921
9.53176
9.54776
9.56466
9.58322
9.61893
9.66133
9.68394
9.69908
9.71752
9.73499
9.75355
9.77908
9.79557
9.82402
9.86594
9.88952
9.90692
9.92939
9.94457
9.96292
9.9813
9.99656
10.0204
10.0663
10.0935
10.113
10.1306
10.148
10.1673
10.1828
10.1994
10.2188
10.2575
10.3032
10.3399
10.3558
10.3721
10.3935
10.4098
10.4284
10.4449
10.459
10.485
10.5306
10.5565
10.5739
10.5917
10.6072
10.6244
10.6473
10.6622
10.6876
10.7232
10.759
10.7804
10.7969
10.8148
10.8321
10.8498
10.8673
10.8848
10.92
10.9587
10.9805
11.0014
11.0191
11.0365
11.0561
11.0718
11.0888
11.1141
11.1585
11.1924
11.2079
11.2253
11.244
11.2615
11.2844
11.3009
11.3181
11.3557
11.3991
11.4219
11.4374
11.452
11.4717
11.4887
11.5072
11.5245
11.551
11.5911
11.6164
11.6376
11.6558
11.6726
11.6906
11.7082
11.7309
11.7558
11.7888
11.8273
11.8556
11.8754
11.8934
11.9089
11.9254
11.9469
11.9666
11.9937
12.0299
12.0648
12.0874
12.1059
12.1213
12.1395
12.1565
12.1778
12.1944
12.2308
12.27
12.2928
12.3103
12.3297
12.3472
12.367
12.3839
12.3996
12.423
12.4685
12.5041
12.5238
12.5384
12.5531
12.5719
12.5896
12.6073
12.6264
12.6632
12.7009
12.7186
12.7374
12.7587
12.7731
12.7898
12.8075
12.8261
12.8559
12.9002
12.9219
12.9395
12.9569
12.9744
12.9954
13.0127
13.0291
13.0556
13.0945
13.1236
13.1451
13.1605
13.1781
13.1945
13.2172
13.2335
13.256
13.2923
13.3238
13.3443
13.363
13.38
13.3959
13.4123
13.4336
13.4562
13.4955
13.5251
13.5419
13.5607
13.5783
13.5959
13.6141
13.6258
13.6442
13.6819
13.7126
13.7293
13.7502
13.7649
13.7807
13.7983
13.8135
13.8376
13.8751
13.9074
13.9227
13.9365
13.955
13.9754
13.9939
14.0102
14.024
14.0598
14.0999
14.1214
14.1368
14.1525
14.1682
14.1878
14.2062
14.2236
14.2574
14.2962
14.3298
14.3474
14.3679
14.3848
14.403
14.4216
14.4378
14.4562
14.5012
14.5364
14.5548
14.5723
14.5897
14.6081
14.6306
14.6489
14.6655
14.6966
14.735
14.7524
14.7754
14.7894
14.8063
14.8237
14.8422
14.8606
14.8922
14.9344
14.959
14.9785
14.9981
15.0155
15.0339
15.0523
15.0694
15.0944
15.1335
15.1645
15.1823
15.1996
15.216
15.2354
15.2519
15.2693
15.2953
15.3318
15.3613
15.3798
15.3982
15.417
15.4337
15.451
15.4683
15.4864
15.5247
15.5609
15.5773
15.5948
15.6124
15.6311
15.6517
15.6678
15.6877
15.7236
15.7612
15.7779
15.794
15.8074
15.8234
15.839
15.8552
15.873
15.9121
15.95
15.9664
15.9823
15.9996
16.0221
16.0394
16.0558
16.0704
16.101
16.1401
16.1599
16.1792
16.1962
16.2129
16.2303
16.2487
16.2651
16.3014
16.3411
16.3602
16.3781
16.396
16.4178
16.4364
16.4544
16.472
16.5036
16.5408
16.5614
16.5799
16.5965
16.616
16.6336
16.6523
16.67
16.6999
16.7408
16.7592
16.7765
16.7938
16.8101
16.8275
16.845
16.8596
16.8863
16.9236
16.9473
16.9688
16.9865
17.0009
17.0164
17.034
17.0503
17.074
17.1205
17.1415
17.1588
17.1756
17.1923
17.2095
17.227
17.2448
17.2665
17.3069
17.3307
17.3531
17.3699
17.3862
17.4019
17.4162
17.4346
17.4627
17.5001
17.5381
17.5536
17.5696
17.5871
17.6055
17.6258
17.6424
17.6571
17.686
17.7265
17.7471
17.7674
17.7837
17.799
17.8174
17.8326
17.8499
17.8811
17.9164
17.9372
17.9508
17.9662
17.9858
18.004
18.0215
18.0373
18.0595
18.0982
18.126
18.1484
18.1636
18.1808
18.1978
18.2165
18.237
18.2609
18.2986
18.3312
18.3488
18.365
18.3833
18.4008
18.4195
18.4394
18.4648
18.4998
18.5313
18.5477
18.5662
18.5853
18.6041
18.6183
18.6346
18.6521
18.6914
18.7326
18.7488
18.7644
18.7794
18.7977
18.8193
18.8371
18.8534
18.8848
18.9248
18.9465
18.962
18.9764
18.9913
19.0078
19.0291
19.0455
19.0796
19.119
19.1355
19.1524
19.1748
19.1932
19.2095
19.2292
19.2433
19.2689
19.3151
19.336
19.3522
19.3694
19.3864
19.4025
19.4222
19.4385
19.4649
19.5055
19.5269
19.5415
19.5631
19.5806
19.5982
19.6165
19.6342
19.6603
19.6989
19.7258
19.7439
19.7592
19.7788
19.7963
19.8148
19.83
19.8504
19.8903
19.9206
19.9369
19.9542
19.9726
19.9889
20.0083
20.0215
20.0386
20.0749
20.1086
20.125
20.1436
20.1604
20.176
20.1923
20.2107
20.2269
20.2638
20.3005
20.3184
20.3348
20.3521
20.3695
20.3878
20.4077
20.4236
20.4587
20.4953
20.5162
20.5328
20.5533
20.5679
20.5839
20.6001
20.6176
20.6464
20.6865
20.7091
20.7266
20.7429
20.7582
20.7748
20.7953
20.8133
20.8383
20.8779
20.9034
20.9223
20.9422
20.9565
20.9742
20.9939
21.0103
21.0372
21.071
21.0998
21.1173
21.1358
21.1522
21.1696
21.1867
21.2042
21.2223
21.2598
21.2984
21.3169
21.335
21.3528
21.3715
21.3878
21.4063
21.4249
21.4593
21.4984
21.5209
21.5383
21.557
21.5773
21.5929
21.6098
21.627
