0
0
0
0
0
0
0
0
0
0
0
0
0
0
0
-13
-13
-13
-13
-13
-14
-14
-0.0198745
-0.0198745
-0.0198745
-14
-14
0
0
-14
-14
-14
-0.00993724
-0.0198745
-14
-14
-14
-14
-1.13285
-13
-13
-13
-3.28923
-3.59728
-11
-11
-11
-11
-5.28661
-11
-11
-11
-7.51255
-7.82061
-9
-9
-9
-9.64906
-9.95711
-9
-9
-9
-10.7024
-9.64906
-12
-12
-9.17207
-8.95345
-8.95345
-12
-12
-12
-9.18201
-9.98693
-11
-11
-10.5434
-11.8353
-11.8353
-9
-9
-9
-11.239
-11.239
-11
-11
-10.1062
-9.5
-9.5
-13
-13
-13
-9.25157
-10.0366
-11
-11
-10.4838
-12.0638
-12.0638
-8
-8
-11.6365
-11.7359
-11.7359
-9
-9
-10.444
-9.37082
-9.37082
-10
-10
-8.59571
-8.59571
-8.59571
-9
-9
-9.00314
-9.71862
-9.71862
-5
-5
-9.51987
-9.26151
-9.26151
-3
-3
-8.5659
-7.75105
-7.75105
-3
-3
-5.45554
-3.95502
-3.95502
-6
-3.10042
-3.03086
-3.03086
-3.03086
-5
-5
-3.26935
-3.48797
-3.48797
-2
-4.37239
-5.02824
-5.02824
-5.02824
0
-4.56119
-3.98483
-3.98483
-3.98483
0
-2.50418
-1.27197
-1.27197
-1.27197
-3
-0.536611
0.00993723
0.00993723
0.00993723
-3
-0.447176
-0.447176
-0.447176
-0.447176
-1
-1.38128
-2.38494
-2.38494
-2.38494
1
-2.38494
-2.16632
-2.16632
-2.16632
-1.34153
-0.606172
-0.606172
-0.606172
-1
-1
0.039749
0.586297
0.586297
-2
0.198745
-0.337866
-0.337866
-0.337866
0
-0.75523
-1.31172
-1.31172
-1.31172
1
-1.58002
-1.53033
-1.53033
-1.53033
0
-0.556485
0.317992
0.317992
0.317992
-1
0.57636
0.685669
0.685669
0.685669
-1
0.248431
-0.218619
-0.218619
-0.218619
-0.675732
-0.963912
-0.963912
-0.963912
-0.963912
0
-0.586297
-0.586297
-0.586297
0
0
0
0
0
0
0
0
0
0
0
0
0
0
0
0
0
-0.0198745
-0.0198745
-0.0198745
0
0
-0.00993724
-0.00993724
-0.00993724
0
0.00993724
-0.0198745
-0.0198745
-0.0198745
0
0.00993724
0
0
0
0
0
0
0
0
0
0
0
0
0
0
0
