0
0
0
0
0
0
0
0
0
0
0
0
0
0
0
0
0
0
0
0
0
0
-0.0198745
-0.0198745
-0.0198745
-0.0198745
-0.0198745
0
0
0
0
0
-0.00993724
-0.0198745
-0.0198745
-0.0198745
-0.0198745
-0.0198745
-1.13285
-1.48065
-1.48065
-1.48065
-3.28923
-3.59728
-3.59728
-3.59728
-3.59728
-3.59728
-5.28661
-5.6841
-5.6841
-5.6841
-7.51255
-7.82061
-7.82061
-7.82061
-7.82061
-9.64906
-9.95711
-9.95711
-9.95711
-9.95711
-10.7024
-9.64906
-9.64906
-9.64906
-9.17207
-8.95345
-8.95345
-8.95345
-8.95345
-8.95345
-9.18201
-9.98693
-9.98693
-9.98693
-10.5434
-11.8353
-11.8353
-11.8353
-11.8353
-11.8353
-11.239
-11.239
-11.239
-11.239
-10.1062
-9.5
-9.5
-9.5
-9.5
-9.5
-9.25157
-10.0366
-10.0366
-10.0366
-10.4838
-12.0638
-12.0638
-12.0638
-12.0638
-11.6365
-11.7359
-11.7359
-11.7359
-11.7359
-10.444
-9.37082
-9.37082
-9.37082
-8.66527
-8.59571
-8.59571
-8.59571
-8.59571
-8.59571
-9.00314
-9.71862
-9.71862
-9.71862
-9.71862
-9.51987
-9.26151
-9.26151
-9.26151
-9.26151
-8.5659
-7.75105
-7.75105
-7.75105
-7.75105
-5.45554
-3.95502
-3.95502
-3.95502
-3.10042
-3.03086
-3.03086
-3.03086
-3.03086
-3.03086
-3.26935
-3.48797
-3.48797
-3.48797
-4.37239
-5.02824
-5.02824
-5.02824
-5.02824
-4.56119
-3.98483
-3.98483
-3.98483
-3.98483
-2.50418
-1.27197
-1.27197
-1.27197
-1.27197
-0.536611
0.00993723
0.00993723
0.00993723
0.00993723
-0.447176
-0.447176
-0.447176
-0.447176
-0.447176
-1.38128
-2.38494
-2.38494
-2.38494
-2.38494
-2.38494
-2.16632
-2.16632
-2.16632
-1.34153
-0.606172
-0.606172
-0.606172
-0.606172
-0.606172
0.039749
0.586297
0.586297
0.586297
0.198745
-0.337866
-0.337866
-0.337866
-0.337866
-0.75523
-1.31172
-1.31172
-1.31172
-1.31172
-1.58002
-1.53033
-1.53033
-1.53033
-1.53033
-0.556485
0.317992
0.317992
0.317992
0.317992
0.57636
0.685669
0.685669
0.685669
0.685669
0.248431
-0.218619
-0.218619
-0.218619
-0.675732
-0.963912
-0.963912
-0.963912
-0.963912
-0.963912
-0.586297
-0.586297
-0.586297
-0.586297
-0.586297
0
0
0
0
0
0
0
0
0
0
0
0
0
0
0
-0.0198745
-0.0198745
-0.0198745
-0.0198745
-0.0198745
-0.00993724
-0.00993724
-0.00993724
-0.00993724
0.00993724
-0.0198745
-0.0198745
-0.0198745
-0.0198745
0.00993724
0
0
0
0
0
0
0
0
0
0
0
0
0
0
0
