0
0
0
0
0
0
0
0
0
0
0
0
0
0
0
0
0
0
0
0
0
0
0
0
0
0
0
0
0
0
0
0
0
0
0
0
0
0
0
0
0
0
0
0
0
0
0
0
0
0
0
0
0
0
0
0
0
0
0
0
0
0
0
0
0
0
0
0
0
0
0
0
0
0
0
0
0
0
0
0
0
0
0
0
0
0
0
0
0
0
0
0
0
0
0
0
0
0
0
0
0
0
0
0
0
1
1
1
1
-13
19
19
19
19
34
34
34
34
34
16
51
51
51
51
68
68
68
68
51
86
86
86
86
102
102
102
102
102
86
120
120
120
120
137
137
137
137
137
146
146
146
146
146
148
148
148
148
147
150
150
150
150
138
149
149
149
161
128
128
128
128
128
111
111
111
111
114
91
91
91
91
109
80
80
80
80
60
60
60
60
72
55
55
55
55
55
44
44
44
44
43
42
42
42
42
54
34
34
34
32
36
36
36
36
36
36
36
36
36
36
32
30
30
30
33
30
30
30
30
34
22
22
22
22
20
10
10
10
10
5
5
5
5
5
20
-9
-9
-9
-9
-18
-18
-18
-18
-6
-25
-25
-25
-25
-29
-23
-23
-23
-23
-23
-23
-23
-23
-23
-27
-27
-27
-27
-27
-26
-26
-26
-26
-22
-33
-33
-33
-33
-49
-49
-49
-49
-49
-44
-52
-52
-52
-52
-48
-53
-53
-53
-53
-57
-57
-57
-57
-53
-60
-60
-60
-60
-60
-61
-61
-61
-61
-47
-75
-75
-75
-75
-76
-76
-76
-76
-82
-73
-73
-73
-73
-88
-72
-72
-72
-72
-62
-62
-62
-62
-63
-66
-66
-66
-66
-66
-58
-73
-73
-73
-56
-90
-90
-90
-90
-103
-103
-103
-103
-103
-109
-109
-109
-109
-109
-117
-92
-92
-92
-92
-84
-84
-84
-84
-76
-91
-91
-91
-91
-90
-92
-92
-92
-85
-98
-98
-98
-98
-98
-108
-117
-117
-117
-117
-114
-114
-114
-114
-118
-112
-112
-112
-112
-112
-98
-98
-98
-98
-89
-89
-89
-89
-89
-79
-99
-99
-99
-99
-104
-106
-106
-106
-105
-108
-108
-108
-108
-117
-110
-110
-110
-110
-113
-99
-99
-99
-99
-107
-95
-95
-95
-95
-91
-91
-91
-91
-87
-91
-91
-91
-91
-90
-93
-93
-93
-93
-97
-97
-97
-97
-97
-100
-91
-91
-91
-91
-88
-88
-88
-88
-84
-82
-82
-82
-82
-82
-80
-80
-80
-80
-80
-75
-75
-75
-75
-80
-70
-70
-70
-70
-72
-61
-61
-61
-61
-58
-58
-58
-58
-58
-61
-52
-52
-52
-52
-49
-49
-49
-49
-57
-40
-40
-40
-40
-48
-43
-43
-43
-43
-24
-24
-24
-24
-24
-21
-21
-21
-21
-21
-21
-10
-10
-10
-10
-6
-6
-6
-6
-12
0
0
0
0
1
1
1
1
1
-10
12
12
12
12
7
14
14
14
14
23
23
23
23
19
27
27
27
27
33
37
37
37
37
35
38
38
38
38
29
47
47
47
47
48
48
48
48
39
60
60
60
60
64
58
58
58
58
63
63
63
63
63
63
63
63
63
63
70
68
68
68
66
72
72
72
72
67
75
75
75
75
80
77
77
77
77
78
78
78
78
78
88
88
88
88
88
88
88
88
88
81
95
95
95
95
94
95
95
95
95
100
100
100
100
100
98
98
98
98
98
99
100
100
100
100
104
104
104
104
99
107
107
107
107
111
103
103
103
103
104
104
104
104
102
100
100
100
100
100
101
100
100
100
100
103
103
103
103
102
103
103
103
103
110
102
102
102
102
101
101
101
101
101
105
98
98
98
98
99
99
99
99
94
102
102
102
102
102
101
101
101
101
100
100
100
100
100
98
98
98
98
98
103
93
93
93
93
87
87
87
87
95
82
82
82
82
77
77
77
77
74
78
78
78
78
78
72
72
72
72
72
73
72
72
72
76
58
58
58
58
62
60
60
60
60
48
48
48
48
48
48
48
48
48
48
51
42
42
42
42
43
43
43
43
59
26
26
26
26
26
25
25
25
25
16
16
16
16
16
16
15
15
15
15
26
17
17
17
17
11
11
11
11
20
7
7
7
7
6
7
7
7
7
-3
-3
-3
-3
-3
-1
-7
-7
-7
-7
-1
-11
-11
-11
-11
-12
-12
-12
-12
0
-22
-22
-22
-22
-25
-25
-25
-25
-25
-12
-41
-41
-41
-41
-42
-48
-48
-48
-48
-44
-44
-44
-44
-44
-44
-44
-44
-44
-42
-49
-49
-49
-49
-50
-50
-50
-50
-50
-38
-64
-64
-64
-64
-65
-69
-69
-69
-69
-73
-73
-73
-73
-72
-74
-74
-74
-74
-67
-74
-74
-74
-74
-74
-75
-75
-75
-75
-64
-88
-88
-88
-88
-86
-88
-88
-88
-82
-90
-90
-90
-90
-89
-89
-89
-89
-89
-98
-98
-98
-98
-98
-95
-97
-97
-97
-97
-91
-105
-105
-105
-105
-104
-104
-104
-104
-100
-106
-106
-106
-106
-106
-104
-104
-104
-104
-96
-96
-96
-96
-95
-99
-99
-99
-99
-99
-106
-106
-106
-106
-106
-108
-108
-108
-108
-111
-103
-103
-103
-103
-104
-103
-103
-103
-103
-96
-96
-96
-96
-96
-97
-97
-97
-97
-97
-102
-102
-102
-102
-97
-102
-102
-102
-102
-100
-105
-105
-105
-105
-106
-106
-106
-106
-117
-91
-91
-91
-91
-98
-90
-90
-90
-90
-87
-90
-90
-90
-90
-90
-91
-91
-91
-91
-94
-85
-85
-85
-85
-86
-86
-86
-86
-95
-73
-73
-73
-73
-78
-71
-71
-71
-71
-64
-64
-64
-64
-70
-61
-61
-61
-61
-61
-57
-57
-57
-57
-57
-56
-56
-56
-56
-63
-47
-47
-47
-47
-56
-44
-44
-44
-46
-36
-36
-36
-36
-49
-27
-27
-27
-27
-21
-21
-21
-21
-21
-26
-19
-19
-19
-19
-26
-4
-4
-4
-4
-3
-3
-3
-3
-6
-2
-2
-2
-2
-1
-2
-2
-2
-2
-2
8
8
8
8
-5
17
17
17
17
32
32
32
32
26
38
38
38
38
40
35
35
35
35
35
36
36
36
36
25
44
44
44
44
42
49
49
49
49
57
57
57
57
56
56
56
56
56
56
57
57
57
57
57
62
62
62
62
60
64
64
64
64
67
67
67
67
62
75
75
75
75
75
69
69
69
69
69
66
66
66
66
66
70
70
70
70
68
70
70
70
70
71
75
75
75
75
77
77
77
77
80
76
76
76
76
79
75
75
75
75
75
77
77
77
77
76
76
76
76
76
80
72
72
72
72
70
70
70
70
69
69
69
69
69
69
70
70
70
70
79
60
60
60
60
59
58
58
58
58
40
40
40
40
40
42
42
42
42
42
54
54
54
54
52
70
70
70
70
66
66
66
66
66
68
60
60
60
60
64
40
40
40
40
40
40
40
40
56
20
20
20
20
22
15
15
15
15
4
4
4
4
4
9
9
9
9
9
9
9
9
9
9
8
8
8
8
8
4
4
4
4
3
6
6
6
6
5
7
7
7
7
5
3
3
3
3
2
2
2
2
2
2
2
2
2
2
2
2
2
2
2
3
3
3
3
1
1
1
1
1
0
0
0
0
0
0
