0
0
0
0
0
0
0
0
0
0
0
0
0
0
0
0
0
13
15
15
15
15
15
15
15
16
16
16
16
16
16
16
16
18
18
18
18
18
18
18
18
18
18
18
18
18
18
30
30
30
30
30
30
30
38
38
38
38
38
38
38
38
41
41
41
41
41
41
41
46
46
46
46
46
46
46
50
50
50
50
50
50
50
48
48
48
48
48
48
48
48
43
43
43
43
43
43
43
75
75
75
75
75
75
75
72
72
72
72
72
72
72
84
84
84
84
84
84
84
45
45
45
45
45
45
45
45
16
16
16
16
16
16
16
37
37
37
37
37
37
37
67
67
67
67
67
67
67
67
75
75
75
75
75
75
75
75
75
75
75
75
75
75
60
60
60
60
60
60
60
64
64
64
64
64
64
64
64
69
69
69
69
69
69
74
74
74
74
74
74
74
74
70
70
70
70
70
70
70
74
74
74
74
74
74
74
75
75
75
75
75
75
75
78
78
78
78
78
78
78
78
78
78
78
78
78
78
78
77
77
77
77
77
77
77
79
79
79
79
79
79
79
81
81
81
81
81
81
81
81
85
85
85
85
85
85
85
82
82
82
82
82
82
82
84
84
84
84
84
84
84
83
83
83
83
83
83
83
83
83
83
83
83
83
83
83
89
89
89
89
89
89
89
94
94
94
94
94
94
94
87
87
87
87
87
87
87
87
84
84
84
84
84
84
84
92
92
92
92
92
92
92
96
96
96
96
96
96
96
91
91
91
91
91
91
91
90
90
90
90
90
90
90
98
98
98
98
98
98
98
98
97
97
97
97
97
97
97
91
91
91
91
91
91
91
91
91
91
91
91
91
91
101
101
101
101
101
101
101
99
99
99
99
99
99
99
99
92
92
92
92
92
92
92
96
96
96
96
96
96
96
96
90
90
90
90
90
90
97
97
97
97
97
97
97
98
98
98
98
98
98
98
99
99
99
99
99
99
99
99
97
97
97
97
97
97
97
99
99
99
99
99
99
99
99
99
99
99
99
99
99
99
99
99
99
99
99
99
99
93
93
93
93
93
93
93
94
94
94
94
94
94
94
96
96
96
96
96
96
96
96
97
97
97
97
97
97
97
96
96
96
96
96
96
96
96
96
96
96
96
96
96
97
97
97
97
97
97
97
97
97
97
97
97
97
97
95
95
95
95
95
95
95
90
90
90
90
90
90
90
90
94
94
94
94
94
94
94
94
89
89
89
89
89
89
94
94
94
94
94
94
94
92
92
92
92
92
92
92
95
95
95
95
95
95
95
95
89
89
89
89
89
89
89
88
88
88
88
88
88
88
89
89
89
89
89
89
89
91
91
91
91
91
91
91
91
87
87
87
87
87
87
87
88
88
88
88
88
88
88
87
87
87
87
87
87
87
87
87
87
87
87
87
87
87
86
86
86
86
86
86
86
82
82
82
82
82
82
82
85
85
85
85
85
85
85
79
79
79
79
79
79
79
79
79
79
79
79
79
79
79
79
77
77
77
77
77
77
79
79
79
79
79
79
79
75
75
75
75
75
75
75
79
79
79
79
79
79
79
79
76
76
76
76
76
76
76
74
74
74
74
74
74
74
70
70
70
70
70
70
70
71
71
71
71
71
71
71
71
73
73
73
73
73
73
73
64
64
64
64
64
64
64
63
63
63
63
63
63
63
68
68
68
68
68
68
68
68
71
71
71
71
71
71
71
59
59
59
59
59
59
59
61
61
61
61
61
61
61
56
56
56
56
56
56
56
60
60
60
60
60
60
60
56
56
56
56
56
56
56
56
57
57
57
57
57
57
57
54
54
54
54
54
54
54
52
52
52
52
52
52
52
52
52
52
52
52
52
52
52
50
50
50
50
50
50
50
45
45
45
45
45
45
45
49
49
49
49
49
49
49
41
41
41
41
41
41
41
41
40
40
40
40
40
40
40
45
45
45
45
45
45
45
38
38
38
38
38
38
38
41
41
41
41
41
41
41
41
37
37
37
37
37
37
37
34
34
34
34
34
34
34
32
32
32
32
32
32
32
32
31
31
31
31
31
31
31
31
31
31
31
31
31
31
23
23
23
23
23
23
23
20
20
20
20
20
20
20
24
24
24
24
24
24
24
24
20
20
20
20
20
20
20
19
19
19
19
19
19
19
25
25
25
25
25
25
25
19
19
19
19
19
19
19
16
16
16
16
16
16
16
16
15
15
15
15
15
15
15
14
14
14
14
14
14
14
5
5
5
5
5
5
5
8
8
8
8
8
8
8
5
5
5
5
5
5
5
5
6
6
6
6
6
6
6
5
5
5
5
5
5
5
5
3
3
3
3
3
3
0
0
0
0
0
0
0
-5
-5
-5
-5
-5
-5
-5
-5
-3
-3
-3
-3
-3
-3
-3
-4
-4
-4
-4
-4
-4
-4
-7
-7
-7
-7
-7
-7
-7
-11
-11
-11
-11
-11
-11
-11
-10
-10
-10
-10
-10
-10
-10
-10
-14
-14
-14
-14
-14
-14
-14
-17
-17
-17
-17
-17
-17
-17
-14
-14
-14
-14
-14
-14
-14
-18
-18
-18
-18
-18
-18
-18
-22
-22
-22
-22
-22
-22
-22
-21
-21
-21
-21
-21
-21
-21
-21
-24
-24
-24
-24
-24
-24
-24
-25
-25
-25
-25
-25
-25
-25
-27
-27
-27
-27
-27
-27
-27
-27
-27
-27
-27
-27
-27
-27
-27
-27
-27
-27
-27
-27
-27
-31
-31
-31
-31
-31
-31
-31
-33
-33
-33
-33
-33
-33
-33
-33
-32
-32
-32
-32
-32
-32
-32
-36
-36
-36
-36
-36
-36
-36
-40
-40
-40
-40
-40
-40
-40
-35
-35
-35
-35
-35
-35
-35
-39
-39
-39
-39
-39
-39
-39
-40
-40
-40
-40
-40
-40
-40
-40
-40
-21
-21
-21
-21
-21
-21
-21
-26
-26
-26
-26
-26
-26
-40
-40
-40
-40
-40
-40
-40
-40
-45
-45
-45
-45
-45
-45
-58
-58
-58
-58
-58
-58
-58
-58
-56
-56
-56
-56
-56
-56
-56
-53
-53
-53
-53
-53
-53
-53
-51
-51
-51
-51
-51
-51
-51
-57
-57
-57
-57
-57
-57
-57
-54
-54
-54
-54
-54
-54
-54
-56
-56
-56
-56
-56
-56
-56
-57
-57
-57
-57
-57
-57
-57
-57
-64
-64
-64
-64
-64
-64
-64
-63
-63
-63
-63
-63
-63
-63
-64
-64
-64
-64
-64
-64
-64
-60
-60
-60
-60
-60
-60
-60
-60
-64
-64
-64
-64
-64
-64
-64
-69
-69
-69
-69
-69
-69
-69
-65
-65
-65
-65
-65
-65
-65
-72
-72
-72
-72
-72
-72
-72
-72
-71
-71
-71
-71
-71
-71
-71
-69
-69
-69
-69
-69
-69
-69
-69
-69
-69
-69
-69
-69
-69
-76
-76
-76
-76
-76
-76
-76
-75
-75
-75
-75
-75
-75
-75
-75
-77
-77
-77
-77
-77
-77
-77
-78
-78
-78
-78
-78
-78
-78
-76
-76
-76
-76
-76
-76
-76
-85
-85
-85
-85
-85
-85
-85
-84
-84
-84
-84
-84
-84
-84
-84
-86
-86
-86
-86
-86
-86
-86
-84
-84
-84
-84
-84
-84
-84
-88
-88
-88
-88
-88
-88
-88
-86
-86
-86
-86
-86
-86
-86
-89
-89
-89
-89
-89
-89
-89
-89
-84
-84
-84
-84
-84
-84
-84
-82
-82
-82
-82
-82
-82
-82
-97
-97
-97
-97
-97
-97
-97
-91
-91
-91
-91
-91
-91
-91
-91
-94
-94
-94
-94
-94
-94
-94
-93
-93
-93
-93
-93
-93
-93
-97
-97
-97
-97
-97
-97
-97
-96
-96
-96
-96
-96
-96
-96
-99
-99
-99
-99
-99
-99
-99
-99
-99
-99
-99
-99
-99
-99
-99
-94
-94
-94
-94
-94
-94
-94
-99
-99
-99
-99
-99
-99
-99
-98
-98
-98
-98
-98
-98
-98
-98
-104
-104
-104
-104
-104
-104
-104
-98
-98
-98
-98
-98
-98
-98
-101
-101
-101
-101
-101
-101
-101
-100
-100
-100
-100
-100
-100
-100
-100
-98
-98
-98
-98
-98
-98
-98
-103
-103
-103
-103
-103
-103
-103
-102
-102
-102
-102
-102
-102
-102
-102
-107
-107
-107
-107
-107
-107
-107
-104
-104
-104
-104
-104
-104
-103
-103
-103
-103
-103
-103
-103
-103
-98
-98
-98
-98
-98
-98
-98
-109
-109
-109
-109
-109
-109
-109
-105
-105
-105
-105
-105
-105
-105
-105
-105
-105
-105
-105
-105
-105
-101
-101
-101
-101
-101
-101
-101
-101
-104
-104
-104
-104
-104
-104
-104
-102
-102
-102
-102
-102
-102
-102
-100
-100
-100
-100
-100
-100
-100
-101
-101
-101
-101
-101
-101
-101
-101
-100
-100
-100
-100
-100
-100
-100
-103
-103
-103
-103
-103
-103
-103
-101
-101
-101
-101
-101
-101
-101
-106
-106
-106
-106
-106
-106
-106
-106
-98
-98
-98
-98
-98
-98
-98
-101
-101
-101
-101
-101
-101
-101
-94
-94
-94
-94
-94
-94
-94
-97
-97
-97
-97
-97
-97
-97
-97
-97
-97
-97
-97
-97
-97
-97
-94
-94
-94
-94
-94
-94
-94
-96
-96
-96
-96
-96
-96
-96
-92
-92
-92
-92
-92
-92
-92
-92
-96
-96
-96
-96
-96
-96
-96
-87
-87
-87
-87
-87
-87
-87
-89
-89
-89
-89
-89
-89
-89
-89
-89
-89
-89
-89
-89
-89
-88
-88
-88
-88
-88
-88
-88
-88
-88
-88
-88
-88
-88
-88
-88
-84
-84
-84
-84
-84
-84
-84
-82
-82
-82
-82
-82
-82
-82
-81
-81
-81
-81
-81
-81
-81
-81
-81
-81
-81
-81
-81
-81
-81
-77
-77
-77
-77
-77
-77
-77
-81
-81
-81
-81
-81
-81
-81
-78
-78
-78
-78
-78
-78
-78
-74
-74
-74
-74
-74
-74
-74
-74
-70
-70
-70
-70
-70
-70
-70
-71
-71
-71
-71
-71
-71
-71
-71
-71
-71
-71
-71
-71
-71
-67
-67
-67
-67
-67
-67
-67
-62
-62
-62
-62
-62
-62
-62
-65
-65
-65
-65
-65
-65
-65
-64
-64
-64
-64
-64
-64
-64
-64
-58
-58
-58
-58
-58
-58
-58
-53
-53
-53
-53
-53
-53
-53
-53
-52
-52
-52
-52
-52
-52
-52
-55
-55
-55
-55
-55
-55
-55
-56
-56
-56
-56
-56
-56
-56
-48
-48
-48
-48
-48
-48
-48
-49
-49
-49
-49
-49
-49
-49
-45
-45
-45
-45
-45
-45
-45
-45
-46
-46
-46
-46
-46
-46
-46
-44
-44
-44
-44
-44
-44
-44
-41
-41
-41
-41
-41
-41
-41
-40
-40
-40
-40
-40
-40
-40
-34
-34
-34
-34
-34
-34
-34
-34
-34
-34
-34
-34
-34
-34
-34
-34
-34
-34
-34
-34
-34
-34
-28
-28
-28
-28
-28
-28
-28
-24
-24
-24
-24
-24
-24
-24
-30
-30
-30
-30
-30
-30
-30
-30
-28
-28
-28
-28
-28
-28
-28
-22
-22
-22
-22
-22
-22
-22
-21
-21
-21
-21
-21
-21
-21
-17
-17
-17
-17
-17
-17
-17
-17
-18
-18
-18
-18
-18
-18
-18
-8
-8
-8
-8
-8
-8
-8
-14
-14
-14
-14
-14
-14
-14
-15
-15
-15
-15
-15
-15
-15
-15
-3
-3
-3
-3
-3
-3
-3
-2
-2
-2
-2
-2
-2
-2
0
0
0
0
0
0
0
-2
-2
-2
-2
-2
-2
-2
