-4000
-3985.01
-3955.17
-3925.78
-3897.13
-3869.51
-3843.19
-3818.44
-3795.51
-3774.62
-3755.98
-3739.77
-3726.17
-3715.3
-3707.28
-3702.19
-3700.06
-3700.94
-3704.8
-3711.62
-3721.31
-3733.79
-3748.93
-3766.58
-3786.56
-3808.67
-3832.69
-3858.39
-3885.5
-3913.76
-3942.87
-3972.56
-4002.52
-4032.46
-4062.07
-4091.06
-4119.14
-4146.04
-4171.47
-4195.19
-4216.96
-4236.56
-4253.79
-4268.5
-4280.52
-4289.73
-4296.05
-4299.42
-4299.79
-4297.16
-4291.57
-4283.06
-4271.73
-4257.68
-4241.06
-4222.02
-4200.77
-4177.52
-4152.48
-4125.93
-4098.12
-4069.32
-4039.84
-4009.95
-3979.97
-3950.19
-3920.9
-3892.41
-3864.99
-3838.92
