-50
449.375
444.386
434.456
419.686
400.224
376.262
348.042
315.844
279.992
240.841
198.785
154.244
107.661
59.5033
10.2513
-39.6027
-89.5606
-139.123
-187.795
-235.091
-280.536
-323.679
-364.087
-401.357
-435.116
-465.027
-490.791
-512.151
-528.894
-540.851
-547.904
-549.982
-547.065
-539.181
-526.409
-508.878
-486.761
-460.28
-429.7
-395.326
-357.502
-316.605
-273.045
-227.255
-179.695
-130.839
-81.1754
-31.2001
18.5873
67.6895
115.616
161.887
206.042
247.638
286.26
321.522
353.072
380.595
403.816
422.502
436.467
445.572
449.725
448.884
443.06
432.308
416.738
396.504
371.809
