0.01006
0.029428
0.030135
0.045266
0.066737
0.090135
0.111059
0.131916
0.152858
0.242965
0.466758
0.686098
0.902961
1.14589
1.42039
1.46337
1.51199
1.55266
1.5923
1.63129
1.65193
1.67256
1.69719
1.71777
1.73843
1.75895
1.77993
1.81515
1.8514
1.87203
1.89265
1.91331
1.9339
1.95457
1.97518
2.00555
2.04662
2.0687
2.08939
2.11009
2.13078
2.15435
2.17493
2.19551
2.22755
2.26182
2.28243
2.30303
2.32766
2.34073
2.35927
2.37878
2.39984
2.44231
2.46754
2.49215
2.5127
2.53326
2.55388
2.57451
2.59512
2.62211
2.6662
2.68676
2.70731
2.72789
2.74846
2.76893
2.78846
2.81312
2.85379
2.88131
2.90249
2.92304
2.94775
2.96828
2.98873
3.00811
3.03438
3.07879
3.09949
3.12098
3.14155
3.16219
3.18271
3.20322
3.22373
3.25751
3.29608
3.31663
3.33717
3.3577
3.37824
3.39871
3.42222
3.44683
3.48886
3.51058
3.52386
3.5421
3.5656
3.58612
3.60556
3.62605
3.65839
3.69353
3.71405
3.73869
3.75924
3.78002
3.8006
3.82136
3.84192
3.89112
3.91492
3.93549
3.95603
3.97549
3.99604
4.02097
4.04168
4.0727
4.10934
4.13001
4.15076
4.17446
4.19393
4.21438
4.23497
4.25559
4.29833
4.32836
4.34892
4.36945
4.39
4.41052
4.43105
4.45553
4.48502
4.52319
4.54376
4.56432
4.58642
4.6043
4.62889
4.6494
4.66988
4.70181
4.72751
4.74808
4.77161
4.79103
4.81154
4.83251
4.85301
4.87805
4.92056
4.9454
4.96589
4.98667
5.00961
5.03024
5.05087
5.07294
5.10977
5.14026
5.15975
5.18032
5.20085
5.22138
5.24593
5.2665
5.29127
5.33424
5.35486
5.37436
5.39895
5.41944
5.43986
5.46036
5.48088
5.51314
5.55168
5.57623
5.59678
5.61731
5.63796
5.65631
5.67466
5.69414
5.73689
5.76123
5.78071
5.80055
5.81704
5.83607
5.84928
5.86651
5.89079
5.92794
5.94433
5.96525
5.98067
5.99644
6.01279
6.02919
6.0477
6.07728
6.11092
6.12779
6.14351
6.15776
6.17319
6.18801
6.20936
6.22863
6.26638
6.28538
6.30159
6.31647
6.33231
6.35003
6.36531
6.38178
6.40559
6.44056
6.45943
6.47331
6.48673
6.50268
6.51899
6.53549
6.55091
6.59027
6.61212
6.62754
6.643
6.66342
6.68024
6.69814
6.71292
6.7334
6.77483
6.79114
6.80742
6.81948
6.8348
6.85007
6.86798
6.88157
6.912
6.94314
6.95956
6.97601
6.99638
7.01372
7.02805
7.04256
7.05823
7.09967
7.12725
7.14255
7.16
7.17786
7.19288
7.20869
7.22613
7.25237
7.28876
7.30516
7.32643
7.34039
7.35584
7.3721
7.38843
7.40481
7.43677
7.46992
7.48738
7.50199
7.5164
7.53233
7.55317
7.56974
7.5923
7.63252
7.64734
7.6611
7.67985
7.69717
7.71241
7.72989
7.74938
7.77435
7.80482
7.82105
7.83842
7.85575
7.87215
7.88961
7.91037
7.92611
7.96271
7.99011
8.0065
8.02497
8.04599
8.06378
8.08054
8.09416
8.11555
8.15487
8.17515
8.19617
8.21363
8.23073
8.24779
8.26473
8.28115
8.31357
8.34669
8.36248
8.37761
8.39395
8.41423
8.43157
8.44891
8.46723
8.50439
8.52946
8.54684
8.56942
8.58676
8.60527
8.62012
8.63773
8.65822
8.70357
8.72079
8.73924
8.75772
8.77385
8.78874
8.80311
8.82061
8.84987
8.8832
8.8983
8.9123
8.93177
8.95116
8.96855
8.98603
9.00216
9.04041
9.06886
9.08625
9.10466
9.1198
9.13856
9.15389
9.17053
9.19764
9.23759
9.25545
9.27401
9.28856
9.30755
9.32384
9.34121
9.3574
9.38912
9.41751
9.43037
9.45148
9.46878
9.48512
9.50141
9.51833
9.53659
9.57789
9.59894
9.6155
9.63248
9.64717
9.66621
9.68253
9.70107
9.72753
9.76272
9.77893
9.79325
9.81129
9.82762
9.84634
9.8644
9.87993
9.91751
9.94197
9.95842
9.97838
9.99408
10.0096
10.0282
10.0447
10.0704
10.1093
10.1241
10.1428
10.1593
10.1791
10.1972
10.2121
10.2301
10.2688
10.2977
10.3164
10.334
10.3503
10.365
10.3863
10.4049
10.4312
10.4667
10.4829
10.5039
10.5237
10.5401
10.558
10.5751
10.5926
10.6315
10.6539
10.673
10.6898
10.7073
10.7258
10.7465
10.763
10.7864
10.818
10.8362
10.8523
10.8688
10.8873
10.9013
10.9207
10.937
10.9746
11.0036
11.0203
11.0373
11.0572
11.0758
11.0911
11.1097
11.1312
11.1686
11.1923
11.2075
11.2259
11.2442
11.2612
11.2771
11.2971
11.3253
11.3615
11.3792
11.3934
11.4093
11.4307
11.4492
11.4654
11.4844
11.5141
11.5417
11.5613
11.5798
11.5951
11.6139
11.6275
11.6452
11.6723
11.7087
11.7266
11.7424
11.7599
11.7783
11.7922
11.8108
11.8278
11.8541
11.8849
11.9021
11.9224
11.942
11.9604
11.9749
11.9924
12.0153
12.0552
12.076
12.0906
12.1061
12.1287
12.146
12.1633
12.1796
12.2062
12.2433
12.2643
12.2816
12.298
12.3128
12.3283
12.3445
12.3671
12.4035
12.4275
12.4432
12.46
12.4795
12.4959
12.5143
12.5307
12.5523
12.5926
12.6161
12.6336
12.6539
12.6685
12.6854
12.7036
12.721
12.7519
12.7837
12.7974
12.8081
12.8297
12.8472
12.8637
12.8795
12.8977
12.9392
12.9619
12.9793
12.9954
13.0109
13.0277
13.0486
13.0651
13.0931
13.1256
13.1409
13.1581
13.1777
13.1951
13.2126
13.2315
13.2465
13.2876
13.3104
13.3267
13.3464
13.3614
13.3769
13.3955
13.414
13.4432
13.4755
13.4907
13.5091
13.5265
13.545
13.5645
13.5791
13.5984
13.6371
13.6599
13.6784
13.6958
13.7114
13.7291
13.7454
13.7629
13.7826
13.8253
13.8407
13.8573
13.8739
13.8914
13.9077
13.9275
13.9437
13.9756
14.0043
14.0217
14.0402
14.0599
14.0746
14.0918
14.1093
14.1283
14.1702
14.19
14.2073
14.2247
14.2447
14.2608
14.2784
14.2957
14.3251
14.3552
14.3705
14.3879
14.4094
14.4252
14.4408
14.4569
14.4736
14.5143
14.5416
14.5567
14.5725
14.5909
14.6083
14.6286
14.6443
14.6631
14.707
14.726
14.7437
14.7637
14.7786
14.7921
14.8096
14.8261
14.8548
14.889
14.9061
14.9258
14.9436
14.9602
14.9796
14.995
15.0138
15.0531
15.0728
15.0933
15.1094
15.125
15.1424
15.1587
15.1772
15.2108
15.2424
15.2588
15.2772
15.2947
15.3161
15.3324
15.3469
15.3642
15.4039
15.4271
15.4485
15.4632
15.4797
15.4959
15.5132
15.5307
15.5601
15.5911
15.609
15.6266
15.6441
15.6605
15.6791
15.6951
15.7124
15.7484
15.7745
15.7878
15.8061
15.8225
15.8376
15.8538
15.8722
15.8939
15.9367
15.9534
15.9707
15.9891
16.0065
16.0241
16.044
16.0586
16.092
16.1209
16.1397
16.155
16.1739
16.1897
16.207
16.2254
16.2442
16.2831
16.304
16.3218
16.338
16.3534
16.3737
16.3913
16.4086
16.4331
16.4686
16.4858
16.5029
16.5204
16.5408
16.5554
16.5697
16.5911
16.6295
16.6523
16.6697
16.6838
16.6994
16.72
16.7375
16.7549
16.7758
16.8089
16.8237
16.8438
16.8613
16.8786
16.8974
16.9133
16.9286
16.9692
16.9938
17.0112
17.0287
17.0439
17.061
17.0822
17.1006
17.1266
17.1613
17.1788
17.1963
17.2136
17.2339
17.2502
17.2661
17.2817
17.3134
17.3444
17.364
17.3821
17.3975
17.4149
17.4312
17.4487
17.4736
17.5105
17.532
17.547
17.5634
17.5819
17.6024
17.6187
17.633
17.6577
17.6953
17.7158
17.7331
17.7467
17.763
17.7754
17.7918
17.8092
17.8472
17.8718
17.8895
17.9079
17.9243
17.9419
17.9609
17.9757
17.9971
18.0366
18.0583
18.0756
18.0952
18.1134
18.1296
18.1487
18.1668
18.192
18.2311
18.2473
18.2647
18.282
18.3005
18.3178
18.3352
18.3503
18.3858
18.4188
18.4362
18.4555
18.4718
18.4885
18.5046
18.5222
18.543
18.5836
18.6064
18.6239
18.6402
18.6576
18.676
18.6961
18.7108
18.7381
18.778
18.7924
18.8099
18.8303
18.8439
18.8617
18.8779
18.8963
18.9246
18.9567
18.974
18.9912
19.0086
19.0259
19.0423
19.0629
19.077
19.1185
19.143
19.1598
19.1773
19.1964
19.2127
19.2293
19.2479
19.2706
19.3089
19.3295
19.3441
19.3598
19.3784
19.3968
19.4142
19.4294
19.4678
19.4934
19.5107
19.5299
19.5463
19.5676
19.5848
19.6004
19.6195
19.6593
19.6777
19.6981
19.7156
19.7305
19.7458
19.7642
19.7759
19.8132
19.843
19.8562
19.8726
19.89
19.9093
19.9268
19.9451
19.962
20.0016
20.0261
20.0426
20.061
20.0758
20.0922
20.1126
20.1301
20.1582
20.194
20.2089
20.228
20.2444
20.2618
20.2793
20.301
20.3175
20.356
20.3767
20.3931
20.4141
20.4305
20.4458
20.4634
20.481
20.5094
20.5454
20.5634
20.5807
20.5973
20.621
20.6379
20.6533
20.67
20.7114
20.7352
20.7531
20.7695
20.7844
20.7988
20.8203
20.8368
20.8634
20.8956
20.9161
20.9325
20.9499
20.9682
20.9867
21.0031
21.0214
21.061
21.0813
21.0987
21.1183
21.135
21.1526
21.171
21.1889
21.2153
21.2543
21.27
21.2875
21.3048
21.3222
21.3385
21.3563
21.3739
21.411
21.4361
21.4525
21.4698
21.4908
21.506
21.5228
21.5402
21.5644
21.6048
21.6256
21.6394
21.6559
21.6732
21.6896
21.7094
21.7272
21.758
21.7866
21.7997
21.8147
21.831
21.8521
21.8669
21.8821
21.8985
21.9405
21.9659
21.9835
21.9997
22.0149
22.031
22.0496
22.0722
22.0999
22.1325
22.1472
22.1658
22.1863
22.2049
22.2202
22.2393
22.2556
22.2982
22.3247
22.3423
22.361
22.3775
22.3947
22.4123
22.4287
22.451
22.4936
22.5072
22.525
22.5436
22.5611
22.5776
22.5976
22.6135
22.6472
22.6747
22.6922
22.7108
22.7261
22.7425
22.7611
22.7777
22.794
22.8365
22.8533
22.8693
22.8866
22.904
22.9237
22.9411
22.9574
22.9896
23.0234
23.0387
23.0573
23.074
23.0905
23.1062
23.1237
23.1459
23.1857
23.2052
23.2207
23.2399
23.2634
23.279
23.2946
23.311
23.3414
23.3777
23.3939
23.4129
23.4295
23.4469
23.4656
23.483
23.5031
23.5386
23.5607
23.5781
23.5955
23.6136
23.6309
23.6465
23.6628
23.6908
23.7252
23.7425
23.7603
23.7761
23.7912
23.8053
23.8227
23.84
23.8737
23.9
23.9143
23.9288
23.9514
23.9687
23.9848
24.0014
24.0215
24.0599
24.0823
24.0986
24.1174
24.133
24.1471
24.1655
24.1846
24.2167
24.2454
24.2606
24.2764
24.2938
24.31
24.3325
24.3488
24.3663
24.4068
24.4265
24.4429
24.4615
24.4815
24.4965
24.5111
24.5274
24.5554
24.5884
24.6075
24.624
24.6403
24.6577
24.674
24.6903
24.7121
24.7478
24.7711
24.7846
24.7993
24.8156
24.832
24.8518
24.8681
24.8925
24.9273
24.9447
24.9682
24.9843
24.999
25.0159
25.0343
25.0517
25.0917
25.1158
25.131
25.1489
25.1676
25.1839
25.2031
25.2204
25.2447
25.2795
25.2965
25.3128
25.3353
25.3515
25.3682
25.3833
25.4012
25.431
25.4657
25.4824
25.4973
25.5136
25.531
25.5484
25.5697
25.5905
25.6277
25.6444
25.6622
25.6807
25.6994
25.7174
25.7321
25.7477
25.7807
25.8066
25.8229
25.8407
25.8556
25.8734
25.8899
25.9085
25.9324
25.97
25.9869
26.0042
26.0226
26.0399
26.061
26.0744
26.0929
26.1251
26.1555
26.1707
26.1893
26.209
26.2246
26.2408
26.2593
26.2777
26.3189
26.345
26.3599
26.3754
26.3917
26.4101
26.4263
26.4447
26.4671
26.5051
26.5236
26.5427
26.5602
26.5755
26.5938
26.6105
26.6289
26.6614
26.6879
26.7096
26.7257
26.7432
26.7584
26.7704
26.7899
26.811
26.8511
26.8673
26.8863
26.9095
26.9274
26.9442
26.9595
26.9761
27.0177
27.0456
27.0613
27.0777
27.0973
27.1189
27.1375
27.1565
27.1794
27.2197
27.2411
27.2597
27.2761
27.2954
27.3121
27.3343
27.3519
27.388
27.4191
27.436
27.4586
27.4784
27.497
27.5179
27.5352
27.5646
27.6035
27.6199
27.64
27.6581
27.6817
27.6992
27.7178
27.7375
27.7726
27.8077
27.8269
27.8466
27.8625
27.882
27.8985
27.9159
27.9406
27.9813
28.003
28.0225
28.04
28.0597
28.0811
28.1008
28.1194
28.1549
28.1836
28.2059
28.2244
28.2416
28.2628
28.2843
28.3015
28.3319
28.3696
28.3906
28.4086
28.4281
28.449
28.4686
28.489
28.5087
28.5444
28.5744
28.5939
28.6138
28.6333
28.6527
28.6727
28.6891
28.7102
28.7579
28.7785
28.7982
28.8153
28.8348
28.8532
28.8726
28.896
28.9255
28.9544
28.9736
28.9932
29.0148
29.0354
29.0551
29.0747
29.0944
29.1394
29.1633
29.183
29.2057
29.2224
29.244
29.2649
29.2848
29.3163
29.3551
29.3745
29.3965
29.4159
29.4366
29.4593
29.4788
29.5
29.5425
29.5655
29.5853
29.6046
29.6242
29.6439
29.6635
29.6862
29.7188
29.754
29.7737
29.7981
29.8167
29.8364
29.8559
29.876
29.8985
29.9384
29.9626
29.9826
30.0022
30.0253
30.043
30.0604
30.0766
30.1039
30.1451
30.159
30.1809
30.2004
30.2199
30.2385
30.2585
30.2764
30.3192
30.3465
30.366
30.3855
30.405
30.4245
30.449
30.4686
30.4943
30.5363
30.5578
30.5784
30.5979
30.6224
30.6429
30.6635
30.6841
30.7141
30.7511
30.7758
30.7964
30.8171
30.8378
30.8584
30.8781
30.8989
30.945
30.9724
30.9929
31.0135
31.034
31.0547
31.0793
31.0988
31.1263
31.1688
31.1893
31.21
31.2325
31.2499
31.2694
31.2879
31.3084
31.3412
31.3843
31.4048
31.4254
31.4449
31.4655
31.486
31.5095
31.5301
31.5721
31.6004
31.6212
31.646
31.6672
31.6882
31.7092
31.73
31.7617
31.8022
31.823
31.8436
31.8631
31.8827
31.9073
31.9281
31.9488
31.9837
32.0208
32.0457
32.0655
32.0863
32.1071
32.128
32.1529
32.1751
32.2175
32.2418
32.2626
32.2874
32.3072
32.328
32.3488
32.3696
32.4057
32.4389
32.4596
32.4793
32.498
32.5189
32.5423
32.5631
32.5839
32.6247
32.6533
32.678
32.6986
32.7191
32.7396
32.7603
32.781
32.8127
32.855
32.8757
32.8965
32.9171
32.9416
32.961
32.9819
33.0026
