0
0
0
0
0
0
0
0
0
0
0
0
0
0
0
0
0
0
0
0
0
0
0
0
0
0
0
0
-0.000825945
-0.000825945
-0.000825945
-0.000825945
-0.000825945
-0.000825945
-0.000825945
-0.000825945
-0.000825945
-0.000825945
-0.000825945
-0.000825945
-0.000825945
-0.000825945
-0.000825945
-0.000825945
-0.000825945
-0.000825945
-0.000825945
-0.000825945
-0.000825945
-0.000825945
-0.000825945
-0.000825945
-0.000825945
-0.000825945
-0.000825945
-0.000825945
-0.000825945
-0.000825945
-0.000825945
-0.000825945
-0.000825945
-0.000825945
-0.000825945
-0.000825945
-0.000825945
-0.000825945
-0.000825945
-0.000825945
-0.000825945
-0.000825945
-0.000825945
-0.000825945
-0.000825945
-0.000825945
-0.000825945
-0.000825945
-0.000825945
-0.000825945
-0.000825945
-0.000825945
-0.000825945
-0.000825945
-0.000825945
-0.000825945
-0.000825945
-0.000825945
-0.000825945
-0.000825945
-0.000825945
-0.000825945
-0.000825945
-0.000825945
-0.000825945
-0.000825945
-0.000825945
-0.000825945
-0.000825945
-0.000825945
-0.000825945
-0.000825945
-0.000825945
-0.000825945
-0.000825945
-0.000825945
-0.000825945
-0.000825945
-0.000825945
-0.000825945
-0.000825945
-0.000825945
-0.000825945
-0.000825945
-0.000825945
-0.000825945
-0.000825945
-0.000825945
-0.000825945
-0.000825945
-0.000825945
-0.000825945
-0.000825945
-0.000825945
-0.000825945
-0.000825945
-0.000825945
-0.000825945
-0.000825945
-0.000825945
-0.000825945
-0.000825945
-0.000825945
-0.000825945
-0.000825945
-0.000825945
-0.000825945
-0.000825945
-0.000825945
-0.000825945
-0.000825945
-0.000825945
-0.000825945
-0.000825945
-0.000825945
-0.000825945
-0.000825945
-0.000825945
-0.000825945
-0.000825945
-0.000825945
-0.000825945
-0.000825945
-0.000825945
-0.000825945
-0.000825945
-0.000825945
-0.000825945
-0.000825945
-0.000825945
-0.000825945
-0.000825945
-0.000825945
-0.000825945
-0.000825945
-0.000825945
-0.000825945
-0.000825945
-0.000825945
-0.000825945
-0.000825945
-0.000825945
-0.000825945
-0.000825945
-0.000825945
-0.000825945
-0.000825945
-0.000825945
-0.000825945
-0.000825945
-0.000825945
-0.000825945
-0.000825945
-0.000825945
-0.000825945
-0.000825945
0.00991613
0.00991613
0.00991613
0.00991613
0.00991613
0.00991613
0.00991613
0.00991613
0.00991613
4.87609
4.87609
4.87609
4.87609
4.87609
4.87609
4.87609
4.87609
4.87609
4.87609
5.745
5.745
5.745
5.745
5.745
5.745
5.745
5.745
5.745
4.92571
4.92571
4.92571
4.92571
4.92571
4.92571
4.92571
4.92571
4.92571
5.15293
5.15293
5.15293
5.15293
5.15293
5.15293
5.15293
5.15293
5.15293
5.8801
5.8801
5.8801
5.8801
5.8801
5.8801
5.8801
5.8801
5.8801
7.42566
7.42566
7.42566
7.42566
7.42566
7.42566
7.42566
7.42566
7.42566
9.72824
9.72824
9.72824
9.72824
9.72824
9.72824
9.72824
9.72824
9.72824
12.2275
12.2275
12.2275
12.2275
12.2275
12.2275
12.2275
12.2275
12.2275
14.1988
14.1988
14.1988
14.1988
14.1988
14.1988
14.1988
14.1988
14.1988
15.3868
15.3868
15.3868
15.3868
15.3868
15.3868
15.3868
15.3868
15.3868
16.7483
16.7483
16.7483
16.7483
16.7483
16.7483
16.7483
16.7483
16.7483
17.4433
17.4433
17.4433
17.4433
17.4433
17.4433
17.4433
17.4433
17.4433
18.6447
18.6447
18.6447
18.6447
18.6447
18.6447
18.6447
18.6447
18.6447
19.9266
19.9266
19.9266
19.9266
19.9266
19.9266
19.9266
19.9266
19.9266
20.575
20.575
20.575
20.575
20.575
20.575
20.575
20.575
20.575
20.5009
20.5009
20.5009
20.5009
20.5009
20.5009
20.5009
20.5009
20.5009
20.5094
20.5094
20.5094
20.5094
20.5094
20.5094
20.5094
20.5094
20.5094
20.2317
20.2317
20.2317
20.2317
20.2317
20.2317
20.2317
20.2317
20.2317
20.2421
20.2421
20.2421
20.2421
20.2421
20.2421
20.2421
20.2421
20.2421
20.2386
20.2386
20.2386
20.2386
20.2386
20.2386
20.2386
20.2386
20.2386
20.2414
20.2414
20.2414
20.2414
20.2414
20.2414
20.2414
20.2414
20.2414
20.2414
20.2161
20.2161
20.2161
20.2161
20.2161
20.2161
20.2161
20.2161
20.2161
20.2429
20.2429
20.2429
20.2429
20.2429
20.2429
20.2429
20.2429
20.2429
20.2275
20.2275
20.2275
20.2275
20.2275
20.2275
20.2275
20.2275
20.2275
20.2445
20.2445
20.2445
20.2445
20.2445
20.2445
20.2445
20.2445
20.2445
20.2443
20.2443
20.2443
20.2443
20.2443
20.2443
20.2443
20.2443
20.2425
20.2425
20.2425
20.2425
20.2425
20.2425
20.2425
20.2425
20.2425
20.2425
20.2422
20.2422
20.2422
20.2422
20.2422
20.2422
20.2422
20.2422
20.2422
20.2269
20.2269
20.2269
20.2269
20.2269
20.2269
20.2269
20.2269
20.2269
20.2433
20.2433
20.2433
20.2433
20.2433
20.2433
20.2433
20.2433
20.2433
20.2436
20.2436
20.2436
20.2436
20.2436
20.2436
20.2436
20.2436
20.2436
20.2484
20.2484
20.2484
20.2484
20.2484
20.2484
20.2484
20.2484
20.2484
20.2484
20.2428
20.2428
20.2428
20.2428
20.2428
20.2428
20.2428
20.2428
20.2428
20.2428
20.2428
20.2428
20.2428
20.2428
20.2428
20.2327
20.2327
20.2327
20.2327
20.2327
20.2327
20.2327
20.2327
20.2327
20.2327
20.2327
20.2327
20.2327
20.2327
20.2525
20.2525
20.2525
20.2525
20.2525
20.2525
20.2525
20.2525
20.2525
20.2525
20.2525
20.2525
20.2525
20.2525
20.2525
20.2525
20.2525
20.308
20.308
20.308
20.308
20.308
20.308
20.308
20.308
20.308
20.308
20.308
20.308
20.308
20.308
20.308
20.3187
20.3187
20.3187
20.3187
20.3187
20.3187
20.3187
20.3187
20.3187
20.3187
20.3187
20.3187
20.3187
20.3187
20.3187
20.3187
20.2453
20.2453
20.2453
20.2453
20.2453
20.2453
20.2453
20.2453
20.2453
20.2453
20.2453
20.2453
20.2453
20.2453
20.2453
20.2296
20.2296
20.2296
20.2296
20.2296
20.2296
20.2296
20.2296
20.2296
20.2296
20.2296
20.2296
20.2296
20.2296
20.2296
20.2296
20.177
20.177
20.177
20.177
20.177
20.177
20.177
20.177
20.177
20.177
20.177
20.177
20.177
20.177
20.177
20.177
20.3743
20.3743
20.3743
20.3743
20.3743
20.3743
20.3743
20.3743
20.3743
20.3743
20.3743
20.3743
20.3743
20.3743
20.3743
20.3372
20.3372
20.3372
20.3372
20.3372
20.3372
20.3372
20.3372
20.3372
20.3372
20.3372
20.3372
20.3372
20.3372
20.3372
20.3372
20.3372
20.225
20.225
20.225
20.225
20.225
20.225
20.225
20.225
20.225
20.225
20.225
20.225
20.225
20.225
20.225
20.225
20.225
20.3735
20.3735
20.3735
20.3735
20.3735
20.3735
20.3735
20.3735
20.3735
20.3735
20.3735
20.3735
20.3735
20.3735
20.247
20.247
20.247
20.247
20.247
20.247
20.247
20.247
20.247
20.247
20.247
20.247
20.247
20.247
20.247
20.2496
20.2496
20.2496
20.2496
20.2496
20.2496
20.2496
20.2496
20.2496
20.2457
20.2457
20.2457
20.2457
20.2457
20.2457
20.2457
20.2457
20.2457
20.2323
20.2323
20.2323
20.2323
20.2323
20.2323
20.2323
20.2323
20.2323
20.2127
20.2127
20.2127
20.2127
20.2127
20.2127
20.2127
20.2127
20.2127
20.2437
20.2437
20.2437
20.2437
20.2437
20.2437
20.2437
20.2437
20.2437
20.2448
20.2448
20.2448
20.2448
20.2448
20.2448
20.2448
20.2448
20.2448
20.2449
20.2449
20.2449
20.2449
20.2449
20.2449
20.2449
20.2449
20.2449
20.2451
20.2451
20.2451
20.2451
20.2451
20.2451
20.2451
20.2451
20.2451
20.2405
20.2405
20.2405
20.2405
20.2405
20.2405
20.2405
20.2405
20.2405
20.2384
20.2384
20.2384
20.2384
20.2384
20.2384
20.2384
20.2384
20.2384
20.2344
20.2344
20.2344
20.2344
20.2344
20.2344
20.2344
20.2344
20.2344
20.2451
20.2451
20.2451
20.2451
20.2451
20.2451
20.2451
20.2451
20.2451
20.233
20.233
20.233
20.233
20.233
20.233
20.233
