0
0
0
0
0
0
0
0
0
0
0
0
37.0174
37.0174
37.0174
37.4438
37.4438
37.4438
37.4438
37.4472
37.4472
37.4472
37.4464
37.4464
37.4464
37.4459
37.4459
37.4459
37.4459
37.4456
37.4456
37.4456
38.0924
38.0924
38.0924
39.0139
39.0139
39.0139
39.0139
41.0441
41.0441
41.0441
43.0037
43.0037
43.0037
46.2218
46.2218
46.2218
49.463
49.463
49.463
49.463
52.7368
52.7368
52.7368
56.5818
56.5818
56.5818
61.8492
61.8492
61.8492
61.8492
61.8492
66.4324
66.4324
66.4324
66.4324
71.8577
71.8577
71.8577
76.941
76.941
76.941
76.941
79.1584
79.1584
79.1584
82.0606
82.0606
82.0606
85.3228
85.3228
85.3228
85.3228
89.3924
89.3924
89.3924
91.8675
91.8675
91.8675
94.4869
94.4869
94.4869
94.4869
96.7955
96.7955
96.7955
96.7955
99.9709
99.9709
99.9709
102.598
102.598
102.598
102.598
105.098
105.098
105.098
106.829
106.829
106.829
106.829
109.311
109.311
109.311
111.29
111.29
111.29
111.29
113.828
113.828
113.828
115.803
115.803
115.803
117.765
117.765
117.765
117.765
119.656
119.656
119.656
121.545
121.545
121.545
122.844
122.844
122.844
122.844
124.611
124.611
124.611
125.849
125.849
125.849
127.678
127.678
127.678
127.678
128.353
128.353
128.353
130.346
130.346
130.346
131.555
131.555
131.555
131.555
132.861
132.861
132.861
134.046
134.046
134.046
134.046
135.394
135.394
135.394
136.693
136.693
136.693
137.288
137.288
137.288
137.288
138.564
138.564
138.564
139.872
139.872
139.872
140.408
140.408
140.408
140.408
141.711
141.711
141.711
142.363
142.363
142.363
143.711
143.711
143.711
143.711
144.141
144.141
144.141
144.805
144.805
144.805
145.5
145.5
145.5
145.5
146.818
146.818
146.818
147.364
147.364
147.364
148.03
148.03
148.03
148.03
148.683
148.683
148.683
149.364
149.364
149.364
150.02
150.02
150.02
150.02
150.639
150.639
150.639
151.164
151.164
151.164
151.818
151.818
151.818
151.818
151.837
151.837
151.837
152.457
152.457
152.457
152.457
153.11
153.11
153.11
153.766
153.766
153.766
154.321
154.321
154.321
154.321
154.327
154.327
154.327
154.974
154.974
154.974
155.744
155.744
155.744
155.744
155.737
155.737
155.737
156.154
156.154
156.154
156.329
156.329
156.329
156.329
156.978
156.978
156.978
157.633
157.633
157.633
157.633
157.578
157.578
157.578
157.423
157.423
157.423
158.069
158.069
158.069
158.069
158.84
158.84
158.84
158.84
158.887
158.887
158.887
159.443
159.443
159.443
159.45
159.45
159.45
159.45
160.097
160.097
160.097
160.097
160.104
160.104
160.104
160.12
160.12
160.12
160.12
160.768
160.768
160.768
160.698
160.698
160.698
160.698
161.268
161.268
161.268
161.352
161.352
161.352
161.352
161.314
161.314
161.314
161.984
161.984
161.984
161.992
161.992
161.992
161.992
161.992
161.992
161.992
161.992
162.64
162.64
162.64
162.647
162.647
162.647
162.647
162.663
162.663
162.663
162.624
162.624
162.624
163.233
163.233
163.233
163.233
163.24
163.24
163.24
163.24
163.24
163.24
163.24
163.201
163.201
163.201
163.201
163.201
163.201
163.201
163.887
163.887
163.887
163.911
163.911
163.911
163.911
163.911
163.911
163.911
163.911
163.911
163.911
164.636
164.636
164.636
164.606
164.606
164.606
164.606
164.605
164.605
164.605
164.567
164.567
164.567
164.567
164.528
164.528
164.528
164.528
164.528
164.528
165.175
165.175
165.175
165.175
165.221
165.221
165.221
165.222
165.222
165.222
165.222
165.222
165.222
165.222
165.183
165.183
165.183
165.183
165.183
165.183
165.831
165.831
165.831
165.831
165.838
165.838
165.838
165.838
165.838
165.838
165.838
165.838
165.838
165.838
165.8
165.8
165.8
165.799
165.799
165.799
165.799
165.799
165.799
165.799
165.799
165.799
165.799
165.799
165.799
165.799
165.799
165.799
165.799
165.799
165.799
165.799
165.799
165.799
165.799
165.799
165.799
165.799
165.799
165.799
165.799
165.799
165.799
166.447
166.447
166.447
166.447
166.455
166.455
166.455
166.455
166.455
166.455
166.455
166.416
166.416
166.416
166.416
166.416
166.416
166.454
166.454
166.454
166.454
166.439
166.439
166.439
166.439
166.439
166.439
166.439
166.439
166.439
166.439
166.477
166.477
166.477
166.439
166.439
166.439
166.439
166.439
166.439
166.439
166.439
166.439
166.439
166.439
166.439
166.439
166.439
166.439
166.439
166.439
166.439
166.439
166.439
166.439
166.439
166.439
166.439
167.086
167.086
167.086
167.094
167.094
167.094
167.094
167.056
167.056
167.056
167.055
167.055
167.055
167.055
167.055
167.055
167.055
167.055
167.055
167.055
167.703
167.703
167.703
168.358
168.358
168.358
168.358
168.404
168.404
168.404
168.937
168.937
168.937
168.937
168.943
168.943
168.943
168.943
168.943
168.943
168.943
168.943
168.943
168.943
168.943
168.943
168.943
169.02
169.02
169.02
169.02
169.021
169.021
169.021
169.005
169.005
169.005
169.005
168.967
168.967
168.967
168.967
168.966
168.966
168.966
169.005
169.005
169.005
169.005
169.005
169.005
169.005
169.005
169.005
169.005
168.967
168.967
168.967
168.967
168.318
168.318
168.318
168.311
168.311
168.311
168.997
168.997
168.997
168.997
169.691
169.691
169.691
169.699
169.699
169.699
169.699
169.622
169.622
169.622
169.622
169.622
169.622
169.622
169.622
169.621
169.621
169.621
169.621
169.637
169.637
169.637
169.637
169.637
169.637
169.637
169.637
169.637
169.637
169.637
169.637
169.637
169.637
169.637
169.637
169.637
169.637
169.637
169.637
169.637
169.637
169.637
169.637
168.99
168.99
168.99
168.998
168.998
168.998
168.998
169.052
169.052
169.052
169.037
169.037
169.037
169.037
169.037
169.037
169.037
168.999
168.999
168.999
168.999
169.037
169.037
169.037
169.037
169.037
169.037
169.037
169.037
169.037
169.037
169.037
169.037
169.037
169.037
169.037
169.037
169.037
169.037
169.037
169.037
169.037
169.037
169.037
169.037
169.037
169.037
169.037
169.037
