0
0
0
0
0
0
0
0
0
0
0
0
-18.6667
-18.6667
-18.6667
-18.6885
-18.6885
-18.6885
-18.6886
-18.6886
-18.6886
-18.6886
-18.6885
-18.6885
-18.6885
-18.6884
-18.6884
-18.6884
-18.6884
-18.6884
-18.6884
-18.6884
-18.6884
-18.6884
-18.6884
-18.0161
-18.0161
-18.0161
-18.0161
-18.923
-18.923
-18.923
-20.1462
-20.1462
-20.1462
-22.663
-22.663
-22.663
-22.663
-25.7501
-25.7501
-25.7501
-27.662
-27.662
-27.662
-30.0254
-30.0254
-30.0254
-30.0254
-32.4101
-32.4101
-32.4101
-33.6779
-33.6779
-33.6779
-33.6779
-35.2022
-35.2022
-35.2022
-37.1624
-37.1624
-37.1624
-38.5106
-38.5106
-38.5106
-38.5106
-39.8206
-39.8206
-39.8206
-40.8513
-40.8513
-40.8513
-41.9499
-41.9499
-41.9499
-41.9499
-43.2253
-43.2253
-43.2253
-44.4624
-44.4624
-44.4624
-45.7694
-45.7694
-45.7694
-45.7694
-46.4246
-46.4246
-46.4246
-47.7367
-47.7367
-47.7367
-48.9766
-48.9766
-48.9766
-48.9766
-49.6182
-49.6182
-49.6182
-50.7686
-50.7686
-50.7686
-50.7686
-51.4746
-51.4746
-51.4746
-52.1022
-52.1022
-52.1022
-53.4113
-53.4113
-53.4113
-53.4113
-54.0015
-54.0015
-54.0015
-54.0015
-54.6615
-54.6615
-54.6615
-55.3275
-55.3275
-55.3275
-56.5469
-56.5469
-56.5469
-56.5469
-57.2121
-57.2121
-57.2121
-57.2249
-57.2249
-57.2249
-57.2249
-58.533
-58.533
-58.533
-59.2407
-59.2407
-59.2407
-59.9737
-59.9737
-59.9737
-59.9737
-60.4508
-60.4508
-60.4508
-61.248
-61.248
-61.248
-61.248
-61.847
-61.847
-61.847
-62.5286
-62.5286
-62.5286
-62.5286
-62.5036
-62.5036
-62.5036
-63.1834
-63.1834
-63.1834
-63.8617
-63.8617
-63.8617
-63.8617
-64.5062
-64.5062
-64.5062
-64.3856
-64.3856
-64.3856
-64.3856
-65.2892
-65.2892
-65.2892
-65.7284
-65.7284
-65.7284
-65.7284
-65.8217
-65.8217
-65.8217
-66.3849
-66.3849
-66.3849
-67.0471
-67.0471
-67.0471
-67.0471
-67.0551
-67.0551
-67.0551
-67.7407
-67.7407
-67.7407
-67.7407
-67.7539
-67.7539
-67.7539
-68.4634
-68.4634
-68.4634
-69.0674
-69.0674
-69.0674
-69.0674
-69.08
-69.08
-69.08
-69.709
-69.709
-69.709
-69.709
-69.769
-69.769
-69.769
-70.4016
-70.4016
-70.4016
-70.4163
-70.4163
-70.4163
-70.4163
-71.0818
-71.0818
-71.0818
-71.178
-71.178
-71.178
-71.178
-71.851
-71.851
-71.851
-71.6937
-71.6937
-71.6937
-71.6659
-71.6659
-71.6659
-71.6659
-72.3357
-72.3357
-72.3357
-72.3909
-72.3909
-72.3909
-72.3909
-73.0876
-73.0876
-73.0876
-73.0685
-73.0685
-73.0685
-73.7015
-73.7015
-73.7015
-73.7015
-73.6567
-73.6567
-73.6567
-73.7527
-73.7527
-73.7527
-74.4068
-74.4068
-74.4068
-74.4068
-74.4294
-74.4294
-74.4294
-74.3106
-74.3106
-74.3106
-74.3106
-74.9638
-74.9638
-74.9638
-75.0229
-75.0229
-75.0229
-75.0443
-75.0443
-75.0443
-75.0443
-75.6986
-75.6986
-75.6986
-75.6982
-75.6982
-75.6982
-75.6982
-75.7191
-75.7191
-75.7191
-76.3343
-76.3343
-76.3343
-76.2945
-76.2945
-76.2945
-76.2945
-76.3552
-76.3552
-76.3552
-77.0492
-77.0492
-77.0492
-77.0492
-77.0491
-77.0491
-77.0491
-77.071
-77.071
-77.071
-77.1097
-77.1097
-77.1097
-77.1097
-77.725
-77.725
-77.725
-77.7087
-77.7087
-77.7087
-77.7086
-77.7086
-77.7086
-77.7086
-77.7086
-77.7086
-77.7086
-78.2861
-78.2861
-78.2861
-78.2861
-78.3243
-78.3243
-78.3243
-78.3864
-78.3864
-78.3864
-78.3074
-78.3074
-78.3074
-78.3074
-78.308
-78.308
-78.308
-78.9635
-78.9635
-78.9635
-78.9635
-78.9636
-78.9636
-78.9636
-78.9613
-78.9613
-78.9613
-78.9227
-78.9227
-78.9227
-78.9227
-78.9464
-78.9464
-78.9464
-79.0254
-79.0254
-79.0254
-79.0254
-79.6801
-79.6801
-79.6801
-79.6802
-79.6802
-79.6802
-79.64
-79.64
-79.64
-79.5611
-79.5611
-79.5611
-79.5611
-79.561
-79.561
-79.561
-80.2955
-80.2955
-80.2955
-80.2955
-80.3103
-80.3103
-80.3103
-80.3098
-80.3098
-80.3098
-80.2308
-80.2308
-80.2308
-80.2308
-80.1916
-80.1916
-80.1916
-80.1905
-80.1905
-80.1905
-80.1899
-80.1899
-80.1899
-80.1899
-80.2543
-80.2543
-80.2543
-80.2154
-80.2154
-80.2154
-80.2154
-80.2149
-80.2149
-80.2149
-80.9091
-80.9091
-80.9091
-80.9095
-80.9095
-80.9095
-80.9095
-80.9094
-80.9094
-80.9094
-80.8707
-80.8707
-80.8707
-80.9101
-80.9101
-80.9101
-80.9101
-80.9746
-80.9746
-80.9746
-80.8956
-80.8956
-80.8956
-80.8956
-80.9737
-80.9737
-80.9737
-80.935
-80.935
-80.935
-80.935
-80.9349
-80.9349
-80.9349
-81.5909
-81.5909
-81.5909
-81.5522
-81.5522
-81.5522
-81.5522
-81.5518
-81.5518
-81.5518
-81.5513
-81.5513
-81.5513
-81.5516
-81.5516
-81.5516
-81.5516
-81.5124
-81.5124
-81.5124
-81.5516
-81.5516
-81.5516
-81.5516
-81.6165
-81.6165
-81.6165
-81.6166
-81.6166
-81.6166
-81.5774
-81.5774
-81.5774
-81.5774
-81.5774
-81.5774
-81.5774
-81.6559
-81.6559
-81.6559
-81.6559
-81.5773
-81.5773
-81.5773
-81.6164
-81.6164
-81.6164
-81.6164
-80.9213
-80.9213
-80.9213
-80.9205
-80.9205
-80.9205
-80.9204
-80.9204
-80.9204
-80.9204
-81.038
-81.038
-81.038
-80.8417
-80.8417
-80.8417
-80.8417
-80.9595
-80.9595
-80.9595
-81.6156
-81.6156
-81.6156
-81.6156
-81.6161
-81.6161
-81.6161
-81.6161
-81.6161
-81.6161
-81.6161
-81.5376
-81.5376
-81.5376
-81.5769
-81.5769
-81.5769
-81.5768
-81.5768
-81.5768
-81.5768
-81.5766
-81.5766
-81.5766
-81.5766
-81.5766
-81.5766
-81.5766
-81.5767
-81.5767
-81.5767
-81.5767
-81.5767
-81.5767
-81.5767
-81.5767
-81.5767
-81.5767
-81.5767
-81.5767
-81.5767
-81.5767
-81.5767
-81.5767
-81.5767
-82.2327
-82.2327
-82.2327
-82.2327
-82.2335
-82.2335
-82.2335
-82.2335
-82.2335
-82.2335
-82.2335
-82.2335
-82.2335
-82.2335
-82.1942
-82.1942
-82.1942
-82.1942
-82.1942
-82.1942
-82.1942
-82.1942
-82.1942
-82.1942
-82.2335
-82.2335
-82.2335
-82.2335
-82.2335
-82.2335
-82.2335
-82.2335
-82.2335
-82.2335
-82.2335
-82.1942
-82.1942
-82.1942
-82.1942
-82.1942
-82.1942
-82.1942
-82.2335
-82.2335
-82.2335
-82.2335
-82.2335
-82.2335
-82.2335
-82.2335
-82.2335
-82.2335
-82.2335
-82.2335
-82.2335
-82.2335
-82.2335
-82.2335
-82.2335
-82.1942
-82.1942
-82.1942
-82.1942
-82.1942
-82.1942
-82.1941
-82.1941
-82.1941
-82.1941
-82.2335
-82.2335
-82.2335
-82.2335
-82.2335
-82.2335
-82.2335
-82.1942
-82.1942
-82.1942
-82.1942
-82.1942
-82.1942
-82.1942
-82.1942
-82.1942
-82.1942
-82.1942
-82.1942
-82.1942
-82.1942
-82.1941
-82.1941
-82.1941
-82.2335
-82.2335
-82.2335
-82.2335
-82.8895
-82.8895
-82.8895
-82.8903
-82.8903
-82.8903
-82.195
-82.195
-82.195
-82.195
-82.1548
-82.1548
-82.1548
-81.6167
-81.6167
-81.6167
-81.6167
-81.6161
-81.6161
-81.6161
-81.6161
-81.6161
-81.6161
-81.6161
-81.6554
-81.6554
-81.6554
-81.6554
-81.6554
-81.6554
-81.5768
-81.5768
-81.5768
-81.5768
-81.5767
-81.5767
-81.5767
-81.5504
-81.5504
-81.5504
-81.5504
-81.5504
-81.5504
-81.5504
-81.5504
-81.5504
-81.5504
-81.5504
-81.5504
-81.5504
-81.5504
-82.2065
-82.2065
-82.2065
-82.2072
-82.2072
-82.2072
-82.2072
-82.1679
-82.1679
-82.1679
-82.1678
-82.1678
-82.1678
-82.1679
-82.1679
-82.1679
-82.1679
-82.1679
-82.1679
-82.1679
-82.2072
-82.2072
-82.2072
-82.2072
-82.2072
-82.2072
-82.2072
-82.2072
-82.2072
-82.2072
-82.1679
-82.1679
-82.1679
-82.1679
-82.1678
-82.1678
-82.1678
-82.1678
-82.1678
-82.1678
-82.1678
-82.1679
-82.1679
-82.1679
-82.1679
-82.1679
-82.1679
-82.2072
-82.2072
-82.2072
-82.2072
-82.2335
-82.2335
-82.2335
-82.2335
-82.2335
-82.2335
-82.2335
-82.1942
-82.1942
-82.1942
-82.1942
-82.1942
-82.1942
-82.1942
-82.1941
-82.1941
-82.1941
