0
0
0
0
0
0
0
0
0
0
0
0
0
0
0
0
0
0
0
0
0
11.4592
11.4592
11.4592
11.4592
11.4592
11.4592
11.4592
11.4592
11.4592
17.1887
17.1887
17.1887
17.1887
17.1887
17.1887
17.1887
17.1887
17.1887
17.1887
22.9183
22.9183
22.9183
22.9183
22.9183
22.9183
22.9183
22.9183
22.9183
22.9183
28.6479
28.6479
28.6479
28.6479
28.6479
28.6479
28.6479
28.6479
28.6479
34.3775
34.3775
34.3775
34.3775
34.3775
34.3775
34.3775
34.3775
34.3775
34.3775
40.107
40.107
40.107
40.107
40.107
40.107
40.107
40.107
40.107
40.107
45.8366
45.8366
45.8366
45.8366
45.8366
45.8366
45.8366
45.8366
45.8366
51.5662
51.5662
51.5662
51.5662
51.5662
51.5662
51.5662
51.5662
51.5662
51.5662
57.2958
57.2958
57.2958
57.2958
57.2958
57.2958
57.2958
57.2958
57.2958
57.2958
63.0254
63.0254
63.0254
63.0254
63.0254
63.0254
63.0254
63.0254
63.0254
63.0254
68.7549
68.7549
68.7549
68.7549
68.7549
68.7549
68.7549
68.7549
68.7549
74.4845
74.4845
74.4845
74.4845
74.4845
74.4845
74.4845
74.4845
74.4845
74.4845
80.2141
80.2141
80.2141
80.2141
80.2141
80.2141
80.2141
80.2141
80.2141
85.9437
85.9437
85.9437
85.9437
85.9437
85.9437
85.9437
85.9437
85.9437
85.9437
91.6732
91.6732
91.6732
91.6732
91.6732
91.6732
91.6732
91.6732
91.6732
91.6732
97.4028
97.4028
97.4028
97.4028
97.4028
97.4028
97.4028
97.4028
97.4028
103.132
103.132
103.132
103.132
103.132
103.132
103.132
103.132
103.132
103.132
108.862
108.862
108.862
108.862
108.862
108.862
108.862
108.862
108.862
108.862
114.592
114.592
114.592
114.592
114.592
114.592
114.592
114.592
114.592
120.321
120.321
120.321
120.321
120.321
120.321
120.321
120.321
120.321
120.321
126.051
126.051
126.051
126.051
126.051
126.051
126.051
126.051
126.051
126.051
131.78
131.78
131.78
131.78
131.78
131.78
131.78
131.78
131.78
137.51
137.51
137.51
137.51
137.51
137.51
137.51
137.51
137.51
137.51
143.239
143.239
143.239
143.239
143.239
143.239
143.239
143.239
143.239
143.239
148.969
148.969
148.969
148.969
148.969
148.969
148.969
148.969
148.969
154.699
154.699
154.699
154.699
154.699
154.699
154.699
154.699
154.699
154.699
160.428
160.428
160.428
160.428
160.428
160.428
160.428
160.428
160.428
160.428
166.158
166.158
166.158
166.158
166.158
166.158
166.158
166.158
166.158
171.887
171.887
171.887
171.887
171.887
171.887
171.887
171.887
171.887
171.887
177.617
177.617
177.617
177.617
177.617
177.617
177.617
177.617
177.617
177.617
183.346
183.346
183.346
183.346
183.346
183.346
183.346
183.346
183.346
189.076
189.076
189.076
189.076
189.076
189.076
189.076
189.076
189.076
189.076
194.806
194.806
194.806
194.806
194.806
194.806
194.806
194.806
194.806
194.806
200.535
200.535
200.535
200.535
200.535
200.535
200.535
200.535
200.535
206.265
206.265
206.265
206.265
206.265
206.265
206.265
206.265
206.265
206.265
211.994
211.994
211.994
211.994
211.994
211.994
211.994
211.994
211.994
211.994
217.724
217.724
217.724
217.724
217.724
217.724
217.724
217.724
217.724
223.454
223.454
223.454
223.454
223.454
223.454
223.454
223.454
223.454
223.454
229.183
229.183
229.183
229.183
229.183
229.183
229.183
229.183
229.183
229.183
234.913
234.913
234.913
234.913
234.913
234.913
234.913
234.913
234.913
240.642
240.642
240.642
240.642
240.642
240.642
240.642
240.642
240.642
240.642
246.372
246.372
246.372
246.372
246.372
246.372
246.372
246.372
246.372
246.372
252.101
252.101
252.101
252.101
252.101
252.101
252.101
252.101
252.101
257.831
257.831
257.831
257.831
257.831
257.831
257.831
257.831
257.831
257.831
263.561
263.561
263.561
263.561
263.561
263.561
263.561
263.561
263.561
263.561
269.29
269.29
269.29
269.29
269.29
269.29
269.29
269.29
269.29
275.02
275.02
275.02
275.02
275.02
275.02
275.02
275.02
275.02
275.02
280.749
280.749
280.749
280.749
280.749
280.749
280.749
280.749
280.749
280.749
286.479
286.479
286.479
286.479
286.479
286.479
286.479
286.479
286.479
292.208
292.208
292.208
292.208
292.208
292.208
292.208
292.208
292.208
292.208
297.938
297.938
297.938
297.938
297.938
297.938
297.938
297.938
297.938
297.938
303.668
303.668
303.668
303.668
303.668
303.668
303.668
303.668
303.668
309.397
309.397
309.397
309.397
309.397
309.397
309.397
309.397
309.397
309.397
315.127
315.127
315.127
315.127
315.127
315.127
315.127
315.127
315.127
315.127
320.856
320.856
320.856
320.856
320.856
320.856
320.856
320.856
320.856
326.586
326.586
326.586
326.586
326.586
326.586
326.586
326.586
326.586
326.586
332.316
332.316
332.316
332.316
332.316
332.316
332.316
332.316
332.316
332.316
338.045
338.045
338.045
338.045
338.045
338.045
338.045
338.045
338.045
343.775
343.775
343.775
343.775
343.775
343.775
343.775
343.775
343.775
343.775
349.504
349.504
349.504
349.504
349.504
349.504
349.504
349.504
349.504
349.504
355.234
355.234
355.234
355.234
355.234
355.234
355.234
355.234
355.234
0.963422
0.963422
0.963422
0.963422
0.963422
0.963422
0.963422
0.963422
0.963422
0.963422
6.69299
6.69299
6.69299
6.69299
6.69299
6.69299
6.69299
6.69299
6.69299
12.4226
12.4226
12.4226
12.4226
12.4226
12.4226
12.4226
12.4226
12.4226
12.4226
18.1521
18.1521
18.1521
18.1521
18.1521
18.1521
18.1521
18.1521
18.1521
23.8817
23.8817
23.8817
23.8817
23.8817
23.8817
23.8817
23.8817
23.8817
23.8817
29.6113
29.6113
29.6113
29.6113
29.6113
29.6113
29.6113
29.6113
29.6113
29.6113
35.3409
35.3409
35.3409
35.3409
35.3409
35.3409
35.3409
35.3409
35.3409
41.0705
41.0705
41.0705
41.0705
41.0705
41.0705
41.0705
41.0705
41.0705
41.0705
46.8
46.8
46.8
46.8
46.8
46.8
46.8
46.8
46.8
46.8
52.5296
52.5296
52.5296
52.5296
52.5296
52.5296
52.5296
52.5296
52.5296
58.2592
58.2592
58.2592
58.2592
58.2592
58.2592
58.2592
58.2592
58.2592
58.2592
63.9888
63.9888
63.9888
63.9888
63.9888
63.9888
63.9888
63.9888
63.9888
63.9888
69.7183
69.7183
69.7183
69.7183
69.7183
69.7183
69.7183
69.7183
69.7183
75.4479
75.4479
75.4479
75.4479
75.4479
75.4479
75.4479
75.4479
75.4479
75.4479
81.1775
81.1775
81.1775
81.1775
81.1775
81.1775
81.1775
81.1775
81.1775
86.9071
86.9071
86.9071
86.9071
86.9071
86.9071
86.9071
86.9071
86.9071
86.9071
92.6367
92.6367
92.6367
92.6367
92.6367
92.6367
92.6367
92.6367
92.6367
92.6367
98.3662
98.3662
98.3662
98.3662
98.3662
98.3662
98.3662
98.3662
98.3662
98.3662
104.096
104.096
104.096
104.096
104.096
104.096
104.096
104.096
104.096
109.825
109.825
109.825
109.825
109.825
109.825
109.825
109.825
109.825
109.825
115.555
115.555
115.555
115.555
115.555
115.555
115.555
115.555
115.555
115.555
121.285
121.285
121.285
121.285
121.285
121.285
121.285
121.285
121.285
127.014
127.014
127.014
127.014
127.014
127.014
127.014
127.014
127.014
127.014
132.744
132.744
132.744
132.744
132.744
132.744
132.744
132.744
132.744
132.744
138.473
138.473
138.473
138.473
138.473
138.473
138.473
138.473
138.473
144.203
144.203
144.203
144.203
144.203
144.203
144.203
144.203
144.203
144.203
149.932
149.932
149.932
149.932
149.932
149.932
149.932
149.932
149.932
149.932
155.662
155.662
155.662
155.662
155.662
155.662
155.662
155.662
155.662
161.392
161.392
161.392
161.392
161.392
161.392
161.392
161.392
161.392
161.392
167.121
167.121
167.121
167.121
167.121
167.121
167.121
167.121
167.121
172.851
172.851
172.851
172.851
172.851
172.851
172.851
172.851
172.851
172.851
178.58
178.58
178.58
178.58
178.58
178.58
178.58
178.58
178.58
184.31
184.31
184.31
184.31
184.31
184.31
184.31
184.31
184.31
184.31
190.04
190.04
190.04
190.04
190.04
190.04
190.04
190.04
190.04
190.04
195.769
195.769
195.769
195.769
195.769
195.769
195.769
195.769
195.769
201.499
201.499
201.499
201.499
201.499
201.499
201.499
201.499
201.499
201.499
207.228
207.228
207.228
207.228
207.228
207.228
207.228
207.228
207.228
207.228
212.958
212.958
212.958
212.958
212.958
212.958
212.958
212.958
212.958
218.687
218.687
218.687
218.687
218.687
218.687
218.687
218.687
218.687
218.687
224.417
224.417
224.417
224.417
224.417
224.417
224.417
224.417
224.417
224.417
230.147
230.147
230.147
230.147
230.147
230.147
230.147
230.147
230.147
235.876
235.876
235.876
235.876
235.876
235.876
235.876
235.876
235.876
235.876
241.606
241.606
241.606
241.606
241.606
241.606
241.606
241.606
241.606
241.606
247.335
247.335
247.335
247.335
247.335
247.335
247.335
247.335
247.335
253.065
253.065
253.065
253.065
253.065
253.065
253.065
253.065
253.065
253.065
258.794
258.794
258.794
258.794
258.794
258.794
258.794
258.794
258.794
264.524
264.524
264.524
264.524
264.524
264.524
264.524
264.524
264.524
264.524
270.254
270.254
270.254
270.254
270.254
270.254
270.254
270.254
270.254
270.254
275.983
275.983
275.983
275.983
275.983
275.983
275.983
275.983
275.983
281.713
281.713
281.713
281.713
281.713
281.713
281.713
281.713
281.713
281.713
287.442
287.442
287.442
287.442
287.442
287.442
287.442
287.442
287.442
293.172
293.172
293.172
293.172
293.172
293.172
293.172
293.172
293.172
293.172
298.901
298.901
298.901
298.901
298.901
298.901
298.901
298.901
298.901
304.631
304.631
304.631
304.631
304.631
304.631
304.631
304.631
304.631
304.631
310.361
310.361
310.361
310.361
310.361
310.361
310.361
310.361
310.361
310.361
316.09
316.09
316.09
316.09
316.09
316.09
316.09
316.09
316.09
321.82
321.82
321.82
321.82
321.82
321.82
321.82
321.82
321.82
321.82
327.549
327.549
327.549
327.549
327.549
327.549
327.549
327.549
327.549
327.549
333.279
333.279
333.279
333.279
333.279
333.279
333.279
333.279
333.279
339.008
339.008
339.008
339.008
339.008
339.008
339.008
339.008
339.008
339.008
344.738
344.738
344.738
344.738
344.738
344.738
344.738
344.738
344.738
344.738
350.468
350.468
350.468
350.468
350.468
350.468
350.468
350.468
350.468
350.468
0
0
0
0
0
0
0
0
0
0
0
0
0
0
0
0
0
0
0
0
0
0
0
0
0
0
0
0
0
0
0
0
0
0
0
0
0
0
0
0
0
0
0
0
0
0
0
0
0
0
0
0
0
0
0
0
0
0
0
0
0
0
0
0
0
0
0
0
0
0
0
0
0
0
0
0
0
0
0
0
0
0
0
0
0
0
0
0
0
0
0
0
0
0
0
0
0
0
0
0
0
0
0
0
0
0
0
0
0
0
0
0
0
0
0
0
0
0
0
0
0
0
0
0
0
0
0
0
0
0
0
0
0
0
0
0
0
0
0
0
0
0
0
0
0
0
0
0
0
0
0
0
0
0
0
0
0
0
0
0
0
0
0
0
0
0
0
0
0
0
0
0
0
0
0
0
0
0
0
0
0
0
0
0
0
0
0
0
0
0
0
0
0
0
0
0
0
0
0
0
0
0
0
