0
0
0
0
0
0
0
0
0
0
0
0
0
0
0
0
0
0
0
0
0
0
-30
-30
-30
-30
-30
-30
-30
-30
-30
-30
-60
-60
-60
-60
-60
-60
-60
-60
-60
-60
-90
-90
-90
-90
-90
-90
-90
-90
-90
-120
-120
-120
-120
-120
-120
-120
-120
-120
-120
-150
-150
-150
-150
-150
-150
-150
-150
-150
-180
-180
-180
-180
-180
-180
-180
-180
-180
-180
-210
-210
-210
-210
-210
-210
-210
-210
-210
-240
-240
-240
-240
-240
-240
-240
-240
-240
-240
-270
-270
-270
-270
-270
-270
-270
-270
-270
-270
-300
-300
-300
-300
-300
-300
-300
-300
-300
-330
-330
-330
-330
-330
-330
-330
-330
-330
-330
-360
-360
-360
-360
-360
-360
-360
-360
-360
-390
-390
-390
-390
-390
-390
-390
-390
-390
-390
-420
-420
-420
-420
-420
-420
-420
-420
-420
-450
-450
-450
-450
-450
-450
-450
-450
-450
-450
-480
-480
-480
-480
-480
-480
-480
-480
-480
-510
-510
-510
-510
-510
-510
-510
-510
-510
-510
-540
-540
-540
-540
-540
-540
-540
-540
-540
-540
-570
-570
-570
-570
-570
-570
-570
-570
-570
-600
-600
-600
-600
-600
-600
-600
-600
-600
-600
-630
-630
-630
-630
-630
-630
-630
-630
-630
-660
-660
-660
-660
-660
-660
-660
-660
-660
-660
-690
-690
-690
-690
-690
-690
-690
-690
-690
-720
-720
-720
-720
-720
-720
-720
-720
-720
-720
-750
-750
-750
-750
-750
-750
-750
-750
-750
-780
-780
-780
-780
-780
-780
-780
-780
-780
-780
-810
-810
-810
-810
-810
-810
-810
-810
-810
-840
-840
-840
-840
-840
-840
-840
-840
-840
-840
-870
-870
-870
-870
-870
-870
-870
-870
-870
-870
-900
-900
-900
-900
-900
-900
-900
-900
-900
-930
-930
-930
-930
-930
-930
-930
-930
-930
-930
-960
-960
-960
-960
-960
-960
-960
-960
-960
-990
-990
-990
-990
-990
-990
-990
-990
-990
-990
-1020
-1020
-1020
-1020
-1020
-1020
-1020
-1020
-1020
-1050
-1050
-1050
-1050
-1050
-1050
-1050
-1050
-1050
-1050
-1080
-1080
-1080
-1080
-1080
-1080
-1080
-1080
-1080
-1080
-1110
-1110
-1110
-1110
-1110
-1110
-1110
-1110
-1110
-1140
-1140
-1140
-1140
-1140
-1140
-1140
-1140
-1140
-1140
-1170
-1170
-1170
-1170
-1170
-1170
-1170
-1170
-1170
-1200
-1200
-1200
-1200
-1200
-1200
-1200
-1200
-1200
-1200
-1230
-1230
-1230
-1230
-1230
-1230
-1230
-1230
-1230
-1260
-1260
-1260
-1260
-1260
-1260
-1260
-1260
-1260
-1260
-1290
-1290
-1290
-1290
-1290
-1290
-1290
-1290
-1290
-1320
-1320
-1320
-1320
-1320
-1320
-1320
-1320
-1320
-1320
-1350
-1350
-1350
-1350
-1350
-1350
-1350
-1350
-1350
-1380
-1380
-1380
-1380
-1380
-1380
-1380
-1380
-1380
-1380
-1410
-1410
-1410
-1410
-1410
-1410
-1410
-1410
-1410
-1410
-1440
-1440
-1440
-1440
-1440
-1440
-1440
-1440
-1440
-1470
-1470
-1470
-1470
-1470
-1470
-1470
-1470
-1470
-1470
-1500
-1500
-1500
-1500
-1500
-1500
-1500
-1500
-1500
-1530
-1530
-1530
-1530
-1530
-1530
-1530
-1530
-1530
-1530
-1560
-1560
-1560
-1560
-1560
-1560
-1560
-1560
-1560
-1590
-1590
-1590
-1590
-1590
-1590
-1590
-1590
-1590
-1590
-1620
-1620
-1620
-1620
-1620
-1620
-1620
-1620
-1620
-1650
-1650
-1650
-1650
-1650
-1650
-1650
-1650
-1650
-1650
-1680
-1680
-1680
-1680
-1680
-1680
-1680
-1680
-1680
-1680
-1710
-1710
-1710
-1710
-1710
-1710
-1710
-1710
-1710
-1740
-1740
-1740
-1740
-1740
-1740
-1740
-1740
-1740
-1770
-1770
-1770
-1770
-1770
-1770
-1770
-1770
-1770
-1770
-1800
-1800
-1800
-1800
-1800
-1800
-1800
-1800
-1800
-1830
-1830
-1830
-1830
-1830
-1830
-1830
-1830
-1830
-1830
-1860
-1860
-1860
-1860
-1860
-1860
-1860
-1860
-1860
-1860
-1890
-1890
-1890
-1890
-1890
-1890
-1890
-1890
-1890
-1920
-1920
-1920
-1920
-1920
-1920
-1920
-1920
-1920
-1920
-1950
-1950
-1950
-1950
-1950
-1950
-1950
-1950
-1950
-1980
-1980
-1980
-1980
-1980
-1980
-1980
-1980
-1980
-1980
-2010
-2010
-2010
-2010
-2010
-2010
-2010
-2010
-2010
-2040
-2040
-2040
-2040
-2040
-2040
-2040
-2040
-2040
-2040
-2070
-2070
-2070
-2070
-2070
-2070
-2070
-2070
-2070
-2100
-2100
-2100
-2100
-2100
-2100
-2100
-2100
-2100
-2100
-2130
-2130
-2130
-2130
-2130
-2130
-2130
-2130
-2130
-2160
-2160
-2160
-2160
-2160
-2160
-2160
-2160
-2160
-2160
-2190
-2190
-2190
-2190
-2190
-2190
-2190
-2190
-2190
-2220
-2220
-2220
-2220
-2220
-2220
-2220
-2220
-2220
-2220
-2250
-2250
-2250
-2250
-2250
-2250
-2250
-2250
-2250
-2250
-2280
-2280
-2280
-2280
-2280
-2280
-2280
-2280
-2280
-2310
-2310
-2310
-2310
-2310
-2310
-2310
-2310
-2310
-2310
-2340
-2340
-2340
-2340
-2340
-2340
-2340
-2340
-2340
-2370
-2370
-2370
-2370
-2370
-2370
-2370
-2370
-2370
-2370
-2400
-2400
-2400
-2400
-2400
-2400
-2400
-2400
-2400
-2430
-2430
-2430
-2430
-2430
-2430
-2430
-2430
-2430
-2430
-2460
-2460
-2460
-2460
-2460
-2460
-2460
-2460
-2460
-2490
-2490
-2490
-2490
-2490
-2490
-2490
-2490
-2490
-2490
-2520
-2520
-2520
-2520
-2520
-2520
-2520
-2520
-2520
-2520
-2550
-2550
-2550
-2550
-2550
-2550
-2550
-2550
-2550
-2580
-2580
-2580
-2580
-2580
-2580
-2580
-2580
-2580
-2580
-2610
-2610
-2610
-2610
-2610
-2610
-2610
-2610
-2610
-2640
-2640
-2640
-2640
-2640
-2640
-2640
-2640
-2640
-2640
-2670
-2670
-2670
-2670
-2670
-2670
-2670
-2670
-2670
-2700
-2700
-2700
-2700
-2700
-2700
-2700
-2700
-2700
-2700
-2730
-2730
-2730
-2730
-2730
-2730
-2730
-2730
-2730
-2730
-2760
-2760
-2760
-2760
-2760
-2760
-2760
-2760
-2760
-2790
-2790
-2790
-2790
-2790
-2790
-2790
-2790
-2790
-2790
-2820
-2820
-2820
-2820
-2820
-2820
-2820
-2820
-2820
-2850
-2850
-2850
-2850
-2850
-2850
-2850
-2850
-2850
-2850
-2880
-2880
-2880
-2880
-2880
-2880
-2880
-2880
-2880
-2880
-2910
-2910
-2910
-2910
-2910
-2910
-2910
-2910
-2910
-2940
-2940
-2940
-2940
-2940
-2940
-2940
-2940
-2940
-2940
-2970
-2970
-2970
-2970
-2970
-2970
-2970
-2970
-2970
-3000
-3000
-3000
-3000
-3000
-3000
-3000
-3000
-3000
-3000
-3029.98
-3029.98
-3029.98
-3029.98
-3029.98
-3029.98
-3029.98
-3029.98
-3029.98
-3059.86
-3059.86
-3059.86
-3059.86
-3059.86
-3059.86
-3059.86
-3059.86
-3059.86
-3059.86
-3089.51
-3089.51
-3089.51
-3089.51
-3089.51
-3089.51
-3089.51
-3089.51
-3089.51
-3118.85
-3118.85
-3118.85
-3118.85
-3118.85
-3118.85
-3118.85
-3118.85
-3118.85
-3118.85
-3147.76
-3147.76
-3147.76
-3147.76
-3147.76
-3147.76
-3147.76
-3147.76
-3147.76
-3176.14
-3176.14
-3176.14
-3176.14
-3176.14
-3176.14
-3176.14
-3176.14
-3176.14
-3176.14
-3203.88
-3203.88
-3203.88
-3203.88
-3203.88
-3203.88
-3203.88
-3203.88
-3203.88
-3230.89
-3230.89
-3230.89
-3230.89
-3230.89
-3230.89
-3230.89
-3230.89
-3230.89
-3230.89
-3257.07
-3257.07
-3257.07
-3257.07
-3257.07
-3257.07
-3257.07
-3257.07
-3257.07
-3257.07
-3282.32
-3282.32
-3282.32
-3282.32
-3282.32
-3282.32
-3282.32
-3282.32
-3282.32
-3306.56
-3306.56
-3306.56
-3306.56
-3306.56
-3306.56
-3306.56
-3306.56
-3306.56
-3306.56
-3329.69
-3329.69
-3329.69
-3329.69
-3329.69
-3329.69
-3329.69
-3329.69
-3329.69
-3351.64
-3351.64
-3351.64
-3351.64
-3351.64
-3351.64
-3351.64
-3351.64
-3351.64
-3351.64
-3372.32
-3372.32
-3372.32
-3372.32
-3372.32
-3372.32
-3372.32
-3372.32
-3372.32
-3391.66
-3391.66
-3391.66
-3391.66
-3391.66
-3391.66
-3391.66
-3391.66
-3391.66
-3391.66
-3409.6
-3409.6
-3409.6
-3409.6
-3409.6
-3409.6
-3409.6
-3409.6
-3409.6
-3409.6
-3426.05
-3426.05
-3426.05
-3426.05
-3426.05
-3426.05
-3426.05
-3426.05
-3426.05
-3440.98
-3440.98
-3440.98
-3440.98
-3440.98
-3440.98
-3440.98
-3440.98
-3440.98
-3440.98
-3454.32
-3454.32
-3454.32
-3454.32
-3454.32
-3454.32
-3454.32
-3454.32
-3454.32
-3466.02
-3466.02
-3466.02
-3466.02
-3466.02
-3466.02
-3466.02
-3466.02
-3466.02
-3466.02
-3476.05
-3476.05
-3476.05
-3476.05
-3476.05
-3476.05
-3476.05
-3476.05
-3476.05
-3484.36
-3484.36
-3484.36
-3484.36
-3484.36
-3484.36
-3484.36
-3484.36
-3484.36
-3484.36
-3490.93
-3490.93
-3490.93
-3490.93
-3490.93
-3490.93
-3490.93
-3490.93
-3490.93
-3495.73
-3495.73
-3495.73
-3495.73
-3495.73
-3495.73
-3495.73
-3495.73
-3495.73
-3498.75
-3498.75
-3498.75
-3498.75
-3498.75
-3498.75
-3498.75
-3498.75
-3498.75
-3498.75
-3499.97
-3499.97
-3499.97
-3499.97
-3499.97
-3499.97
-3499.97
-3499.97
-3499.97
-3500
-3500
-3500
-3500
-3500
-3500
-3500
-3500
-3500
-3500
-3500
-3500
-3500
-3500
-3500
-3500
-3500
-3500
-3500
-3500
-3500
-3500
-3500
-3500
-3500
-3500
-3500
-3500
-3500
-3500
-3500
-3500
-3500
-3500
-3500
-3500
-3500
-3500
-3500
-3500
-3500
-3500
-3500
-3500
-3500
-3500
-3500
-3500
-3500
-3500
-3500
-3500
-3500
-3500
-3500
-3500
-3500
-3500
-3500
-3500
-3500
-3500
-3500
-3500
-3500
-3500
-3500
-3500
-3500
-3500
-3500
-3500
-3500
-3500
-3500
-3500
-3500
-3500
-3500
-3500
-3500
-3500
-3500
-3500
-3500
-3500
-3500
-3500
-3500
-3500
-3500
-3500
-3500
-3500
-3500
-3500
-3500
-3500
-3500
-3500
-3500
-3500
-3500
-3500
-3500
-3500
-3500
-3500
-3500
-3500
-3500
-3500
-3500
-3500
-3500
-3500
-3500
-3500
-3500
-3500
-3500
-3500
-3500
-3500
-3500
-3500
-3500
-3500
-3500
-3500
-3500
-3500
-3500
-3500
-3500
-3500
-3500
-3500
-3500
-3500
-3500
-3500
-3500
-3500
-3500
-3500
-3500
-3500
-3500
-3500
-3500
-3500
-3500
-3500
-3500
-3500
-3500
-3500
-3500
-3500
-3500
-3500
-3500
-3500
-3500
-3500
-3500
-3500
-3500
-3500
-3500
-3500
-3500
-3500
-3500
-3500
-3500
-3500
-3500
-3500
-3500
-3500
-3500
-3500
-3500
-3500
-3500
-3500
-3500
-3500
-3500
-3500
-3500
-3500
-3500
-3500
-3500
-3500
-3500
-3500
-3500
-3500
-3500
-3500
-3500
-3500
-3500
-3500
-3500
-3500
-3500
-3500
-3500
-3500
-3500
-3500
-3500
-3500
-3500
-3500
-3500
-3500
-3500
-3500
-3500
-3500
-3500
-3500
-3500
-3500
-3500
-3500
-3500
-3500
-3500
-3500
-3500
-3500
-3500
-3500
-3500
-3500
-3500
-3500
-3500
-3500
-3500
-3500
-3500
-3500
-3500
-3500
-3500
-3500
-3500
-3500
-3500
-3500
-3500
-3500
-3500
-3500
-3500
-3500
-3500
-3500
-3500
-3500
-3500
-3500
-3500
-3500
-3500
-3500
-3500
-3500
-3500
-3500
-3500
-3500
-3500
-3500
-3500
-3500
-3500
-3500
-3500
-3500
-3500
-3500
-3500
-3500
-3500
-3500
-3500
-3500
-3500
-3500
-3500
-3500
-3500
-3500
-3500
-3500
-3500
-3500
-3500
-3500
-3500
-3500
-3500
-3500
-3500
-3500
-3500
-3500
-3500
-3500
-3500
-3500
-3500
-3500
-3500
-3500
-3500
-3500
-3500
-3500
-3500
-3500
-3500
-3500
-3500
-3500
-3500
-3500
-3500
-3500
-3500
-3500
-3500
-3500
-3500
-3500
-3500
-3500
-3500
-3500
-3500
-3500
-3500
-3500
-3500
-3500
-3500
-3500
-3500
-3500
-3500
-3500
-3500
-3500
-3500
-3500
-3500
-3500
-3500
-3500
-3500
-3500
-3500
-3500
-3500
-3500
-3500
-3500
-3500
-3500
-3500
-3500
-3500
-3500
-3500
-3500
-3500
-3500
-3500
-3500
-3500
-3500
-3500
-3500
-3500
-3500
-3500
-3500
-3500
-3500
-3500
-3500
-3500
-3500
-3500
-3500
-3500
-3500
-3500
-3500
-3500
-3500
-3500
-3500
-3500
-3500
-3500
-3500
-3500
-3500
-3500
-3500
-3500
-3500
-3500
-3500
-3500
-3500
-3500
-3500
-3500
-3500
-3500
-3500
-3500
-3500
-3500
-3500
-3500
-3500
-3500
-3500
-3500
-3500
-3500
-3500
-3500
-3500
-3500
-3500
-3500
-3500
-3500
-3500
-3500
-3500
-3500
-3500
-3500
-3500
-3500
-3500
-3500
-3500
-3500
-3500
-3500
-3500
-3500
-3500
-3500
-3500
-3500
-3500
-3500
-3500
-3500
-3500
-3500
-3500
-3500
-3500
-3500
-3500
-3500
-3500
-3500
-3500
-3500
-3500
-3500
-3500
-3500
-3500
-3500
-3500
-3500
-3500
-3500
-3500
-3500
-3500
-3500
-3500
-3500
-3500
-3500
-3500
-3500
-3500
-3500
-3500
-3500
-3500
-3500
-3500
-3500
-3500
-3500
-3500
-3500
-3500
-3500
-3500
-3500
-3500
-3500
-3500
-3500
-3500
-3500
-3500
-3500
-3500
-3500
-3500
-3500
-3500
-3500
-3500
-3500
-3500
-3500
-3500
-3500
-3500
-3500
-3500
-3500
-3500
-3500
-3500
-3500
-3500
-3500
-3500
-3500
-3500
-3500
-3500
-3500
-3500
-3500
-3500
-3500
-3500
-3500
-3500
-3500
-3500
-3500
-3500
-3500
-3500
-3500
-3500
-3500
-3500
-3500
-3500
-3500
-3500
-3500
-3500
-3500
-3500
-3500
-3500
-3500
-3500
-3500
-3500
-3500
-3500
-3500
-3500
-3500
-3500
-3500
-3500
-3500
-3500
-3500
-3500
-3500
-3500
-3500
-3500
-3500
-3500
-3500
-3500
-3500
-3500
-3500
-3500
-3500
-3500
-3500
-3500
-3500
-3500
-3500
-3500
-3500
-3500
-3500
-3500
-3500
-3500
-3500
-3500
-3500
-3500
-3500
-3500
-3500
-3500
-3500
-3500
-3500
-3500
-3500
-3500
-3500
-3500
-3500
-3500
-3500
-3500
-3500
-3500
-3500
-3500
-3500
-3500
-3500
-3500
-3500
-3500
-3500
-3500
-3500
-3500
-3500
-3500
-3500
-3500
-3500
-3500
-3500
-3500
-3500
-3500
-3500
-3500
-3500
-3500
-3500
-3500
-3500
-3500
-3500
-3500
-3500
-3500
-3500
-3500
-3500
-3500
-3500
-3500
-3500
-3500
-3500
-3500
-3500
-3500
-3500
-3500
-3500
-3500
-3500
-3500
-3500
-3500
-3500
-3500
-3500
-3500
-3500
-3500
-3500
-3500
-3500
-3500
-3500
-3500
-3500
-3500
-3500
-3500
-3500
-3500
-3500
-3500
-3500
-3500
-3500
-3500
-3500
-3500
-3500
-3500
-3500
-3500
-3500
-3500
-3500
-3500
-3500
-3500
-3500
-3500
-3500
-3500
-3500
-3500
-3500
-3500
-3500
-3500
-3500
-3500
-3500
-3500
-3500
-3500
-3500
-3500
-3500
-3500
-3500
-3500
-3500
-3500
-3500
-3500
-3500
-3500
-3500
-3500
-3500
-3500
-3500
-3500
-3500
-3500
-3500
-3500
-3500
-3500
-3500
-3500
-3500
-3500
-3500
-3500
-3500
-3500
-3500
-3500
-3500
-3500
-3500
-3500
-3500
-3500
-3500
-3500
-3500
-3500
-3500
-3500
-3500
-3500
-3500
-3500
-3500
-3500
-3500
-3500
-3500
-3500
-3500
-3500
-3500
-3500
-3500
-3500
-3500
-3500
-3500
-3500
-3500
-3500
-3500
-3500
-3500
-3500
-3500
-3500
-3500
-3500
-3500
-3500
-3500
-3500
-3500
-3500
-3500
-3500
-3500
-3500
-3500
-3500
-3500
-3500
-3500
-3500
-3500
-3500
-3500
-3500
-3500
-3500
-3500
-3500
-3500
-3500
-3500
-3500
-3500
-3500
-3500
-3500
-3500
-3500
-3500
-3500
-3500
-3500
-3500
-3500
-3500
-3500
-3500
-3500
-3500
-3500
-3500
-3500
-3500
-3500
-3500
-3500
-3500
-3500
-3500
-3500
-3500
-3500
-3500
-3500
-3500
-3500
-3500
-3500
-3500
-3500
-3500
-3500
-3500
-3500
-3500
-3500
-3500
-3500
-3500
-3500
-3500
-3500
-3500
-3500
-3500
-3500
-3500
-3500
-3500
-3500
-3500
-3500
-3500
-3500
-3500
-3500
-3500
-3500
-3500
-3500
-3500
-3500
-3500
-3500
-3500
-3500
-3500
-3500
-3500
-3500
-3500
-3500
-3500
-3500
-3500
-3500
-3500
-3500
-3500
-3500
-3500
-3500
-3500
-3500
-3500
-3500
-3500
-3500
-3500
-3500
-3500
-3500
-3500
-3500
-3500
-3500
-3500
-3500
-3500
-3500
-3500
-3500
-3500
-3500
-3500
-3500
-3500
-3500
-3500
-3500
-3500
-3500
-3500
-3500
-3500
-3500
-3500
-3500
-3500
-3500
-3500
-3500
-3500
-3500
-3500
-3500
-3500
-3500
-3500
-3500
-3500
-3500
-3500
-3500
-3500
-3500
-3500
-3500
-3500
-3500
-3500
-3500
-3500
-3500
-3500
-3500
-3500
-3500
-3500
-3500
-3500
-3500
-3500
-3500
-3500
-3500
-3500
-3500
-3500
-3500
-3500
-3500
-3500
-3500
-3500
-3500
-3500
-3500
-3500
-3500
-3500
-3500
-3500
-3500
-3500
-3500
-3500
-3500
-3500
-3500
-3500
-3500
-3500
-3500
-3500
-3500
-3500
-3500
-3500
-3500
-3500
-3500
-3500
-3500
-3500
-3500
-3500
-3500
-3500
-3500
-3500
-3500
-3500
-3500
-3500
-3500
-3500
-3500
-3500
-3500
-3500
-3500
-3500
-3500
-3500
-3500
-3500
-3500
-3500
-3500
-3500
-3500
-3500
-3500
-3500
-3500
-3500
-3500
-3500
-3500
-3500
-3500
-3500
-3500
-3500
-3500
-3500
-3500
-3500
-3500
-3500
-3500
-3500
-3500
-3500
-3500
-3500
-3500
-3500
-3500
-3500
-3500
-3500
-3500
-3500
-3500
-3500
-3500
-3500
-3500
-3500
-3500
-3500
-3500
-3500
-3500
-3500
-3500
-3500
-3500
-3500
-3500
-3500
-3500
-3500
-3500
-3500
-3500
-3500
-3500
-3500
-3500
-3500
-3500
-3500
-3500
-3500
-3500
-3500
-3500
-3500
-3500
-3500
-3500
-3500
-3500
-3500
-3500
-3500
-3500
-3500
-3500
-3500
-3500
-3500
-3500
-3500
-3500
-3500
-3500
-3500
-3500
-3500
-3500
-3500
-3500
-3500
-3500
-3500
-3500
-3500
-3500
-3500
-3500
-3500
-3500
-3500
-3500
-3500
-3500
-3500
-3500
-3500
-3500
-3500
-3500
-3500
-3500
-3500
-3500
-3500
-3500
-3500
-3500
-3500
-3500
-3500
-3500
-3500
-3500
-3500
-3500
-3500
-3500
-3500
-3500
-3500
-3500
-3500
-3500
-3500
-3500
-3500
-3500
-3500
-3500
-3500
-3500
-3500
-3500
-3500
-3500
-3500
-3500
-3500
-3500
-3500
-3500
-3500
-3500
-3500
-3500
-3500
-3500
-3500
-3500
-3500
-3500
-3500
-3500
-3500
-3500
-3500
-3500
-3500
-3500
-3500
-3500
-3500
-3500
-3500
-3500
-3500
-3500
-3500
-3500
-3500
-3500
-3500
-3500
-3500
-3500
-3500
-3500
-3500
-3500
-3500
-3500
-3500
-3500
-3500
-3500
-3500
-3500
-3500
-3500
-3500
-3500
-3500
-3500
-3500
-3500
-3500
-3500
-3500
-3500
-3500
-3500
-3500
-3500
-3500
-3500
-3500
-3500
-3500
-3500
-3500
-3500
-3500
-3500
-3500
-3500
-3500
-3500
-3500
-3500
-3500
-3500
-3500
-3500
-3500
-3500
-3500
-3500
-3500
-3500
-3500
-3500
-3500
-3500
-3500
-3500
-3500
-3500
-3500
-3500
-3500
-3500
-3500
-3500
-3500
-3500
-3500
-3500
-3500
-3500
-3500
-3500
-3500
-3500
-3500
-3500
-3500
-3500
-3500
-3500
-3500
-3500
-3500
-3500
-3500
-3500
-3500
-3500
-3500
-3500
-3500
-3500
-3500
-3500
-3500
-3500
-3500
-3500
-3500
-3500
-3500
-3500
-3500
-3500
-3500
-3500
-3500
-3500
-3500
-3500
-3500
-3500
-3500
-3500
-3500
-3500
-3500
-3500
-3500
-3500
-3500
-3500
-3500
-3500
-3500
-3500
-3500
-3500
-3500
-3500
-3500
-3500
-3500
-3500
-3500
-3500
-3500
-3500
-3500
-3500
-3500
-3500
-3500
-3500
-3500
-3500
-3500
-3500
-3500
-3500
-3500
-3500
-3500
-3500
-3500
-3500
-3500
-3500
-3500
-3500
-3500
-3500
-3500
-3500
-3500
-3500
-3500
-3500
-3500
-3500
-3500
-3500
-3500
-3500
-3500
-3500
-3500
-3500
-3500
-3500
-3500
-3500
-3500
-3500
-3500
-3500
-3500
-3500
-3500
-3500
-3500
-3500
-3500
-3500
-3500
-3500
-3500
-3500
-3500
-3500
-3500
-3500
-3500
-3500
-3500
-3500
-3500
-3500
-3500
-3500
-3500
-3500
-3500
-3500
-3500
-3500
-3500
-3500
-3500
-3500
-3500
-3500
-3500
-3500
-3500
-3500
-3500
-3500
-3500
-3500
-3500
-3500
-3500
-3500
-3500
-3500
-3500
-3500
-3500
-3500
-3500
-3500
-3500
-3500
-3500
-3500
-3500
-3500
-3500
-3500
-3500
-3500
-3500
-3500
-3500
-3500
-3500
-3500
-3500
-3500
-3500
-3500
-3500
-3500
-3500
-3500
-3500
-3500
-3500
-3500
-3500
-3500
-3500
-3500
-3500
-3500
-3500
-3500
-3500
-3500
-3500
-3500
-3500
-3500
-3500
-3500
-3500
-3500
-3500
-3500
-3500
-3500
-3500
-3500
-3500
-3500
-3500
-3500
-3500
-3500
-3500
-3500
-3500
-3500
-3500
-3500
-3500
-3500
-3500
-3500
-3500
-3500
-3500
-3500
-3500
-3500
-3500
-3500
-3500
-3500
-3500
-3500
-3500
-3500
-3500
-3500
-3500
-3498.8
-3498.8
-3498.8
-3498.8
-3498.8
-3498.8
-3498.8
-3498.8
-3498.8
-3498.8
-3495.21
-3495.21
-3495.21
-3495.21
-3495.21
-3495.21
-3495.21
-3495.21
-3495.21
-3489.25
-3489.25
-3489.25
-3489.25
-3489.25
-3489.25
-3489.25
-3489.25
-3489.25
-3489.25
-3480.96
-3480.96
-3480.96
-3480.96
-3480.96
-3480.96
-3480.96
-3480.96
-3480.96
-3470.4
-3470.4
-3470.4
-3470.4
-3470.4
-3470.4
-3470.4
-3470.4
-3470.4
-3470.4
-3457.62
-3457.62
-3457.62
-3457.62
-3457.62
-3457.62
-3457.62
-3457.62
-3457.62
-3442.72
-3442.72
-3442.72
-3442.72
-3442.72
-3442.72
-3442.72
-3442.72
-3442.72
-3442.72
-3425.79
-3425.79
-3425.79
-3425.79
-3425.79
-3425.79
-3425.79
-3425.79
-3425.79
-3425.79
-3406.93
-3406.93
-3406.93
-3406.93
-3406.93
-3406.93
-3406.93
-3406.93
-3406.93
-3386.27
-3386.27
-3386.27
-3386.27
-3386.27
-3386.27
-3386.27
-3386.27
-3386.27
-3386.27
-3363.93
-3363.93
-3363.93
-3363.93
-3363.93
-3363.93
-3363.93
-3363.93
-3363.93
-3340.07
-3340.07
-3340.07
-3340.07
-3340.07
-3340.07
-3340.07
-3340.07
-3340.07
-3340.07
-3314.83
-3314.83
-3314.83
-3314.83
-3314.83
-3314.83
-3314.83
-3314.83
-3314.83
-3288.38
-3288.38
-3288.38
-3288.38
-3288.38
-3288.38
-3288.38
-3288.38
-3288.38
-3288.38
-3260.88
-3260.88
-3260.88
-3260.88
-3260.88
-3260.88
-3260.88
-3260.88
-3260.88
-3232.52
-3232.52
-3232.52
-3232.52
-3232.52
-3232.52
-3232.52
-3232.52
-3232.52
-3232.52
-3203.46
-3203.46
-3203.46
-3203.46
-3203.46
-3203.46
-3203.46
-3203.46
-3203.46
-3173.91
-3173.91
-3173.91
-3173.91
-3173.91
-3173.91
-3173.91
-3173.91
-3173.91
-3173.91
-3144.04
-3144.04
-3144.04
-3144.04
-3144.04
-3144.04
-3144.04
-3144.04
-3144.04
-3114.05
-3114.05
-3114.05
-3114.05
-3114.05
-3114.05
-3114.05
-3114.05
-3114.05
-3114.05
-3084.13
-3084.13
-3084.13
-3084.13
-3084.13
-3084.13
-3084.13
-3084.13
-3084.13
-3054.47
-3054.47
-3054.47
-3054.47
-3054.47
-3054.47
-3054.47
-3054.47
-3054.47
-3054.47
-3025.26
-3025.26
-3025.26
-3025.26
-3025.26
-3025.26
-3025.26
-3025.26
-3025.26
-3025.26
-2996.69
-2996.69
-2996.69
-2996.69
-2996.69
-2996.69
-2996.69
-2996.69
-2996.69
-2968.94
-2968.94
-2968.94
-2968.94
-2968.94
-2968.94
-2968.94
-2968.94
-2968.94
-2968.94
-2942.19
-2942.19
-2942.19
-2942.19
-2942.19
-2942.19
-2942.19
-2942.19
-2942.19
-2916.61
-2916.61
-2916.61
-2916.61
-2916.61
-2916.61
-2916.61
-2916.61
-2916.61
-2916.61
-2892.36
-2892.36
-2892.36
-2892.36
-2892.36
-2892.36
-2892.36
-2892.36
-2892.36
-2869.6
-2869.6
-2869.6
-2869.6
-2869.6
-2869.6
-2869.6
-2869.6
-2869.6
-2869.6
-2848.48
-2848.48
-2848.48
-2848.48
-2848.48
-2848.48
-2848.48
-2848.48
-2848.48
-2829.12
-2829.12
-2829.12
-2829.12
-2829.12
-2829.12
-2829.12
-2829.12
-2829.12
-2829.12
-2811.65
-2811.65
-2811.65
-2811.65
-2811.65
-2811.65
-2811.65
-2811.65
-2811.65
-2796.19
-2796.19
-2796.19
-2796.19
-2796.19
-2796.19
-2796.19
-2796.19
-2796.19
-2796.19
-2782.84
-2782.84
-2782.84
-2782.84
-2782.84
-2782.84
-2782.84
-2782.84
-2782.84
-2771.67
-2771.67
-2771.67
-2771.67
-2771.67
-2771.67
-2771.67
-2771.67
-2771.67
-2771.67
-2762.76
-2762.76
-2762.76
-2762.76
-2762.76
-2762.76
-2762.76
-2762.76
-2762.76
-2762.76
-2756.17
-2756.17
-2756.17
-2756.17
-2756.17
-2756.17
-2756.17
-2756.17
-2756.17
-2751.93
-2751.93
-2751.93
-2751.93
-2751.93
-2751.93
-2751.93
-2751.93
-2751.93
-2750.09
-2750.09
-2750.09
-2750.09
-2750.09
-2750.09
-2750.09
-2750.09
-2750.09
-2750.09
-2750
-2750
-2750
-2750
-2750
-2750
-2750
-2750
-2750
-2750
-2750
-2750
-2750
-2750
-2750
-2750
-2750
-2750
-2750
-2750
-2750
-2750
-2750
-2750
-2750
-2750
-2750
-2750
-2750
-2750
-2750
-2750
-2750
-2750
-2750
-2750
-2750
-2750
-2750
-2750
-2750
-2750
-2750
-2750
-2750
-2750
-2750
-2750
-2750
-2750
-2750
-2750
-2750
-2750
-2750
-2750
-2750
-2750
-2750
-2750
-2750
-2750
-2750
-2750
-2750
-2750
-2750
-2750
-2750
-2750
-2750
-2750
-2750
-2750
-2750
-2750
-2750
-2750
-2750
-2750
-2750
-2750
-2750
-2750
-2750
-2750
-2750
-2750
-2750
-2750
-2750
-2750
-2750
-2750
-2750
-2750
-2750
-2750
-2750
-2750
-2750
-2750
-2750
-2750
-2750
-2750
-2750
-2750
-2750
-2750
-2750
-2750
-2750
-2750
-2750
-2750
-2750
-2750
-2750
-2750
-2750
-2750
-2750
-2750
-2750
-2750
-2750
-2750
-2750
-2750
-2750
-2750
-2750
-2750
-2750
-2750
-2750
-2750
-2750
-2750
-2750
-2750
-2750
-2750
-2750
-2750
-2750
-2750
-2750
-2750
-2750
-2750
-2750
-2750
-2750
-2750
-2750
-2750
-2750
-2750
-2750
-2750
-2750
-2750
-2750
-2750
-2750
-2750
-2750
-2750
-2750
-2750
-2750
-2750
-2750
-2750
-2750
-2750
-2750
-2750
-2750
-2750
-2750
-2750
-2750
-2750
-2750
-2750
-2750
-2750
-2750
-2750
-2750
-2750
-2750
-2750
-2750
-2750
-2750
-2750
-2750
-2750
-2750
-2750
-2750
-2750
-2750
-2750
-2750
-2750
-2750
-2750
-2750
-2750
-2750
-2750
-2750
-2750
-2750
-2750
-2750
-2750
-2750
-2750
-2750
-2750
-2750
-2750
-2750
-2750
-2750
-2750
-2750
-2750
-2750
-2750
-2750
-2750
-2750
-2750
-2750
-2750
-2750
-2750
-2750
-2750
-2750
-2750
-2750
-2750
-2750
-2750
-2750
-2750
-2750
-2750
-2750
-2750
-2750
-2750
-2750
-2750
-2750
-2750
-2750
-2750
-2750
-2750
-2750
-2750
-2750
-2750
-2750
-2750
-2750
-2750
-2750
-2750
-2750
-2750
-2750
-2750
-2750
-2750
-2750
-2750
-2750
-2750
-2750
-2750
-2750
-2750
-2750
-2750
-2750
-2750
-2750
-2750
-2750
-2750
-2750
-2750
-2750
-2750
-2750
-2750
-2750
-2750
-2750
-2750
-2750
-2750
-2750
-2750
-2750
-2750
-2750
-2750
-2750
-2750
-2750
-2750
-2750
-2750
-2750
-2750
-2750
-2750
-2750
-2750
-2750
-2750
-2750
-2750
-2750
-2750
-2750
-2750
-2750
-2750
-2750
-2750
-2750
-2750
-2750
-2750
-2750
-2750
-2750
-2750
-2750
-2750
-2750
-2750
-2750
-2750
-2750
-2750
-2750
-2750
-2750
-2750
-2750
-2750
-2750
-2750
-2750
-2750
-2750
-2750
-2750
-2750
-2750
-2750
-2750
-2750
-2750
-2750
-2750
-2750
-2750
-2750
-2750
-2750
-2750
-2750
-2750
-2750
-2750
-2750
-2750
-2750
-2750
-2750
-2750
-2750
-2750
-2750
-2750
-2750
-2750
-2750
-2750
-2750
-2750
-2750
-2750
-2750
-2750
-2750
-2750
-2750
-2750
-2750
-2750
-2750
-2750
-2750
-2750
-2750
-2750
-2750
-2750
-2750
-2750
-2750
-2750
-2750
-2750
-2750
-2750
-2750
-2750
-2750
-2750
-2750
-2750
-2750
-2750
-2750
-2750
-2750
-2750
-2750
-2750
-2750
-2750
-2750
-2750
-2750
-2750
-2750
-2750
-2750
-2750
-2750
-2750
-2750
-2750
-2750
-2750
-2750
-2750
-2750
-2750
-2750
-2750
-2750
-2750
-2750
-2750
-2750
-2750
-2750
-2750
-2750
-2750
-2750
-2750
-2750
-2750
-2750
-2750
-2750
-2750
-2750
-2750
-2750
-2750
-2750
-2750
-2750
-2750
-2750
-2750
-2750
-2750
-2750
-2750
-2750
-2750
-2750
-2750
-2750
-2750
-2750
-2750
-2750
-2750
-2750
-2750
-2750
-2750
-2750
-2750
-2750
-2750
-2750
-2750
-2750
-2750
-2750
-2750
-2750
-2750
-2750
-2750
-2750
-2750
-2750
-2750
-2750
-2750
-2750
-2750
-2750
-2750
-2750
-2750
-2750
-2750
-2750
-2750
-2750
-2750
-2750
-2750
-2750
-2750
-2750
-2750
-2750
-2750
-2750
-2750
-2750
-2750
-2750
-2750
-2750
-2750
-2750
-2750
-2750
-2750
-2750
-2750
-2750
-2750
-2750
-2750
-2750
-2750
-2750
-2750
-2750
-2750
-2750
-2750
-2750
-2750
-2750
-2750
-2750
-2750
-2750
-2750
-2750
-2750
-2750
-2750
-2750
-2750
-2750
-2750
-2750
-2750
-2750
-2750
-2750
-2750
-2750
-2750
-2750
-2750
-2750
-2750
-2750
-2750
-2750
-2750
-2750
-2750
-2750
-2750
-2750
-2750
-2750
-2750
-2750
-2750
-2750
-2750
-2750
-2750
-2750
-2750
-2750
-2750
-2750
-2750
-2750
-2750
-2750
-2750
-2750
-2750
-2750
-2750
-2750
-2750
-2750
-2750
-2750
-2750
-2750
-2750
-2750
-2750
-2750
-2750
-2750
-2750
-2750
-2750
-2750
-2750
-2750
-2750
-2750
-2750
-2750
-2750
-2750
-2750
-2750
-2750
-2750
-2750
-2750
-2750
-2750
-2750
-2750
-2750
-2750
-2750
-2750
-2750
-2750
-2750
-2750
-2750
-2750
-2750
-2750
-2750
-2750
-2750
-2750
-2750
-2750
-2750
-2750
-2750
-2750
-2750
-2750
-2750
-2750
-2750
-2750
-2750
-2750
-2750
-2750
-2750
-2750
-2750
-2750
-2750
-2750
-2750
-2750
-2750
-2750
-2750
-2750
-2750
-2750
-2750
-2750
-2750
-2750
-2750
-2750
-2750
-2750
-2750
-2750
-2750
-2750
-2750
-2750
-2750
-2750
-2750
-2750
-2750
-2750
-2750
-2750
-2750
-2750
-2750
-2750
-2750
-2750
-2750
-2750
-2750
-2750
-2750
-2750
-2750
-2750
-2750
-2750
-2750
-2750
-2750
-2750
-2750
-2750
-2750
-2750
-2750
-2750
-2750
-2750
-2750
-2750
-2750
-2750
-2750
-2750
-2750
-2750
-2750
-2750
-2750
-2750
-2750
-2750
-2750
-2750
-2750
-2750
-2750
-2750
-2750
-2750
-2750
-2750
-2750
-2750
-2750
-2750
-2750
-2750
-2750
-2750
-2750
-2750
-2750
-2750
-2750
-2750
-2750
-2750
-2750
-2750
-2750
-2750
-2750
-2750
-2750
-2750
-2750
-2750
-2750
-2750
-2750
-2750
-2750
-2750
-2750
-2750
-2750
-2750
-2750
-2750
-2750
-2750
-2750
-2750
-2750
-2750
-2750
-2750
-2750
-2750
-2750
-2750
-2750
-2750
-2750
-2750
-2750
-2750
-2750
-2750
-2750
-2750
-2750
-2750
-2750
-2750
-2750
-2750
-2750
-2750
-2750
-2750
-2750
-2750
-2750
-2750
-2750
-2750
-2750
-2750
-2750
-2750
-2750
-2750
-2750
-2750
-2750
-2750
-2750
-2750
-2750
-2750
-2750
-2750
-2750
-2750
-2750
-2750
-2750
-2750
-2750
-2750
-2750
-2750
-2750
-2750
-2750
-2750
-2750
-2750
-2750
-2750
-2750
-2750
-2750
-2750
-2750
-2750
-2750
-2750
-2750
-2750
-2750
-2750
-2750
-2750
-2750
-2750
-2750
-2750
-2750
-2750
-2750
-2750
-2750
-2750
-2750
-2750
-2750
-2750
-2750
-2750
-2750
-2750
-2750
-2750
-2750
-2750
-2750
-2750
-2750
-2750
-2750
-2750
-2750
-2750
-2750
-2750
-2750
-2750
-2750
-2750
-2750
-2750
-2750
-2750
-2750
-2750
-2750
-2750
-2750
-2750
-2750
-2750
-2750
-2750
-2750
-2750
-2750
-2750
-2750
-2750
-2750
-2750
-2750
-2750
-2750
-2750
-2750
-2750
-2750
-2750
-2750
-2750
-2750
-2750
-2750
-2750
-2750
-2750
-2750
-2750
-2750
-2750
-2750
-2750
-2750
-2750
-2750
-2750
-2750
-2750
-2750
-2750
-2750
-2750
-2750
-2750
-2750
-2750
-2750
-2750
-2750
-2750
-2750
-2750
-2750
-2750
-2750
-2750
-2750
-2750
-2750
-2750
-2750
-2750
-2750
-2750
-2750
-2750
-2750
-2750
-2750
-2750
-2750
-2750
-2750
-2750
-2750
-2750
-2750
-2750
-2750
-2750
-2750
-2750
-2750
-2750
-2750
-2750
-2750
-2750
-2750
-2750
-2750
-2750
-2750
-2750
-2750
-2750
-2750
-2750
-2750
-2750
-2750
-2750
-2750
-2750
-2750
-2750
-2750
-2750
-2750
-2750
-2750
-2750
-2750
-2750
-2750
-2750
-2750
-2750
-2750
-2750
-2750
-2750
-2750
-2750
-2750
-2750
-2750
-2750
-2750
-2750
-2750
-2750
-2750
-2750
-2750
-2750
-2750
-2750
-2750
-2750
-2750
-2750
-2750
-2750
-2750
-2750
-2750
-2750
-2750
-2750
-2750
-2750
-2750
-2750
-2750
-2750
-2750
-2750
-2750
-2750
-2750
-2750
-2750
-2750
-2750
-2750
-2750
-2750
-2750
-2750
-2750
-2750
-2750
-2750
-2750
-2750
-2750
-2750
-2750
-2750
-2750
-2750
-2750
-2750
-2750
-2750
-2750
-2750
-2750
-2750
-2750
-2750
-2750
-2750
-2750
-2750
-2750
-2750
-2750
-2750
-2750
-2750
-2750
-2750
-2750
-2750
-2750
-2750
-2750
-2750
-2750
-2750
-2750
-2750
-2750
-2750
-2750
-2750
-2750
-2750
-2750
-2750
-2750
-2750
-2750
-2750
-2750
-2750
-2750
-2750
-2750
-2750
-2750
-2750
-2750
-2750
-2750
-2750
-2750
-2750
-2750
-2750
-2750
-2750
-2750
-2750
-2750
-2750
-2750
-2750
-2750
-2750
-2750
-2750
-2750
-2750
-2750
-2750
-2750
-2750
-2750
-2750
-2750
-2750
-2750
-2750
-2750
-2750
-2750
-2750
-2750
-2750
-2750
-2750
-2750
-2750
-2750
-2750
-2750
-2750
-2750
-2750
-2750
-2750
-2750
-2750
-2750
-2750
-2750
-2750
-2750
-2750
-2750
-2750
-2750
-2750
-2750
-2750
-2750
-2750
-2750
-2750
-2750
-2750
-2750
-2750
-2750
-2750
-2750
-2750
-2750
-2750
-2750
-2750
-2750
-2750
-2750
-2750
-2750
-2750
-2750
-2750
-2750
-2750
-2750
-2750
-2750
-2750
-2750
-2750
-2750
-2750
-2750
-2750
-2750
-2750
-2750
-2750
-2750
-2750
-2750
-2750
-2750
-2750
-2750
-2750
-2750
-2750
-2750
-2750
-2750
-2750
-2750
-2750
-2750
-2750
-2750
-2750
-2750
-2750
-2750
-2750
-2750
-2750
-2750
-2750
-2750
-2750
-2750
-2750
-2750
-2750
-2750
-2750
-2750
-2750
-2750
-2750
-2750
-2750
-2750
-2750
-2750
-2750
-2750
-2750
-2750
-2750
-2750
-2750
-2750
-2750
-2750
-2750
-2750
-2750
-2750
-2750
-2750
-2750
-2750
-2750
-2750
-2750
-2750
-2750
-2750
-2750
-2750
-2750
-2750
-2750
-2750
-2750
-2750
-2750
-2750
-2750
-2750
-2750
-2750
-2750
-2750
-2750
-2750
-2750
-2750
-2750
-2750
-2750
-2750
-2750
-2750
-2750
-2750
-2750
-2750
-2750
-2750
-2750
-2750
-2750
-2750
-2750
-2750
-2750
-2750
-2745.53
-2745.53
-2745.53
-2745.53
-2745.53
-2745.53
-2745.53
-2745.53
-2745.53
-2745.53
-2732.53
-2732.53
-2732.53
-2732.53
-2732.53
-2732.53
-2732.53
-2732.53
-2732.53
-2712.16
-2712.16
-2712.16
-2712.16
-2712.16
-2712.16
-2712.16
-2712.16
-2712.16
-2686.24
-2686.24
-2686.24
-2686.24
-2686.24
-2686.24
-2686.24
-2686.24
-2686.24
-2686.24
-2657.07
-2657.07
-2657.07
-2657.07
-2657.07
-2657.07
-2657.07
-2657.07
-2657.07
-2650
-2650
-2650
-2650
-2650
-2650
-2650
-2650
-2650
-2650
-2620
-2620
-2620
-2620
-2620
-2620
-2620
-2620
-2620
-2620
-2590
-2590
-2590
-2590
-2590
-2590
-2590
-2590
-2590
-2560
-2560
-2560
-2560
-2560
-2560
-2560
-2560
-2560
-2560
-2530
-2530
-2530
-2530
-2530
-2530
-2530
-2530
-2530
-2500
-2500
-2500
-2500
-2500
-2500
-2500
-2500
-2500
-2500
-2470
-2470
-2470
-2470
-2470
-2470
-2470
-2470
-2470
-2440
-2440
-2440
-2440
-2440
-2440
-2440
-2440
-2440
-2440
-2410
-2410
-2410
-2410
-2410
-2410
-2410
-2410
-2410
-2380
-2380
-2380
-2380
-2380
-2380
-2380
-2380
-2380
-2380
-2350
-2350
-2350
-2350
-2350
-2350
-2350
-2350
-2350
-2320
-2320
-2320
-2320
-2320
-2320
-2320
-2320
-2320
-2320
-2290
-2290
-2290
-2290
-2290
-2290
-2290
-2290
-2290
-2260
-2260
-2260
-2260
-2260
-2260
-2260
-2260
-2260
-2260
-2230
-2230
-2230
-2230
-2230
-2230
-2230
-2230
-2230
-2200
-2200
-2200
-2200
-2200
-2200
-2200
-2200
-2200
-2200
-2170
-2170
-2170
-2170
-2170
-2170
-2170
-2170
-2170
-2170
-2140
-2140
-2140
-2140
-2140
-2140
-2140
-2140
-2140
-2110
-2110
-2110
-2110
-2110
-2110
-2110
-2110
-2110
-2110
-2080
-2080
-2080
-2080
-2080
-2080
-2080
-2080
-2080
-2050
-2050
-2050
-2050
-2050
-2050
-2050
-2050
-2050
-2050
-2020
-2020
-2020
-2020
-2020
-2020
-2020
-2020
-2020
-1990
-1990
-1990
-1990
-1990
-1990
-1990
-1990
-1990
-1990
-1960
-1960
-1960
-1960
-1960
-1960
-1960
-1960
-1960
-1960
-1930
-1930
-1930
-1930
-1930
-1930
-1930
-1930
-1930
-1900
-1900
-1900
-1900
-1900
-1900
-1900
-1900
-1900
-1900
-1870
-1870
-1870
-1870
-1870
-1870
-1870
-1870
-1870
-1840
-1840
-1840
-1840
-1840
-1840
-1840
-1840
-1840
-1840
-1810
-1810
-1810
-1810
-1810
-1810
-1810
-1810
-1810
-1780
-1780
-1780
-1780
-1780
-1780
-1780
-1780
-1780
-1780
-1750
-1750
-1750
-1750
-1750
-1750
-1750
-1750
-1750
-1720
-1720
-1720
-1720
-1720
-1720
-1720
-1720
-1720
-1720
-1690
-1690
-1690
-1690
-1690
-1690
-1690
-1690
-1690
-1660
-1660
-1660
-1660
-1660
-1660
-1660
-1660
-1660
-1660
-1630
-1630
-1630
-1630
-1630
-1630
-1630
-1630
-1630
-1600
-1600
-1600
-1600
-1600
-1600
-1600
-1600
-1600
-1600
-1570
-1570
-1570
-1570
-1570
-1570
-1570
-1570
-1570
-1540
-1540
-1540
-1540
-1540
-1540
-1540
-1540
-1540
-1540
-1510
-1510
-1510
-1510
-1510
-1510
-1510
-1510
-1510
-1480
-1480
-1480
-1480
-1480
-1480
-1480
-1480
-1480
-1480
-1450
-1450
-1450
-1450
-1450
-1450
-1450
-1450
-1450
-1420
-1420
-1420
-1420
-1420
-1420
-1420
-1420
-1420
-1390
-1390
-1390
-1390
-1390
-1390
-1390
-1390
-1390
-1390
-1360
-1360
-1360
-1360
-1360
-1360
-1360
-1360
-1360
-1360
-1330
-1330
-1330
-1330
-1330
-1330
-1330
-1330
-1330
-1300
-1300
-1300
-1300
-1300
-1300
-1300
-1300
-1300
-1300
-1270
-1270
-1270
-1270
-1270
-1270
-1270
-1270
-1270
-1240
-1240
-1240
-1240
-1240
-1240
-1240
-1240
-1240
-1240
-1210
-1210
-1210
-1210
-1210
-1210
-1210
-1210
-1210
-1180
-1180
-1180
-1180
-1180
-1180
-1180
-1180
-1180
-1180
-1150
-1150
-1150
-1150
-1150
-1150
-1150
-1150
-1150
-1150
-1120
-1120
-1120
-1120
-1120
-1120
-1120
-1120
-1120
-1090
-1090
-1090
-1090
-1090
-1090
-1090
-1090
-1090
-1090
-1060
-1060
-1060
-1060
-1060
-1060
-1060
-1060
-1060
-1030
-1030
-1030
-1030
-1030
-1030
-1030
-1030
-1030
-1030
-1000
-1000
-1000
-1000
-1000
-1000
-1000
-1000
-1000
-1000
-970
-970
-970
-970
-970
-970
-970
-970
-970
-940
-940
-940
-940
-940
-940
-940
-940
-940
-940
-910
-910
-910
-910
-910
-910
-910
-910
-910
-880
-880
-880
-880
-880
-880
-880
-880
-880
-880
-850
-850
-850
-850
-850
-850
-850
-850
-850
-820
-820
-820
-820
-820
-820
-820
-820
-820
-820
-790
-790
-790
-790
-790
-790
-790
-790
-790
-790
-760
-760
-760
-760
-760
-760
-760
-760
-760
-730
-730
-730
-730
-730
-730
-730
-730
-730
-730
-700
-700
-700
-700
-700
-700
-700
-700
-700
-670
-670
-670
-670
-670
-670
-670
-670
-670
-670
-640
-640
-640
-640
-640
-640
-640
-640
-640
-640
-610
-610
-610
-610
-610
-610
-610
-610
-610
-580
-580
-580
-580
-580
-580
-580
-580
-580
-580
-550
-550
-550
-550
-550
-550
-550
-550
-550
-520
-520
-520
-520
-520
-520
-520
-520
-520
-520
-490
-490
-490
-490
-490
-490
-490
-490
-490
-460
-460
-460
-460
-460
-460
-460
-460
-460
-460
-430
-430
-430
-430
-430
-430
-430
-430
-430
-430
-400
-400
-400
-400
-400
-400
-400
-400
-400
-370
-370
-370
-370
-370
-370
-370
-370
-370
-370
-340
-340
-340
-340
-340
-340
-340
-340
-340
-310
-310
-310
-310
-310
-310
-310
-310
-310
-310
-280
-280
-280
-280
-280
-280
-280
-280
-280
-250
-250
-250
-250
-250
-250
-250
-250
-250
-250
-220
-220
-220
-220
-220
-220
-220
-220
-220
-190
-190
-190
-190
-190
-190
-190
-190
-190
-190
-160
-160
-160
-160
-160
-160
-160
-160
-160
-160
-130
-130
-130
-130
-130
-130
-130
-130
-130
-100
-100
-100
-100
-100
-100
-100
-100
-100
-100
-70
-70
-70
-70
-70
-70
-70
-70
-70
-40
-40
-40
-40
-40
-40
-40
-40
-40
-40
-10
-10
-10
-10
-10
-10
-10
-10
-10
0
0
0
0
0
0
0
0
0
0
0
0
0
0
0
0
0
0
0
0
0
0
0
0
0
0
0
0
0
0
0
0
0
0
0
0
0
0
0
0
0
0
0
0
0
0
0
0
0
0
0
0
0
0
0
0
0
0
0
0
0
0
0
0
0
0
0
0
0
0
0
0
0
0
0
0
0
0
0
0
0
0
0
0
0
0
0
0
0
0
0
0
0
0
0
0
0
0
0
0
0
0
0
0
0
0
0
0
0
0
0
0
0
0
0
0
0
0
0
0
0
0
0
0
0
0
0
0
0
0
0
0
0
0
0
0
0
0
0
0
0
0
0
0
0
0
0
0
0
0
0
0
0
0
0
0
0
0
0
0
0
0
0
0
0
0
0
0
0
0
0
0
0
0
0
0
0
0
0
0
0
0
0
0
0
0
0
0
0
0
0
0
0
0
0
0
0
0
0
0
0
0
0
0
0
0
0
0
0
0
0
0
0
0
0
0
0
0
0
0
0
0
0
0
0
0
0
0
0
0
0
0
0
0
0
0
0
0
0
0
0
0
0
0
0
0
0
0
0
0
0
0
0
0
0
0
0
0
0
0
0
0
0
0
0
0
0
0
0
0
0
0
0
0
0
0
0
0
0
0
0
0
0
0
0
0
0
0
0
0
0
0
0
0
0
0
0
0
0
0
0
0
0
0
0
0
0
0
0
0
0
0
0
0
0
0
0
0
0
0
0
0
0
0
0
0
0
0
0
0
0
0
0
0
0
0
0
0
0
0
0
0
0
0
0
0
0
0
0
0
0
0
0
0
0
0
0
0
0
0
0
0
0
0
0
0
0
0
0
0
0
0
0
0
0
0
0
0
0
0
0
0
0
0
0
0
0
0
0
0
0
0
0
0
0
0
0
0
0
0
0
0
0
0
0
0
0
0
0
0
0
0
0
0
0
0
0
0
0
0
0
0
0
0
0
0
0
0
0
0
0
0
0
0
0
0
0
0
0
0
0
0
0
0
0
0
0
0
0
0
0
0
0
0
0
0
0
0
0
0
0
0
0
0
0
0
0
0
0
0
0
0
0
0
0
0
0
0
0
0
0
0
0
0
0
0
0
0
0
0
0
0
0
0
0
0
0
0
0
0
0
0
0
0
0
0
0
0
0
0
0
0
0
0
0
0
0
0
0
0
0
0
0
0
0
0
0
0
0
0
0
0
0
0
0
0
0
0
0
0
0
0
0
0
0
0
0
0
0
0
0
0
0
0
0
0
0
0
0
0
0
0
0
