0
0
0
0
0
0
0
0
0
0
0
0
0
0
0
0
0
0
0
0
0
0
0
0
0
0
0
0
0
0
0
0
0
0
0
0
0
0
0
0
0
0
0
0
0
0
0
0
0
0
0
0
0
0
0
0
0
0
0
0
0
0
0
0
0
0
0
0
0
0
0
0
0
0
0
0
0
0
0
0
0
0
0
0
0
0
0
0
0
0
0
0
0
0
0
0
0
0
0
0
0
0
0
0
0
0
0
0
0
0
0
0
0
0
0
0
0
0
0
0
0
0
0
0
0
0
0
0
0
0
0
0
0
0
0
0
0
0
0
0
0
0
0
0
0
0
0
0
0
0
0
0
0
0
0
0
0
0
0
0
0
0
0
0
0
0
0
0
0
0
0
0
0
0
0
0
0
0
0
0
0
0
0
0
0
0
0
0
0
0
0
0
0
0
0
0
0
0
0
0
0
0
0
0
0
0
0
0
0
0
0
0
0
0
0
0
0
0
0
0
0
0
0
0
0
0
0
0
0
0
0
0
0
0
0
0
0
0
0
0
0
0
0
0
0
0
0
0
0
0
0
0
0
0
0
0
0
0
0
0
0
0
0
0
0
0
0
0
0
0
0
0
0
0
0
0
0
0
0
0
0
0
0
0
0
0
0
0
0
0
0
0
0
0
0
0
0
0
0
0
0
0
0
0
0
0
0
0
0
0
0
0
0
0
0
0
0
0
0
0
0
0
0
0
0
0
0
0
0
0
0
0
0
0
0
0
0
0
0
0
0
0
0
0
0
0
0
0
0
0
0
0
0
0
0
0
0
0
0
0
0
0
0
0
0
0
0
0
0
0
0
0
0
0
0
0
0
0
0
0
0
0
0
0
0
0
0
0
0
0
0
0
0
0
0
0
0
0
0
0
0
0
0
0
0
0
0
0
0
0
0
0
0
0
0
0
0
0
0
0
0
0
0
0
0
0
0
0
0
0
0
0
0
0
0
0
0
0
0
0
0
0
0
0
0
0
0
0
0
0
0
0
0
0
0
0
0
0
0
0
0
0
0
0
0
0
0
0
0
0
0
0
0
0
0
0
0
0
0
0
0
0
0
0
0
0
0
0
0
0
0
0
0
0
0
0
0
0
0
0
0
0
0
0
0
0
0
0
0
0
0
0
0
0
0
0
0
0
0
0
0
0
0
0
0
0
0
0
0
0
0
0
0
0
0
0
0
0
0
0
0
0
0
0
0
0
0
0
0
0
0
0
0
0
0
0
0
0
0
0
0
0
0
0
0
0
0
0
0
0
0
0
0
0
0
0
0
0
0
0
0
0
0
0
0
0
0
0
0
0
0
0
0
0
0
0
0
0
0
0
0
0
0
0
0
0
0
0
0
0
0
0
0
0
0
0
0
0
0
0
0
0
0
0
0
0
0
0
0
0
0
0
0
0
0
0
0
0
0
0
0
0
0
0
0
0
0
0
0
0
0
0
0
0
0
0
0
0
0
0
0
0
0
0
0
0
0
0
0
0
0
0
0
0
0
0
0
0
0
0
0
0
0
0
0
0
0
0
0
0
0
0
0
0
0
0
0
0
0
0
0
0
0
0
0
0
0
0
0
0
0
0
0
0
0
0
0
0
0
0
0
0
0
0
0
0
0
0
0
0
0
0
0
0
0
0
0
0
0
0
0
0
0
0
0
0
0
0
0
0
0
0
0
0
0
0
0
0
0
0
0
0
0
0
0
0
0
0
0
0
0
0
0
0
0
0
0
0
0
0
0
0
0
0
0
0
0
0
0
0
0
0
0
0
0
0
0
0
0
0
0
0
0
0
0
0
0
0
0
0
0
0
0
0
0
0
0
0
0
0
0
0
0
0
0
0
0
0
0
0
0
0
0
0
0
0
0
0
0
0
0
0
0
0
0
0
0
0
0
0
0
0
0
0
0
0
0
0
0
0
0
0
0
0
0
0
0
0
0
0
0
0
0
0
0
0
0
0
0
0
0
0
0
0
0
0
0
0
0
0
0
0
0
0
0
0
0
0
0
0
0
0
0
0
0
0
0
0
0
0
0
0
0
0
0
0
0
0
0
0
0
0
0
0
0
0
0
0
0
0
0
0
0
0
0
0
0
0
0
0
0
0
0
0
0
0
0
0
0
0
0
0
0
0
0
0
0
0
0
0
0
0
0
0
0
0
0
0
0
0
0
0
0
0
0.9
0.9
0.9
0.9
0.9
0.9
0.9
0.9
0.9
3.6
3.6
3.6
3.6
3.6
3.6
3.6
3.6
3.6
3.6
8.08
8.08
8.08
8.08
8.08
8.08
8.08
8.08
8.08
14.33
14.33
14.33
14.33
14.33
14.33
14.33
14.33
14.33
14.33
22.33
22.33
22.33
22.33
22.33
22.33
22.33
22.33
22.33
32.05
32.05
32.05
32.05
32.05
32.05
32.05
32.05
32.05
32.05
43.46
43.46
43.46
43.46
43.46
43.46
43.46
43.46
43.46
56.5
56.5
56.5
56.5
56.5
56.5
56.5
56.5
56.5
56.5
71.15
71.15
71.15
71.15
71.15
71.15
71.15
71.15
71.15
87.33
87.33
87.33
87.33
87.33
87.33
87.33
87.33
87.33
105
105
105
105
105
105
105
105
105
105
124.1
124.1
124.1
124.1
124.1
124.1
124.1
124.1
124.1
144.54
144.54
144.54
144.54
144.54
144.54
144.54
144.54
144.54
144.54
166.27
166.27
166.27
166.27
166.27
166.27
166.27
166.27
166.27
189.2
189.2
189.2
189.2
189.2
189.2
189.2
189.2
189.2
189.2
213.24
213.24
213.24
213.24
213.24
213.24
213.24
213.24
213.24
238.32
238.32
238.32
238.32
238.32
238.32
238.32
238.32
238.32
238.32
264.34
264.34
264.34
264.34
264.34
264.34
264.34
264.34
264.34
291.2
291.2
291.2
291.2
291.2
291.2
291.2
291.2
291.2
291.2
318.82
318.82
318.82
318.82
318.82
318.82
318.82
318.82
318.82
347.09
347.09
347.09
347.09
347.09
347.09
347.09
347.09
347.09
347.09
375.91
375.91
375.91
375.91
375.91
375.91
375.91
375.91
375.91
405.18
405.18
405.18
405.18
405.18
405.18
405.18
405.18
405.18
405.18
434.79
434.79
434.79
434.79
434.79
434.79
434.79
434.79
434.79
464.63
464.63
464.63
464.63
464.63
464.63
464.63
464.63
464.63
494.6
494.6
494.6
494.6
494.6
494.6
494.6
494.6
494.6
494.6
500
500
500
500
500
500
500
500
500
500
500
500
500
500
500
500
500
500
500
530
530
530
530
530
530
530
530
530
560
560
560
560
560
560
560
560
560
560
590
590
590
590
590
590
590
590
590
620
620
620
620
620
620
620
620
620
620
650
650
650
650
650
650
650
650
650
680
680
680
680
680
680
680
680
680
680
710
710
710
710
710
710
710
710
710
710
740
740
740
740
740
740
740
740
740
770
770
770
770
770
770
770
770
770
770
800
800
800
800
800
800
800
800
800
830
830
830
830
830
830
830
830
830
830
860
860
860
860
860
860
860
860
860
890
890
890
890
890
890
890
890
890
890
920
920
920
920
920
920
920
920
920
950
950
950
950
950
950
950
950
950
950
980
980
980
980
980
980
980
980
980
980
1010
1010
1010
1010
1010
1010
1010
1010
1010
1040
1040
1040
1040
1040
1040
1040
1040
1040
1040
1070
1070
1070
1070
1070
1070
1070
1070
1070
1100
1100
1100
1100
1100
1100
1100
1100
1100
1100
1130
1130
1130
1130
1130
1130
1130
1130
1130
1160
1160
1160
1160
1160
1160
1160
1160
1160
1160
1190
1190
1190
1190
1190
1190
1190
1190
1190
1220
1220
1220
1220
1220
1220
1220
1220
1220
1250
1250
1250
1250
1250
1250
1250
1250
1250
1250
