0.009167
0.055411
0.227024
0.429101
0.648891
0.969894
1.23142
1.29598
1.33646
1.37692
1.42114
1.4558
1.49611
1.52855
1.56699
1.60396
1.63779
1.67751
1.70859
1.75496
1.7874
1.8288
1.85827
1.90103
1.92909
1.97608
2.0032
2.04869
2.07869
2.11912
2.15124
2.1899
2.22602
2.26073
2.30101
2.33946
2.37957
2.41022
2.45204
2.48103
2.52392
2.55179
2.59554
2.62257
2.67135
2.70131
2.74163
2.77268
2.81218
2.84687
2.88273
2.91884
2.95328
2.99148
3.02383
3.06845
3.1024
3.14191
3.17296
3.21384
3.24359
3.28633
3.31434
3.35805
3.38515
3.43379
3.46393
3.50436
3.53556
3.57514
3.60978
3.64599
3.68292
3.72485
3.76016
3.79562
3.83384
3.8664
3.90901
3.93716
3.97931
4.00765
4.05191
4.08622
4.12721
4.1569
4.19885
4.22759
4.26795
4.30051
4.34182
4.3781
4.41724
4.45168
4.48782
4.52776
4.55853
4.59955
4.62949
4.67166
4.70057
4.74493
4.77887
4.8221
4.84958
4.89343
4.92012
4.96858
4.99874
5.03901
5.07117
5.10939
5.14276
5.17994
5.21465
5.25051
5.28618
5.32101
5.35926
5.39962
5.43237
5.47045
5.50596
5.54129
5.57827
5.61179
5.65051
5.68255
5.7263
5.76138
5.79911
5.83217
5.87124
5.90287
5.94548
5.97364
6.02206
6.05243
6.09378
6.12312
6.16555
6.19407
6.23701
6.26473
6.3087
6.34338
6.3842
6.41406
6.45551
6.48459
6.52687
6.55527
6.60099
6.62865
6.67256
6.6995
6.7449
6.77504
6.81538
6.84562
6.88595
6.91836
6.95672
6.99078
7.02756
7.06254
7.09847
7.1383
7.17651
7.20991
7.24705
7.28233
7.31768
7.36022
7.38833
7.43166
7.45887
7.50264
7.53749
7.57785
7.6082
7.65041
7.67892
7.72146
7.74954
7.79243
7.82026
7.86749
7.89882
7.93889
7.96941
8.0101
8.03993
8.0822
8.11065
8.15277
8.18127
8.22945
8.25976
8.30069
8.33029
8.37184
8.40084
8.44205
8.47161
8.51471
8.5421
8.58598
8.61316
8.66055
8.69092
8.73136
8.76348
8.80196
8.83413
8.87268
8.90555
8.9434
8.98167
9.02209
9.05253
9.09287
9.1239
9.16366
9.19634
9.2344
9.2698
9.30511
9.34608
9.38442
9.41927
9.45533
9.49197
9.52631
9.56457
9.59724
9.63624
9.66802
9.71091
9.74515
9.78279
9.81578
9.85374
9.88638
9.92534
9.95699
9.99612
10.0276
10.0712
10.1063
10.1434
10.1769
10.217
10.2478
10.289
10.3185
10.3614
10.3891
10.4332
10.4678
10.5082
10.5385
10.58
10.6093
10.6522
10.6802
10.724
10.751
10.7999
10.8299
10.8717
10.9008
10.9413
10.9717
11.0121
11.0446
11.0907
11.1223
11.1613
11.1955
11.2319
11.2672
11.3024
11.3405
11.3729
11.414
11.4435
11.4897
11.522
11.5623
11.5928
11.6333
11.6634
11.7059
11.734
11.7772
11.8045
11.8485
11.8832
11.9242
11.9539
11.9956
12.0245
12.0668
12.095
12.1384
12.1729
12.2144
12.2496
12.2853
12.3222
12.3561
12.3941
12.4269
12.4659
12.4978
12.5422
12.5763
12.6144
12.647
12.686
12.7175
12.7582
12.7882
12.8291
12.8587
12.9002
12.9373
12.9764
13.0078
13.0479
13.0784
13.1207
13.149
13.1894
13.2227
13.26
13.3035
13.3385
13.379
13.4093
13.4511
13.4801
13.5205
13.5556
13.5913
13.6318
13.6701
13.7044
13.7407
13.7755
13.8113
13.8507
13.8899
13.9226
13.9604
13.9952
14.0311
14.0667
14.1016
14.1385
14.1724
14.2141
14.251
14.2842
14.3218
14.3552
14.3925
14.4292
14.4661
14.503
14.542
14.5746
14.6127
14.6462
14.6836
14.7182
14.7543
14.7904
14.825
14.8622
14.9035
14.9382
14.974
15.0094
15.0445
15.0822
15.1151
15.154
15.1858
15.2249
15.2563
15.2986
15.3349
15.3701
15.4055
15.4413
15.476
15.5113
15.5465
15.582
15.6169
15.6536
15.6956
15.7299
15.7662
15.801
15.8367
15.8722
15.9073
15.9435
15.9779
16.0151
16.0484
16.0899
16.127
16.1613
16.1976
16.2321
16.2681
16.3022
16.3387
16.3732
16.4093
16.4445
16.4879
16.5199
16.5584
16.5919
16.6291
16.6627
16.6996
16.7342
16.7701
16.8048
16.8406
16.8797
16.9191
16.9514
16.9896
17.0227
17.0602
17.0926
17.1307
17.1632
17.2012
17.2349
17.2799
17.3113
17.3507
17.382
17.4215
17.4538
17.4924
17.5262
17.5632
17.5971
17.634
17.6717
17.7113
17.7429
17.782
17.8137
17.8527
17.8858
17.9235
17.9594
17.9943
18.0355
18.0731
18.1064
18.1439
18.1776
18.2145
18.249
18.2851
18.3199
18.3633
18.3964
18.4339
18.4693
18.5063
18.5427
18.5752
18.6151
18.6456
18.6884
18.724
18.7647
18.7945
18.8359
18.866
18.9065
18.9351
18.9754
19.0087
19.046
19.0817
19.1247
19.1573
19.1953
19.2289
19.266
19.3007
19.3365
19.3722
19.4071
19.4433
19.4776
19.5198
19.5562
19.5919
19.6268
19.664
19.6973
19.7351
19.768
19.8065
19.8386
19.881
19.9172
19.9518
19.989
20.0247
20.0598
20.0966
20.1307
20.1675
20.2014
20.2397
20.2782
20.3138
20.3488
20.3842
20.4193
20.4556
20.4899
20.5271
20.5605
20.5981
20.6311
20.6691
20.7097
20.7452
20.7802
20.8162
20.8508
20.8869
20.9213
20.958
20.992
21.0308
21.0706
21.1078
21.1411
21.1801
21.2117
21.2521
21.2822
21.3245
21.3528
21.3952
21.4236
21.4667
21.5021
21.5425
21.5726
21.6141
21.6432
21.6844
21.7137
21.7551
21.7842
21.827
21.8548
21.9031
21.9333
21.9742
22.0038
22.0454
22.0743
22.1146
22.146
22.1853
22.2174
22.2558
22.2953
22.3347
22.3683
22.4055
