0.02169
0.044027
0.064343
0.084674
0.105113
0.12558
0.145964
0.166315
0.187002
0.207368
0.230648
0.250956
0.271199
0.291463
0.311759
0.332048
0.352374
0.372653
0.392915
0.413184
0.433492
0.453886
0.474385
0.494904
0.519411
0.539824
0.560176
0.580724
0.601027
0.621405
0.641806
0.662214
0.682488
0.702749
0.7231
0.743481
0.763962
0.788338
0.808931
0.829232
0.849495
0.869894
0.890291
0.91071
0.931095
0.951432
0.97168
0.991915
1.01282
1.03726
1.05765
1.07808
1.09836
1.11866
1.13913
1.15947
1.1798
1.20009
1.22048
1.24073
1.26099
1.28128
1.30567
1.32595
1.34624
1.36654
1.38682
1.40712
1.42738
1.44774
1.46802
1.48842
1.50871
1.529
1.54931
1.57366
1.59394
1.61425
1.63468
1.65494
1.67525
1.69556
1.71585
1.73613
1.75643
1.77675
1.79707
1.82141
1.84175
1.8621
1.88238
1.90272
1.92297
1.94325
1.96361
1.98387
2.00414
2.0244
2.04466
2.06491
2.08519
2.1095
2.12988
2.15021
2.17047
2.19079
2.21102
2.23138
2.25181
2.27219
2.29247
2.31273
2.33296
2.35724
2.37755
2.39786
2.41815
2.43962
2.46019
2.48058
2.501
2.52138
2.54181
2.5623
2.58272
2.60387
2.62453
2.6458
2.66614
2.68646
2.70676
2.72706
2.74732
2.76775
2.78819
2.80857
2.82898
2.84931
2.86961
2.88998
2.91352
2.93383
2.95411
2.97438
2.99464
3.01491
3.03516
3.0554
3.07568
3.09597
3.11618
3.13641
3.1567
3.1769
3.20119
3.22145
3.2417
3.26211
3.28236
3.30257
3.32281
3.34308
3.36332
3.38354
3.40373
3.42397
3.44424
3.46446
3.4847
3.50897
3.52919
3.54939
3.56974
3.59001
3.61024
3.63046
3.65066
3.67086
3.6911
3.71136
3.7316
3.75185
3.77211
3.79642
3.81671
3.83695
3.85726
3.8775
3.89776
3.91808
3.93836
3.95868
3.97896
3.99923
4.01948
4.0397
4.05998
4.08424
4.10452
4.12477
4.14504
4.16639
4.18668
4.20695
4.22727
4.2475
4.2678
4.28806
4.30843
4.32878
4.35309
4.37335
4.39364
4.41389
4.43417
4.45444
4.47471
4.49495
4.51521
4.53553
4.55578
4.57604
4.5963
4.61653
4.64083
4.66118
4.68141
4.70164
4.7219
4.74227
4.7625
4.78277
4.80304
4.82327
4.84351
4.86375
4.88401
4.90435
4.92468
4.94893
4.96918
4.98941
5.00969
5.02995
5.05025
5.07049
5.09071
5.11108
5.13139
5.15164
5.17193
5.19219
5.21244
5.23701
5.25739
5.2778
5.29816
5.31869
5.33913
5.35951
5.38019
5.40059
5.42096
5.44132
5.46169
5.4823
5.5048
5.52509
5.54538
5.56563
5.58589
5.60613
5.62639
5.64664
5.66696
5.68727
5.70754
5.72777
5.74797
5.76829
5.79274
5.813
5.83322
5.85346
5.87377
5.89401
5.91427
5.93457
5.95488
5.97513
5.99538
6.01562
6.03588
6.05615
6.08041
6.10069
6.12095
6.14119
6.16146
6.18174
6.20203
6.22236
6.2426
6.26285
6.2831
6.30342
6.32402
6.34436
6.36879
6.38909
6.40939
6.42965
6.45002
6.47032
6.49056
6.51083
6.53109
6.55139
6.57166
6.59193
6.61221
6.6365
6.6568
6.67707
6.69732
6.71757
6.73786
6.75816
6.77839
6.79859
6.81888
6.83915
6.85942
6.87968
6.89995
6.92422
6.9445
6.96476
6.98503
7.00532
7.02561
7.04587
7.06618
7.0905
7.11075
7.13108
7.15133
7.17162
7.19198
7.21225
7.23256
7.25283
7.2731
7.29337
7.31368
7.33404
7.35825
7.37852
7.39878
7.41902
7.4395
7.45988
7.48199
7.50242
7.52294
7.54377
7.56417
7.58455
7.60507
7.62564
7.64671
7.66695
7.68728
7.70753
7.72775
7.74802
7.76902
7.78948
7.80992
7.83032
7.85069
7.87106
7.89143
7.91175
7.93468
7.95497
7.9753
7.99556
8.01581
8.03605
8.05634
8.07659
8.09686
8.1171
8.13736
8.15759
8.17787
8.19814
8.22244
8.24271
8.26296
8.28324
8.30365
8.32395
8.34435
8.36469
8.38504
8.40537
8.42565
8.44597
8.47066
8.491
8.5115
8.53181
8.55212
8.57242
8.59275
8.61308
8.63346
8.65382
8.67412
8.69842
8.71875
8.73909
8.75946
8.7799
8.80022
8.82055
8.8408
8.86107
8.88134
8.90164
8.92191
8.94222
8.96651
8.9868
9.00713
9.02749
9.04778
9.06803
9.08836
9.10865
9.12896
9.14927
9.16954
9.18987
9.21013
9.23441
9.25469
9.27495
9.29519
9.31557
9.33583
9.35606
9.37639
9.39671
9.41702
9.43727
9.45759
9.47826
9.50254
9.52277
9.54305
9.56328
9.58352
9.60382
9.62413
9.64443
9.66467
9.68498
9.70524
9.72555
9.74578
9.76606
9.79035
9.8107
9.83111
9.85145
9.87173
9.892
9.91428
9.93464
9.95498
9.97535
9.99642
10.0167
10.0371
10.0585
10.0789
10.0991
10.1194
10.1397
10.1601
10.1805
10.2009
10.2213
10.2417
10.2624
10.2828
10.3033
10.3237
10.3468
10.3671
10.3873
10.4075
10.4278
10.4486
10.4689
10.4892
10.5095
10.5298
10.55
10.5703
10.5907
10.615
10.6353
10.6556
10.6759
10.6961
10.7163
10.7366
10.7569
10.7772
10.7974
10.8176
10.8379
10.8582
10.8788
10.899
10.9236
10.9439
10.9641
10.9843
11.0046
11.0249
11.0453
11.0655
11.0857
11.106
11.1263
11.1466
11.1669
11.1913
11.2127
11.2329
11.2532
11.2734
11.2937
11.314
11.3342
11.3545
11.3747
11.3949
11.4152
11.4355
11.4557
11.476
11.5004
11.5206
11.5409
11.5612
11.5815
11.6017
11.622
11.6422
11.6625
11.6828
11.7031
11.7245
11.7448
11.765
11.7893
11.8097
11.8299
11.8503
11.8705
11.8907
11.911
11.9312
11.9516
11.9719
11.9921
12.0124
12.0327
12.053
12.0773
12.0975
12.1179
12.1381
12.1584
12.1787
12.199
12.2199
12.2402
12.2605
12.281
12.3014
12.3216
12.346
12.3664
12.3866
12.4068
12.4271
12.4474
12.4677
12.488
12.5083
12.5286
12.5488
12.5692
12.5895
12.6138
12.6341
12.6544
12.6747
12.695
12.7153
12.7355
12.7559
12.7762
12.7965
12.8167
12.837
12.8573
12.8816
12.9019
12.9222
12.9425
12.9628
12.983
13.0033
13.0236
13.0438
13.0641
13.0844
13.1046
13.1249
13.1452
13.1695
13.1897
13.2107
13.2311
13.2516
13.272
13.2925
13.3129
13.3333
13.3537
13.374
13.3945
13.415
13.4355
13.4578
13.4781
13.4984
13.5187
13.539
13.5596
13.5799
13.6002
13.6207
13.6411
13.6614
13.6858
13.7061
13.7266
13.747
13.7675
13.7879
13.8082
13.8286
13.8489
13.8692
13.8895
13.9099
13.9343
13.9546
13.975
13.9954
14.0157
14.0361
14.0564
14.0771
14.0974
14.1177
14.1381
14.1625
14.1828
14.2033
14.2236
14.244
14.2643
14.2847
14.305
14.3253
14.3456
14.366
14.3903
14.4107
14.431
14.4513
14.4716
14.492
14.5123
14.5326
14.5529
14.5733
14.5937
14.618
14.6384
14.6588
14.6791
14.6994
14.7197
14.74
14.7603
14.7807
14.8011
14.8214
14.8417
14.8661
14.8865
14.9068
14.9271
14.9475
14.9678
14.9882
15.0085
15.0288
15.0496
15.0699
15.0943
15.1146
15.1349
15.1553
15.1757
15.196
15.2205
15.2409
15.2612
15.2817
15.302
15.3223
15.3427
15.363
15.3833
15.4036
15.4241
15.4483
15.4687
15.4889
15.5093
15.5296
15.55
15.5703
15.5907
15.611
15.6314
15.6524
15.673
15.6975
15.7179
15.7382
15.7585
15.779
15.7993
15.8196
15.84
15.8603
15.8807
15.901
15.9253
15.9456
15.966
15.9864
16.0066
16.0269
16.0473
16.0675
16.0878
16.1082
16.1284
16.1487
16.173
16.1933
16.2136
16.234
16.2544
16.2747
16.2952
16.3154
16.3357
16.3563
16.3765
16.3968
16.417
16.4372
16.4614
16.4817
16.502
16.5222
16.5425
16.5627
16.583
16.6032
16.6243
16.6445
16.6647
16.6849
16.7052
16.7255
16.7458
16.7701
16.7904
16.8106
16.8309
16.8511
16.8714
16.8917
16.912
16.9322
16.9525
16.9728
16.993
17.0133
17.0336
17.0581
17.0784
17.0988
17.1191
17.1395
17.1598
17.18
17.2004
17.2207
17.2413
17.262
17.2822
17.3025
17.3268
17.3472
17.3674
17.3878
17.4082
17.4285
17.4488
17.4692
17.4895
17.5097
17.53
17.5502
17.5705
17.5949
17.6152
17.6355
17.6558
17.6762
17.6966
17.7169
17.7395
17.76
17.7803
17.8007
17.8212
17.8416
17.863
17.8832
17.9035
17.9238
17.944
17.9643
17.9846
18.0049
18.0252
18.0456
18.0661
18.0866
18.107
18.1275
18.1511
18.1713
18.1916
18.212
18.2324
18.2527
18.2729
18.2932
18.3135
18.3337
18.3543
18.3745
18.3955
18.4158
18.4407
18.4612
18.4814
18.5019
18.5221
18.5424
18.5627
18.583
18.6032
18.6235
18.6438
18.664
18.6845
18.7091
18.7295
18.7498
18.7701
18.7904
18.8107
18.8311
18.8514
18.8717
18.8921
18.9124
18.9328
18.953
18.9775
18.9978
19.0181
19.0383
19.0586
19.079
19.0996
19.1199
19.1401
19.1604
19.1807
19.2011
19.2214
19.2417
19.266
19.2863
19.3067
19.3269
19.3472
19.3674
19.3877
19.4082
19.4284
19.4487
19.4689
19.4892
19.5095
19.5301
19.5543
19.5746
19.5948
19.6152
19.6355
19.6558
19.6761
19.6965
19.7168
19.737
19.7573
19.7777
19.798
19.8182
19.8425
19.8628
19.883
19.9036
19.9239
19.9442
19.9645
19.9848
20.0052
20.0254
20.0458
20.066
20.0864
20.1111
20.1313
20.1516
20.1719
20.1922
20.2125
20.2327
20.253
20.2733
20.2935
20.3178
20.338
20.3583
20.3785
20.3988
20.419
20.4393
