0
0
0
0
0
0
0
0
0
0
0
0
0
0
0
0
0
0
0
0
1
1
1
1
1
1
1
3
3
3
3
3
3
3
6
6
6
6
6
6
6
6
10
10
10
10
10
10
10
13
13
13
13
13
13
13
16
16
16
16
16
16
16
16
17
17
17
17
17
17
17
17
17
17
17
17
17
17
18
18
18
18
18
18
18
18
19
19
19
19
19
19
19
21
21
21
21
21
21
21
22
22
22
22
22
22
22
22
22
22
22
22
22
22
22
24
24
24
24
24
24
24
25
25
25
25
25
25
25
26
26
26
26
26
26
26
26
26
26
26
26
26
26
26
27
27
27
27
27
27
27
28
28
28
28
28
28
28
28
29
29
29
29
29
29
29
29
29
29
29
29
29
29
30
30
30
30
30
30
30
30
29
29
29
29
29
29
29
29
29
29
29
29
29
29
30
30
30
30
30
30
30
29
29
29
29
29
29
29
29
30
30
30
30
30
30
30
29
29
29
29
29
29
29
28
28
28
28
28
28
28
28
28
28
28
28
28
28
28
27
27
27
27
27
27
27
27
26
26
26
26
26
26
26
26
26
26
26
26
26
26
25
25
25
25
25
25
25
23
23
23
23
23
23
23
23
22
22
22
22
22
22
22
21
21
21
21
21
21
21
19
19
19
19
19
19
19
19
17
17
17
17
17
17
17
16
16
16
16
16
16
16
13
13
13
13
13
13
13
11
11
11
11
11
11
11
11
9
9
9
9
9
9
9
7
7
7
7
7
7
7
7
4
4
4
4
4
4
4
1
1
1
1
1
1
1
-1
-1
-1
-1
-1
-1
-1
-5
-5
-5
-5
-5
-5
-5
-5
-8
-8
-8
-8
-8
-8
-8
-11
-11
-11
-11
-11
-11
-11
-15
-15
-15
-15
-15
-15
-15
-15
-19
-19
-19
-19
-19
-19
-19
-23
-23
-23
-23
-23
-23
-23
-28
-28
-28
-28
-28
-28
-28
-32
-32
-32
-32
-32
-32
-32
-32
-36
-36
-36
-36
-36
-36
-36
-41
-41
-41
-41
-41
-41
-41
-46
-46
-46
-46
-46
-46
-46
-51
-51
-51
-51
-51
-51
-51
-51
-56
-56
-56
-56
-56
-56
-56
-60
-60
-60
-60
-60
-60
-60
-65
-65
-65
-65
-65
-65
-65
-60
-60
-60
-60
-60
-60
-60
-60
-64
-64
-64
-64
-64
-64
-64
-65
-65
-65
-65
-65
-65
-65
-65
-66
-66
-66
-66
-66
-66
-66
-65
-65
-65
-65
-65
-65
-65
-64
-64
-64
-64
-64
-64
-64
-80
-80
-80
-80
-80
-80
-80
-80
-77
-77
-77
-77
-77
-77
-77
-73
-73
-73
-73
-73
-73
-73
-69
-69
-69
-69
-69
-69
-69
-63
-63
-63
-63
-63
-63
-63
-63
-54
-54
-54
-54
-54
-54
-54
-42
-42
-42
-42
-42
-42
-42
-30
-30
-30
-30
-30
-30
-30
-30
-14
-14
-14
-14
-14
-14
-14
0
0
0
0
0
0
0
0
0
0
0
0
0
0
0
0
0
0
0
0
0
0
0
0
0
0
0
0
0
0
0
0
0
0
0
0
0
0
0
0
0
0
0
0
0
0
0
0
0
0
0
0
0
0
0
0
0
0
0
0
0
0
0
0
0
0
0
0
0
0
0
0
