0
0
0
0
0
0
0
0
0
0
0
0
0
0
0
0
0
74
74
74
74
74
74
74
74
74
74
74
74
74
74
74
74
80
80
80
80
80
80
80
101
101
101
101
101
101
101
133
133
133
133
133
133
133
149
149
149
149
149
149
149
149
183
183
183
183
183
183
183
196
196
196
196
196
196
196
196
196
196
196
196
196
196
173
173
173
173
173
173
173
173
142
142
142
142
142
142
142
141
141
141
141
141
141
141
92
92
92
92
92
92
92
81
81
81
81
81
81
81
53
53
53
53
53
53
53
53
38
38
38
38
38
38
38
46
46
46
46
46
46
46
57
57
57
57
57
57
57
57
65
65
65
65
65
65
65
61
61
61
61
61
61
61
58
58
58
58
58
58
58
55
55
55
55
55
55
55
55
58
58
58
58
58
58
56
56
56
56
56
56
56
56
56
56
56
56
56
56
56
54
54
54
54
54
54
54
55
55
55
55
55
55
55
52
52
52
52
52
52
52
52
50
50
50
50
50
50
50
51
51
51
51
51
51
51
49
49
49
49
49
49
49
49
49
49
49
49
49
49
49
45
45
45
45
45
45
45
46
46
46
46
46
46
46
45
45
45
45
45
45
45
45
45
45
45
45
45
45
45
43
43
43
43
43
43
43
41
41
41
41
41
41
41
40
40
40
40
40
40
40
39
39
39
39
39
39
39
39
39
39
39
39
39
39
39
36
36
36
36
36
36
36
35
35
35
35
35
35
35
35
35
35
35
35
35
35
34
34
34
34
34
34
34
31
31
31
31
31
31
31
31
29
29
29
29
29
29
29
27
27
27
27
27
27
27
26
26
26
26
26
26
26
25
25
25
25
25
25
25
24
24
24
24
24
24
24
24
24
24
24
24
24
24
24
22
22
22
22
22
22
22
22
22
22
22
22
22
22
20
20
20
20
20
20
20
19
19
19
19
19
19
19
17
17
17
17
17
17
17
17
16
16
16
16
16
16
16
15
15
15
15
15
15
15
13
13
13
13
13
13
13
12
12
12
12
12
12
12
12
12
12
12
12
12
12
12
10
10
10
10
10
10
10
7
7
7
7
7
7
7
7
5
5
5
5
5
5
5
4
4
4
4
4
4
4
3
3
3
3
3
3
3
1
1
1
1
1
1
1
0
0
0
0
0
0
0
-1
-1
-1
-1
-1
-1
-1
-1
-1
-1
-1
-1
-1
-1
-1
-2
-2
-2
-2
-2
-2
-2
-2
-2
-2
-2
-2
-2
-2
-4
-4
-4
-4
-4
-4
-4
-6
-6
-6
-6
-6
-6
-6
-9
-9
-9
-9
-9
-9
-9
-9
-8
-8
-8
-8
-8
-8
-8
-9
-9
-9
-9
-9
-9
-9
-12
-12
-12
-12
-12
-12
-12
-16
-16
-16
-16
-16
-16
-16
-16
-15
-15
-15
-15
-15
-15
-15
-17
-17
-17
-17
-17
-17
-17
-20
-20
-20
-20
-20
-20
-20
-21
-21
-21
-21
-21
-21
-21
-21
-22
-22
-22
-22
-22
-22
-22
-22
-22
-22
-22
-22
-22
-22
-24
-24
-24
-24
-24
-24
-24
-25
-25
-25
-25
-25
-25
-25
-25
-27
-27
-27
-27
-27
-27
-27
-27
-28
-28
-28
-28
-28
-28
-30
-30
-30
-30
-30
-30
-30
-33
-33
-33
-33
-33
-33
-33
-35
-35
-35
-35
-35
-35
-35
-35
-32
-32
-32
-32
-32
-32
-32
-35
-35
-35
-35
-35
-35
-35
-37
-37
-37
-37
-37
-37
-37
-39
-39
-39
-39
-39
-39
-39
-39
-40
-40
-40
-40
-40
-40
-40
-39
-39
-39
-39
-39
-39
-39
-44
-44
-44
-44
-44
-44
-44
-45
-45
-45
-45
-45
-45
-45
-45
-46
-46
-46
-46
-46
-46
-46
-45
-45
-45
-45
-45
-45
-45
-50
-50
-50
-50
-50
-50
-50
-50
-50
-50
-50
-50
-50
-50
-53
-53
-53
-53
-53
-53
-53
-54
-54
-54
-54
-54
-54
-54
-54
-55
-55
-55
-55
-55
-55
-55
-56
-56
-56
-56
-56
-56
-56
-58
-58
-58
-58
-58
-58
-58
-59
-59
-59
-59
-59
-59
-59
-59
-61
-61
-61
-61
-61
-61
-61
-62
-62
-62
-62
-62
-62
-62
-65
-65
-65
-65
-65
-65
-65
-65
-65
-65
-65
-65
-65
-65
-65
-64
-64
-64
-64
-64
-64
-64
-68
-68
-68
-68
-68
-68
-68
-69
-69
-69
-69
-69
-69
-69
-73
-73
-73
-73
-73
-73
-73
-73
-72
-72
-72
-72
-72
-72
-72
-74
-74
-74
-74
-74
-74
-74
-75
-75
-75
-75
-75
-75
-75
-75
-76
-76
-76
-76
-76
-76
-76
-78
-78
-78
-78
-78
-78
-78
-77
-77
-77
-77
-77
-77
-77
-81
-81
-81
-81
-81
-81
-81
-83
-83
-83
-83
-83
-83
-83
-83
-85
-85
-85
-85
-85
-85
-85
-85
-85
-85
-85
-85
-85
-85
-89
-89
-89
-89
-89
-89
-89
-88
-88
-88
-88
-88
-88
-88
-89
-89
-89
-89
-89
-89
-89
-89
-91
-91
-91
-91
-91
-91
-91
-94
-94
-94
-94
-94
-94
-94
-93
-93
-93
-93
-93
-93
-93
-95
-95
-95
-95
-95
-95
-95
-97
-97
-97
-97
-97
-97
-97
-97
-98
-98
-98
-98
-98
-98
-98
-99
-99
-99
-99
-99
-99
-99
-99
-97
-97
-97
-97
-97
-97
-101
-101
-101
-101
-101
-101
-101
-101
-102
-102
-102
-102
-102
-102
-102
-104
-104
-104
-104
-104
-104
-104
-105
-105
-105
-105
-105
-105
-105
-107
-107
-107
-107
-107
-107
-107
-106
-106
-106
-106
-106
-106
-106
-109
-109
-109
-109
-109
-109
-109
-109
-109
-109
-109
-109
-109
-109
-109
-108
-108
-108
-108
-108
-108
-108
-112
-112
-112
-112
-112
-112
-112
-112
-112
-112
-112
-112
-112
-112
-112
-112
-112
-112
-112
-112
-112
-112
-112
-112
-112
-112
-112
-112
-112
-115
-115
-115
-115
-115
-115
-115
-115
-115
-115
-115
-115
-115
-115
-119
-119
-119
-119
-119
-119
-119
-117
-117
-117
-117
-117
-117
-117
-118
-118
-118
-118
-118
-118
-118
-116
-116
-116
-116
-116
-116
-116
-117
-117
-117
-117
-117
-117
-117
-117
-116
-116
-116
-116
-116
-116
-116
-117
-117
-117
-117
-117
-117
-117
-120
-120
-120
-120
-120
-120
-120
-118
-118
-118
-118
-118
-118
-118
-120
-120
-120
-120
-120
-120
-120
-119
-119
-119
-119
-119
-119
-119
-119
-119
-123
-123
-123
-123
-123
-123
-123
-122
-122
-122
-122
-122
-122
-125
-125
-125
-125
-125
-125
-125
-125
-123
-123
-123
-123
-123
-123
-112
-112
-112
-112
-112
-112
-112
-112
-112
-112
-112
-112
-112
-112
-112
-115
-115
-115
-115
-115
-115
-115
-113
-113
-113
-113
-113
-113
-113
-114
-114
-114
-114
-114
-114
-114
-114
-114
-114
-114
-114
-114
-114
-114
-114
-114
-114
-114
-114
-114
-113
-113
-113
-113
-113
-113
-113
-113
-113
-113
-113
-113
-113
-113
-113
-111
-111
-111
-111
-111
-111
-111
-110
-110
-110
-110
-110
-110
-110
-109
-109
-109
-109
-109
-109
-109
-109
-107
-107
-107
-107
-107
-107
-107
-106
-106
-106
-106
-106
-106
-106
-103
-103
-103
-103
-103
-103
-103
-102
-102
-102
-102
-102
-102
-102
-102
-98
-98
-98
-98
-98
-98
-98
-97
-97
-97
-97
-97
-97
-97
-93
-93
-93
-93
-93
-93
-93
-89
-89
-89
-89
-89
-89
-89
-89
-89
-89
-89
-89
-89
-89
-89
-85
-85
-85
-85
-85
-85
-85
-84
-84
-84
-84
-84
-84
-84
-80
-80
-80
-80
-80
-80
-80
-77
-77
-77
-77
-77
-77
-77
-74
-74
-74
-74
-74
-74
-74
-74
-73
-73
-73
-73
-73
-73
-73
-67
-67
-67
-67
-67
-67
-67
-66
-66
-66
-66
-66
-66
-66
-63
-63
-63
-63
-63
-63
-63
-59
-59
-59
-59
-59
-59
-59
-59
-54
-54
-54
-54
-54
-54
-54
-51
-51
-51
-51
-51
-51
-51
-48
-48
-48
-48
-48
-48
-48
-43
-43
-43
-43
-43
-43
-43
-43
-39
-39
-39
-39
-39
-39
-39
-37
-37
-37
-37
-37
-37
-37
-33
-33
-33
-33
-33
-33
-33
-29
-29
-29
-29
-29
-29
-29
-27
-27
-27
-27
-27
-27
-27
-27
-22
-22
-22
-22
-22
-22
-22
-18
-18
-18
-18
-18
-18
-18
-13
-13
-13
-13
-13
-13
-13
-9
-9
-9
-9
-9
-9
-9
-9
-6
-6
-6
-6
-6
-6
-6
-2
-2
-2
-2
-2
-2
-2
1
1
1
1
1
1
1
4
4
4
4
4
4
4
4
10
10
10
10
10
10
10
14
14
14
14
14
14
14
17
17
17
17
17
17
17
17
20
20
20
20
20
20
20
24
24
24
24
24
24
29
29
29
29
29
29
29
29
33
33
33
33
33
33
33
35
35
35
35
35
35
35
39
39
39
39
39
39
39
42
42
42
42
42
42
42
47
47
47
47
47
47
47
47
51
51
51
51
51
51
51
52
52
52
52
52
52
52
54
54
54
54
54
54
54
58
58
58
58
58
58
58
58
63
63
63
63
63
63
63
67
67
67
67
67
67
67
68
68
68
68
68
68
68
71
71
71
71
71
71
71
71
73
73
73
73
73
73
73
75
75
75
75
75
75
75
79
79
79
79
79
79
79
81
81
81
81
81
81
81
81
83
83
83
83
83
83
83
82
82
82
82
82
82
82
84
84
84
84
84
84
84
86
86
86
86
86
86
86
86
90
90
90
90
90
90
90
90
90
90
90
90
90
90
90
90
90
90
90
90
90
92
92
92
92
92
92
92
98
98
98
98
98
98
98
98
97
97
97
97
97
97
97
95
95
95
95
95
95
95
98
98
98
98
98
98
98
100
100
100
100
100
100
100
100
100
100
100
100
100
100
100
97
97
97
97
97
97
97
98
98
98
98
98
98
98
100
100
100
100
100
100
100
102
102
102
102
102
102
102
102
101
101
101
101
101
101
101
100
100
100
100
100
100
100
103
103
103
103
103
103
103
104
104
104
104
104
104
104
105
105
105
105
105
105
105
103
103
103
103
103
103
103
103
105
105
105
105
105
105
105
104
104
104
104
104
104
104
106
106
106
106
106
106
106
106
103
103
103
103
103
103
103
103
103
103
103
103
103
103
103
103
103
103
103
103
103
105
105
105
105
105
105
105
103
103
103
103
103
103
103
103
103
103
103
103
103
103
103
101
101
101
101
101
101
101
101
101
101
101
101
101
101
105
105
105
105
105
105
105
103
103
103
103
103
103
103
104
104
104
104
104
104
104
104
103
103
103
103
103
103
103
102
102
102
102
102
102
102
100
100
100
100
100
100
100
102
102
102
102
102
102
102
99
99
99
99
99
99
99
99
97
97
97
97
97
97
97
99
99
99
99
99
99
99
97
97
97
97
97
97
97
98
98
98
98
98
98
98
98
98
98
98
98
98
98
98
97
97
97
97
97
97
97
93
93
93
93
93
93
93
91
91
91
91
91
91
91
91
94
94
94
94
94
94
94
93
93
93
93
93
93
93
93
93
93
93
93
93
93
91
91
91
91
91
91
91
