2.26316e-36
2.26316e-36
2.26316e-36
2.26316e-36
2.26316e-36
2.26316e-36
2.26316e-36
2.26316e-36
2.26316e-36
2.26316e-36
2.26316e-36
2.26316e-36
2.26316e-36
2.26316e-36
2.26316e-36
2.26316e-36
2.26316e-36
2.26316e-36
2.26316e-36
2.26316e-36
2.26316e-36
2.26316e-36
-0.000355799
-0.000250764
-0.000250764
-0.000250764
-0.000250764
-0.000250764
-0.000250764
-0.000250764
-0.000250764
-0.000250764
-0.000250764
-0.000250744
-0.000250744
-0.000250744
-0.000250744
-0.000250744
-0.000250744
-0.000250744
-0.000250744
-0.000250744
-0.00012783
-0.00012783
-0.00012783
-0.00012783
-0.00012783
-0.00012783
-0.00012783
-0.00012783
-0.00012783
-0.00012783
-0.00012959
-0.00012959
-0.00012959
-0.00012959
-0.00012959
-0.00012959
-0.00012959
-0.00012959
-0.00012959
-0.00012959
-0.000130435
-0.000130435
-0.000130435
-0.000130435
-0.000130435
-0.000130435
-0.000130435
-0.000130435
-0.000130435
-0.000130842
-0.000130842
-0.000130842
-0.000130842
-0.000130842
-0.000130842
-0.000130842
-0.000130842
-0.000130842
-0.00013108
-0.00013108
-0.00013108
-0.00013108
-0.00013108
-0.00013108
-0.00013108
-0.00013108
-0.00013108
-0.00013108
-0.000131224
-0.000131224
-0.000131224
-0.000131224
-0.000131224
-0.000131224
-0.000131224
-0.000131224
-0.000131224
-0.000131311
-0.000131311
-0.000131311
-0.000131311
-0.000131311
-0.000131311
-0.000131311
-0.000131311
-0.000131311
-0.000131311
-0.000131406
-0.000131406
-0.000131406
-0.000131406
-0.000131406
-0.000131406
-0.000131406
-0.000131406
-0.000131406
-0.000131471
-0.000131471
-0.000131471
-0.000131471
-0.000131471
-0.000131471
-0.000131471
-0.000131471
-0.000131471
-0.000131471
-0.00013154
-0.00013154
-0.00013154
-0.00013154
-0.00013154
-0.00013154
-0.00013154
-0.00013154
-0.00013154
-0.000131563
-0.000131563
-0.000131563
-0.000131563
-0.000131563
-0.000131563
-0.000131563
-0.000131563
-0.000131563
-0.000131563
-0.000131536
-0.000131536
-0.000131536
-0.000131536
-0.000131536
-0.000131536
-0.000131536
-0.000131536
-0.000131536
-0.00013151
-0.00013151
-0.00013151
-0.00013151
-0.00013151
-0.00013151
-0.00013151
-0.00013151
-0.00013151
-0.00013151
-0.00013147
-0.00013147
-0.00013147
-0.00013147
-0.00013147
-0.00013147
-0.00013147
-0.00013147
-0.00013147
-0.00013147
-0.000131517
-0.000131517
-0.000131517
-0.000131517
-0.000131517
-0.000131517
-0.000131517
-0.000131517
-0.000131517
-0.000131566
-0.000131566
-0.000131566
-0.000131566
-0.000131566
-0.000131566
-0.000131566
-0.000131566
-0.000131566
-0.000131608
-0.000131608
-0.000131608
-0.000131608
-0.000131608
-0.000131608
-0.000131608
-0.000131608
-0.000131608
-0.000131608
-0.000131635
-0.000131635
-0.000131635
-0.000131635
-0.000131635
-0.000131635
-0.000131635
-0.000131635
-0.000131635
-0.000131635
-0.000131654
-0.000131654
-0.000131654
-0.000131654
-0.000131654
-0.000131654
-0.000131654
-0.000131654
-0.000131654
-0.000131672
-0.000131672
-0.000131672
-0.000131672
-0.000131672
-0.000131672
-0.000131672
-0.000131672
-0.000131672
-0.000131672
-0.000131716
-0.000131716
-0.000131716
-0.000131716
-0.000131716
-0.000131716
-0.000131716
-0.000131716
-0.000131716
-0.000131753
-0.000131753
-0.000131753
-0.000131753
-0.000131753
-0.000131753
-0.000131753
-0.000131753
-0.000131753
-0.000131753
-0.000131774
-0.000131774
-0.000131774
-0.000131774
-0.000131774
-0.000131774
-0.000131774
