0
0
0
0
0
0
0
0
0
0
0
0
0
0
0
0
0
0
0
0
0
0
0
0
0
0
0
0
0
0
0
0
0
0
0
0
0
0
0
0
0
0
0
0
0
0
0
0
0
0
0
0
0
0
0
0
0
0
0
0
0
0
0
0
0
0
0
0
0
0
0
0
0
0
0
0
0
0
0
0
0
0
0
0
0
0
0
0
0
0
0
0
0
0
0
0
0
0
0
0
0
0
0
0
0
0
0
0
0
0
0
0
0
0
0
0
0
0
0
0
0
0
0
0
0
0
0
0
0
0
0
0
0
0
0
0
0
0
0
0
0
0
0
0
0
0
0
0
0
0
0
0
0
0
0
0
0
0
0
0
0
0
0
0
0
0
0
0
0
0
0
0
0
0
0
0
0
0
0
0
103.973
103.973
103.973
103.973
103.973
103.973
103.973
103.973
103.973
100.911
100.911
100.911
100.911
100.911
100.911
100.911
100.911
100.911
95.8743
95.8743
95.8743
95.8743
95.8743
95.8743
95.8743
95.8743
95.8743
88.9618
88.9618
88.9618
88.9618
88.9618
88.9618
88.9618
88.9618
88.9618
88.9618
80.3084
80.3084
80.3084
80.3084
80.3084
80.3084
80.3084
80.3084
80.3084
70.0836
70.0836
70.0836
70.0836
70.0836
70.0836
70.0836
70.0836
70.0836
58.4874
58.4874
58.4874
58.4874
58.4874
58.4874
58.4874
58.4874
58.4874
45.7466
45.7466
45.7466
45.7466
45.7466
45.7466
45.7466
45.7466
45.7466
32.1108
32.1108
32.1108
32.1108
32.1108
32.1108
32.1108
32.1108
32.1108
17.8465
17.8465
17.8465
17.8465
17.8465
17.8465
17.8465
17.8465
17.8465
3.23308
3.23308
3.23308
3.23308
3.23308
3.23308
3.23308
3.23308
3.23308
-11.4436
-11.4436
-11.4436
-11.4436
-11.4436
-11.4436
-11.4436
-11.4436
-11.4436
-25.8964
-25.8964
-25.8964
-25.8964
-25.8964
-25.8964
-25.8964
-25.8964
-25.8964
-39.8425
-39.8425
-39.8425
-39.8425
-39.8425
-39.8425
-39.8425
-39.8425
-39.8425
-53.0089
-53.0089
-53.0089
-53.0089
-53.0089
-53.0089
-53.0089
-53.0089
-53.0089
-65.138
-65.138
-65.138
-65.138
-65.138
-65.138
-65.138
-65.138
-65.138
-65.138
-75.9925
-75.9925
-75.9925
-75.9925
-75.9925
-75.9925
-75.9925
-75.9925
-75.9925
-85.36
-85.36
-85.36
-85.36
-85.36
-85.36
-85.36
-85.36
-85.36
-93.0571
-93.0571
-93.0571
-93.0571
-93.0571
-93.0571
-93.0571
-93.0571
-93.0571
-98.9334
-98.9334
-98.9334
-98.9334
-98.9334
-98.9334
-98.9334
-98.9334
-98.9334
-98.9334
-102.874
-102.874
-102.874
-102.874
-102.874
-102.874
-102.874
-102.874
-102.874
-104.801
-104.801
-104.801
-104.801
-104.801
-104.801
-104.801
-104.801
-104.801
-104.677
-104.677
-104.677
-104.677
-104.677
-104.677
-104.677
-104.677
-104.677
-102.506
-102.506
-102.506
-102.506
-102.506
-102.506
-102.506
-102.506
-102.506
-98.328
-98.328
-98.328
-98.328
-98.328
-98.328
-98.328
-98.328
-98.328
-98.328
-92.2263
-92.2263
-92.2263
-92.2263
-92.2263
-92.2263
-92.2263
-92.2263
-92.2263
-84.3199
-84.3199
-84.3199
-84.3199
-84.3199
-84.3199
-84.3199
-84.3199
-84.3199
-74.7635
-74.7635
-74.7635
-74.7635
-74.7635
-74.7635
-74.7635
-74.7635
-74.7635
-63.7442
-63.7442
-63.7442
-63.7442
-63.7442
-63.7442
-63.7442
-63.7442
-63.7442
-51.4775
-51.4775
-51.4775
-51.4775
-51.4775
-51.4775
-51.4775
-51.4775
-51.4775
-38.2035
-38.2035
-38.2035
-38.2035
-38.2035
-38.2035
-38.2035
-38.2035
-38.2035
-24.182
-24.182
-24.182
-24.182
-24.182
-24.182
-24.182
-24.182
-24.182
-9.68721
-9.68721
-9.68721
-9.68721
-9.68721
-9.68721
-9.68721
-9.68721
-9.68721
4.99709
4.99709
4.99709
4.99709
4.99709
4.99709
4.99709
4.99709
4.99709
19.5836
19.5836
19.5836
19.5836
19.5836
19.5836
19.5836
19.5836
19.5836
33.7869
33.7869
33.7869
33.7869
33.7869
33.7869
33.7869
33.7869
33.7869
33.7869
33.7869
47.3291
47.3291
47.3291
47.3291
47.3291
47.3291
47.3291
47.3291
47.3291
47.3291
59.9451
59.9451
59.9451
59.9451
59.9451
59.9451
59.9451
59.9451
59.9451
59.9451
71.3881
71.3881
71.3881
71.3881
71.3881
71.3881
71.3881
71.3881
71.3881
81.4342
81.4342
81.4342
81.4342
81.4342
81.4342
81.4342
81.4342
81.4342
89.8869
89.8869
89.8869
89.8869
89.8869
89.8869
89.8869
89.8869
89.8869
96.5806
96.5806
96.5806
96.5806
96.5806
96.5806
96.5806
96.5806
96.5806
101.384
101.384
101.384
101.384
101.384
101.384
101.384
101.384
101.384
104.204
104.204
104.204
104.204
104.204
104.204
104.204
104.204
104.204
104.985
104.985
104.985
104.985
104.985
104.985
104.985
104.985
104.985
103.712
103.712
103.712
103.712
103.712
103.712
103.712
103.712
103.712
100.409
100.409
100.409
100.409
100.409
100.409
100.409
100.409
100.409
95.141
95.141
95.141
95.141
95.141
95.141
95.141
95.141
95.141
88.0116
88.0116
88.0116
88.0116
88.0116
88.0116
88.0116
88.0116
88.0116
79.16
79.16
79.16
79.16
79.16
79.16
79.16
79.16
79.16
68.7593
68.7593
68.7593
68.7593
68.7593
68.7593
68.7593
68.7593
68.7593
57.0132
57.0132
57.0132
57.0132
57.0132
57.0132
57.0132
57.0132
57.0132
44.1515
44.1515
44.1515
44.1515
44.1515
44.1515
44.1515
44.1515
44.1515
30.4257
30.4257
30.4257
30.4257
30.4257
30.4257
30.4257
30.4257
30.4257
16.1047
16.1047
16.1047
16.1047
16.1047
16.1047
16.1047
16.1047
16.1047
1.46846
1.46846
1.46846
1.46846
1.46846
1.46846
1.46846
1.46846
1.46846
-13.1965
-13.1965
-13.1965
-13.1965
-13.1965
-13.1965
-13.1965
-13.1965
-13.1965
-27.6032
-27.6032
-27.6032
-27.6032
-27.6032
-27.6032
-27.6032
-27.6032
-27.6032
-41.4698
-41.4698
-41.4698
-41.4698
-41.4698
-41.4698
-41.4698
-41.4698
-41.4698
-41.4698
-54.5248
-54.5248
-54.5248
-54.5248
-54.5248
-54.5248
-54.5248
-54.5248
-54.5248
-66.513
-66.513
-66.513
-66.513
-66.513
-66.513
-66.513
-66.513
-66.513
-77.1996
-77.1996
-77.1996
-77.1996
-77.1996
-77.1996
-77.1996
-77.1996
-77.1996
-86.3757
-86.3757
-86.3757
-86.3757
-86.3757
-86.3757
-86.3757
-86.3757
-86.3757
-86.3757
-93.8615
-93.8615
-93.8615
-93.8615
-93.8615
-93.8615
-93.8615
-93.8615
-93.8615
-93.8615
-99.5106
-99.5106
-99.5106
-99.5106
-99.5106
-99.5106
-99.5106
-99.5106
-99.5106
-99.5106
-103.212
-103.212
-103.212
-103.212
-103.212
-103.212
-103.212
-103.212
-103.212
-104.895
-104.895
-104.895
-104.895
-104.895
-104.895
-104.895
-104.895
-104.895
-104.524
-104.524
-104.524
-104.524
-104.524
-104.524
-104.524
-104.524
-104.524
-102.109
-102.109
-102.109
-102.109
-102.109
-102.109
-102.109
-102.109
-102.109
-97.695
-97.695
-97.695
-97.695
-97.695
-97.695
-97.695
-97.695
-97.695
-91.3696
-91.3696
-91.3696
-91.3696
-91.3696
-91.3696
-91.3696
-91.3696
-91.3696
-91.3696
-83.2563
-83.2563
-83.2563
-83.2563
-83.2563
-83.2563
-83.2563
-83.2563
-83.2563
-73.5137
-73.5137
-73.5137
-73.5137
-73.5137
-73.5137
-73.5137
-73.5137
-73.5137
-62.3328
-62.3328
-62.3328
-62.3328
-62.3328
-62.3328
-62.3328
-62.3328
-62.3328
-49.932
-49.932
-49.932
-49.932
-49.932
-49.932
-49.932
-49.932
-49.932
-36.5542
-36.5542
-36.5542
-36.5542
-36.5542
-36.5542
-36.5542
-36.5542
-36.5542
-22.4611
-22.4611
-22.4611
-22.4611
-22.4611
-22.4611
-22.4611
-22.4611
-22.4611
-7.92854
-7.92854
-7.92854
-7.92854
-7.92854
-7.92854
-7.92854
-7.92854
-7.92854
-7.92854
6.75927
6.75927
6.75927
6.75927
6.75927
6.75927
6.75927
6.75927
6.75927
21.3147
21.3147
21.3147
21.3147
21.3147
21.3147
21.3147
21.3147
21.3147
35.4532
35.4532
35.4532
35.4532
35.4532
35.4532
35.4532
35.4532
35.4532
48.8979
48.8979
48.8979
48.8979
48.8979
48.8979
48.8979
48.8979
48.8979
61.3857
61.3857
61.3857
61.3857
61.3857
61.3857
61.3857
61.3857
61.3857
72.6724
72.6724
72.6724
72.6724
72.6724
72.6724
72.6724
72.6724
72.6724
82.537
82.537
82.537
82.537
82.537
82.537
82.537
82.537
82.537
90.7865
90.7865
90.7865
90.7865
90.7865
90.7865
90.7865
90.7865
90.7865
97.2595
97.2595
97.2595
97.2595
97.2595
97.2595
97.2595
97.2595
97.2595
97.2595
101.829
101.829
101.829
101.829
101.829
101.829
101.829
101.829
101.829
104.406
104.406
104.406
104.406
104.406
104.406
104.406
104.406
104.406
104.941
104.941
104.941
104.941
104.941
104.941
104.941
104.941
104.941
103.421
103.421
103.421
103.421
103.421
103.421
103.421
103.421
103.421
99.8782
99.8782
99.8782
99.8782
99.8782
99.8782
99.8782
99.8782
99.8782
94.3806
94.3806
94.3806
94.3806
94.3806
94.3806
94.3806
94.3806
94.3806
87.0362
87.0362
87.0362
87.0362
87.0362
87.0362
87.0362
87.0362
87.0362
77.9886
77.9886
77.9886
77.9886
77.9886
77.9886
77.9886
77.9886
77.9886
67.415
67.415
67.415
67.415
67.415
67.415
67.415
67.415
67.415
55.5222
55.5222
55.5222
55.5222
55.5222
55.5222
55.5222
55.5222
55.5222
42.5429
42.5429
42.5429
42.5429
42.5429
42.5429
42.5429
42.5429
42.5429
28.7312
28.7312
28.7312
28.7312
28.7312
28.7312
28.7312
28.7312
28.7312
14.3571
14.3571
14.3571
14.3571
14.3571
14.3571
14.3571
14.3571
14.3571
-0.297807
-0.297807
-0.297807
-0.297807
-0.297807
-0.297807
-0.297807
-0.297807
-0.297807
-14.9469
-14.9469
-14.9469
-14.9469
-14.9469
-14.9469
-14.9469
-14.9469
-14.9469
-14.9469
-29.3035
-29.3035
-29.3035
-29.3035
-29.3035
-29.3035
-29.3035
-29.3035
-29.3035
-43.0867
-43.0867
-43.0867
-43.0867
-43.0867
-43.0867
-43.0867
-43.0867
-43.0867
-56.0269
-56.0269
-56.0269
-56.0269
-56.0269
-56.0269
-56.0269
-56.0269
-56.0269
-67.8706
-67.8706
-67.8706
-67.8706
-67.8706
-67.8706
-67.8706
-67.8706
-67.8706
-78.3862
-78.3862
-78.3862
-78.3862
-78.3862
-78.3862
-78.3862
-78.3862
-78.3862
-87.368
-87.368
-87.368
-87.368
-87.368
-87.368
-87.368
-87.368
-87.368
-94.6401
-94.6401
-94.6401
-94.6401
-94.6401
-94.6401
-94.6401
-94.6401
-94.6401
-100.06
-100.06
-100.06
-100.06
-100.06
-100.06
-100.06
-100.06
-100.06
-103.523
-103.523
-103.523
-103.523
-103.523
-103.523
-103.523
-103.523
-103.523
-104.959
-104.959
-104.959
-104.959
-104.959
-104.959
-104.959
-104.959
-104.959
-104.342
-104.342
-104.342
-104.342
-104.342
-104.342
-104.342
-104.342
-104.342
-101.682
-101.682
-101.682
-101.682
-101.682
-101.682
-101.682
-101.682
-101.682
-97.0335
-97.0335
-97.0335
-97.0335
-97.0335
-97.0335
-97.0335
-97.0335
-97.0335
-90.4858
-90.4858
-90.4858
-90.4858
-90.4858
-90.4858
-90.4858
-90.4858
-90.4858
-82.1676
-82.1676
-82.1676
-82.1676
-82.1676
-82.1676
-82.1676
-82.1676
-82.1676
-82.1676
-72.2414
-72.2414
-72.2414
-72.2414
-72.2414
-72.2414
-72.2414
-72.2414
-72.2414
-60.9015
-60.9015
-60.9015
-60.9015
-60.9015
-60.9015
-60.9015
-60.9015
-60.9015
-48.3701
-48.3701
-48.3701
-48.3701
-48.3701
-48.3701
-48.3701
-48.3701
-48.3701
-34.892
-34.892
-34.892
-34.892
-34.892
-34.892
-34.892
-34.892
-34.892
-20.7313
-20.7313
-20.7313
-20.7313
-20.7313
-20.7313
-20.7313
-20.7313
-20.7313
-6.16468
-6.16468
-6.16468
-6.16468
-6.16468
-6.16468
-6.16468
-6.16468
-6.16468
8.52252
8.52252
8.52252
8.52252
8.52252
8.52252
8.52252
8.52252
8.52252
23.0428
23.0428
23.0428
23.0428
23.0428
23.0428
23.0428
23.0428
23.0428
37.1123
37.1123
37.1123
37.1123
37.1123
37.1123
37.1123
37.1123
37.1123
50.4554
50.4554
50.4554
50.4554
50.4554
50.4554
50.4554
50.4554
50.4554
62.8114
62.8114
62.8114
62.8114
62.8114
62.8114
62.8114
62.8114
62.8114
73.9383
73.9383
73.9383
73.9383
73.9383
73.9383
73.9383
73.9383
73.9383
83.6181
83.6181
83.6181
83.6181
83.6181
83.6181
83.6181
83.6181
83.6181
91.6619
91.6619
91.6619
91.6619
91.6619
91.6619
91.6619
91.6619
91.6619
97.9119
97.9119
97.9119
97.9119
97.9119
97.9119
97.9119
97.9119
97.9119
102.246
102.246
102.246
102.246
102.246
102.246
102.246
102.246
102.246
104.579
104.579
104.579
104.579
104.579
104.579
104.579
104.579
104.579
104.866
104.866
104.866
104.866
104.866
104.866
104.866
104.866
104.866
103.101
103.101
103.101
103.101
103.101
103.101
103.101
103.101
103.101
99.3186
99.3186
99.3186
99.3186
99.3186
99.3186
99.3186
99.3186
99.3186
93.5925
93.5925
93.5925
93.5925
93.5925
93.5925
93.5925
93.5925
93.5925
86.0349
86.0349
86.0349
86.0349
86.0349
86.0349
86.0349
86.0349
86.0349
76.7939
76.7939
76.7939
76.7939
76.7939
76.7939
76.7939
76.7939
76.7939
66.05
66.05
66.05
66.05
66.05
66.05
66.05
66.05
66.05
54.0138
54.0138
54.0138
54.0138
54.0138
54.0138
54.0138
54.0138
54.0138
40.9205
40.9205
40.9205
40.9205
40.9205
40.9205
40.9205
40.9205
40.9205
27.0265
27.0265
27.0265
27.0265
27.0265
27.0265
27.0265
27.0265
27.0265
27.0265
12.6038
12.6038
12.6038
12.6038
12.6038
12.6038
12.6038
12.6038
12.6038
-2.06574
-2.06574
-2.06574
-2.06574
-2.06574
-2.06574
-2.06574
-2.06574
-2.06574
-16.6947
-16.6947
-16.6947
-16.6947
-16.6947
-16.6947
-16.6947
-16.6947
-16.6947
-30.9971
-30.9971
-30.9971
-30.9971
-30.9971
-30.9971
-30.9971
-30.9971
-30.9971
-44.693
-44.693
-44.693
-44.693
-44.693
-44.693
-44.693
-44.693
-44.693
-57.5141
-57.5141
-57.5141
-57.5141
-57.5141
-57.5141
-57.5141
-57.5141
-57.5141
-69.2099
-69.2099
-69.2099
-69.2099
-69.2099
-69.2099
-69.2099
-69.2099
-69.2099
-79.5513
-79.5513
-79.5513
-79.5513
-79.5513
-79.5513
-79.5513
-79.5513
-79.5513
-88.3362
-88.3362
-88.3362
-88.3362
-88.3362
-88.3362
-88.3362
-88.3362
-88.3362
-95.3925
-95.3925
-95.3925
-95.3925
-95.3925
-95.3925
-95.3925
-95.3925
-95.3925
-100.582
-100.582
-100.582
-100.582
-100.582
-100.582
-100.582
-100.582
-100.582
-103.803
-103.803
-103.803
-103.803
-103.803
-103.803
-103.803
-103.803
-103.803
-103.803
-104.994
-104.994
-104.994
-104.994
-104.994
-104.994
-104.994
-104.994
-104.994
-104.129
-104.129
-104.129
-104.129
-104.129
-104.129
-104.129
-104.129
-104.129
-101.227
-101.227
-101.227
-101.227
-101.227
-101.227
-101.227
-101.227
-101.227
-96.3443
-96.3443
-96.3443
-96.3443
-96.3443
-96.3443
-96.3443
-96.3443
-96.3443
-96.3443
-89.5761
-89.5761
-89.5761
-89.5761
-89.5761
-89.5761
-89.5761
-89.5761
-89.5761
-89.5761
-81.0552
-81.0552
-81.0552
-81.0552
-81.0552
-81.0552
-81.0552
-81.0552
-81.0552
-70.9481
-70.9481
-70.9481
-70.9481
-70.9481
-70.9481
-70.9481
-70.9481
-70.9481
-70.9481
-59.4527
-59.4527
-59.4527
-59.4527
-59.4527
-59.4527
-59.4527
-59.4527
-59.4527
-59.4527
-46.794
-46.794
-46.794
-46.794
-46.794
-46.794
-46.794
-46.794
-46.794
-33.2195
-33.2195
-33.2195
-33.2195
-33.2195
-33.2195
-33.2195
-33.2195
-33.2195
-18.9951
-18.9951
-18.9951
-18.9951
-18.9951
-18.9951
-18.9951
-18.9951
-18.9951
-4.39887
-4.39887
-4.39887
-4.39887
-4.39887
-4.39887
-4.39887
-4.39887
-4.39887
10.2835
10.2835
10.2835
10.2835
10.2835
10.2835
10.2835
10.2835
10.2835
24.7644
24.7644
24.7644
24.7644
24.7644
24.7644
24.7644
24.7644
24.7644
38.7609
38.7609
38.7609
38.7609
38.7609
38.7609
38.7609
38.7609
38.7609
51.9987
51.9987
51.9987
51.9987
51.9987
51.9987
51.9987
51.9987
51.9987
51.9987
64.2193
64.2193
64.2193
64.2193
64.2193
64.2193
64.2193
64.2193
64.2193
75.1831
75.1831
75.1831
75.1831
75.1831
75.1831
75.1831
75.1831
75.1831
84.6756
84.6756
84.6756
84.6756
84.6756
84.6756
84.6756
84.6756
84.6756
92.5113
92.5113
92.5113
92.5113
92.5113
92.5113
92.5113
92.5113
92.5113
98.5366
98.5366
98.5366
98.5366
98.5366
98.5366
98.5366
98.5366
98.5366
102.634
102.634
102.634
102.634
102.634
102.634
102.634
102.634
102.634
104.723
104.723
104.723
104.723
104.723
104.723
104.723
104.723
104.723
104.762
104.762
104.762
104.762
104.762
104.762
104.762
104.762
104.762
102.752
102.752
102.752
102.752
102.752
102.752
102.752
102.752
102.752
98.7308
98.7308
98.7308
98.7308
98.7308
98.7308
98.7308
98.7308
98.7308
98.7308
92.7778
92.7778
92.7778
92.7778
92.7778
92.7778
92.7778
92.7778
92.7778
85.0092
85.0092
85.0092
85.0092
85.0092
85.0092
85.0092
85.0092
85.0092
75.5773
75.5773
75.5773
75.5773
75.5773
75.5773
75.5773
75.5773
75.5773
64.6663
64.6663
64.6663
64.6663
64.6663
64.6663
64.6663
64.6663
64.6663
52.4901
52.4901
52.4901
52.4901
52.4901
52.4901
52.4901
52.4901
52.4901
39.2866
39.2866
39.2866
39.2866
39.2866
39.2866
39.2866
39.2866
39.2866
25.3143
25.3143
25.3143
25.3143
25.3143
25.3143
25.3143
25.3143
25.3143
10.8468
10.8468
10.8468
10.8468
10.8468
10.8468
10.8468
10.8468
10.8468
10.8468
-3.83309
-3.83309
-3.83309
-3.83309
-3.83309
-3.83309
-3.83309
-3.83309
-18.4378
-18.4378
-18.4378
-18.4378
-18.4378
-18.4378
-18.4378
-18.4378
-18.4378
-18.4378
-32.6819
-32.6819
-32.6819
-32.6819
-32.6819
-32.6819
-32.6819
-32.6819
-32.6819
-46.2864
-46.2864
-46.2864
-46.2864
-46.2864
-46.2864
-46.2864
-46.2864
-46.2864
-58.9851
-58.9851
-58.9851
-58.9851
-58.9851
-58.9851
-58.9851
-58.9851
-58.9851
-70.5297
-70.5297
-70.5297
-70.5297
-70.5297
-70.5297
-70.5297
-70.5297
-70.5297
-80.694
-80.694
-80.694
-80.694
-80.694
-80.694
-80.694
-80.694
-80.694
-89.2794
-89.2794
-89.2794
-89.2794
-89.2794
-89.2794
-89.2794
-89.2794
-89.2794
-96.1178
-96.1178
-96.1178
-96.1178
-96.1178
-96.1178
-96.1178
-96.1178
-96.1178
-101.075
-101.075
-101.075
-101.075
-101.075
-101.075
-101.075
-101.075
-101.075
-101.075
-104.055
-104.055
-104.055
-104.055
-104.055
-104.055
-104.055
-104.055
-104.055
-104.055
-104.998
-104.998
-104.998
-104.998
-104.998
-104.998
-104.998
-104.998
-104.998
-103.887
-103.887
-103.887
-103.887
-103.887
-103.887
-103.887
-103.887
-103.887
-100.743
-100.743
-100.743
-100.743
-100.743
-100.743
-100.743
-100.743
-100.743
-95.6277
-95.6277
-95.6277
-95.6277
-95.6277
-95.6277
-95.6277
-95.6277
-95.6277
-88.641
-88.641
-88.641
-88.641
-88.641
-88.641
-88.641
-88.641
-88.641
-79.9199
-79.9199
-79.9199
-79.9199
-79.9199
-79.9199
-79.9199
-79.9199
-79.9199
-69.6347
-69.6347
-69.6347
-69.6347
-69.6347
-69.6347
-69.6347
-69.6347
-69.6347
-57.987
-57.987
-57.987
-57.987
-57.987
-57.987
-57.987
-57.987
-57.987
-45.2047
-45.2047
-45.2047
-45.2047
-45.2047
-45.2047
-45.2047
-45.2047
-45.2047
-31.5376
-31.5376
-31.5376
-31.5376
-31.5376
-31.5376
-31.5376
-31.5376
-31.5376
-17.2536
-17.2536
-17.2536
-17.2536
-17.2536
-17.2536
-17.2536
-17.2536
-17.2536
-2.63182
-2.63182
-2.63182
-2.63182
-2.63182
-2.63182
-2.63182
-2.63182
-2.63182
12.0415
12.0415
12.0415
12.0415
12.0415
12.0415
12.0415
12.0415
12.0415
26.479
26.479
26.479
26.479
26.479
26.479
26.479
26.479
26.479
40.3985
40.3985
40.3985
40.3985
40.3985
40.3985
40.3985
40.3985
40.3985
53.5273
53.5273
53.5273
53.5273
53.5273
53.5273
53.5273
53.5273
53.5273
65.6089
65.6089
65.6089
65.6089
65.6089
65.6089
65.6089
65.6089
65.6089
65.6089
76.4066
76.4066
76.4066
76.4066
76.4066
76.4066
76.4066
76.4066
76.4066
85.7091
85.7091
85.7091
85.7091
85.7091
85.7091
85.7091
85.7091
85.7091
93.3344
93.3344
93.3344
93.3344
93.3344
93.3344
93.3344
93.3344
93.3344
99.1334
99.1334
99.1334
99.1334
99.1334
99.1334
99.1334
99.1334
99.1334
102.993
102.993
102.993
102.993
102.993
102.993
102.993
102.993
102.993
104.836
104.836
104.836
104.836
104.836
104.836
104.836
104.836
104.836
104.629
104.629
104.629
104.629
104.629
104.629
104.629
104.629
104.629
102.373
102.373
102.373
102.373
102.373
102.373
102.373
102.373
102.373
98.1151
98.1151
98.1151
98.1151
98.1151
98.1151
98.1151
98.1151
98.1151
98.1151
91.9368
91.9368
91.9368
91.9368
91.9368
91.9368
91.9368
91.9368
91.9368
83.9595
83.9595
83.9595
83.9595
83.9595
83.9595
83.9595
83.9595
83.9595
74.3391
74.3391
74.3391
74.3391
74.3391
74.3391
74.3391
74.3391
63.2642
63.2642
63.2642
63.2642
63.2642
63.2642
63.2642
63.2642
63.2642
50.9514
50.9514
50.9514
50.9514
50.9514
50.9514
50.9514
50.9514
50.9514
50.9514
37.6416
37.6416
37.6416
37.6416
37.6416
37.6416
37.6416
37.6416
23.5948
23.5948
23.5948
23.5948
23.5948
23.5948
23.5948
23.5948
23.5948
23.5948
9.08675
9.08675
9.08675
9.08675
9.08675
9.08675
9.08675
9.08675
9.08675
-5.59915
-5.59915
-5.59915
-5.59915
-5.59915
-5.59915
-5.59915
-5.59915
-5.59915
-5.59915
-20.1759
-20.1759
-20.1759
-20.1759
-20.1759
-20.1759
-20.1759
-20.1759
-20.1759
-34.3574
-34.3574
-34.3574
-34.3574
-34.3574
-34.3574
-34.3574
-34.3574
-34.3574
0
0
0
0
0
0
0
0
0
0
0
0
0
0
0
0
0
0
0
0
0
0
0
0
0
0
0
0
0
0
0
0
0
0
0
0
0
0
0
0
0
0
0
0
0
0
0
0
0
0
0
0
0
0
0
0
0
0
0
0
0
0
0
0
0
0
0
0
0
0
0
0
0
0
0
0
0
0
0
0
0
0
0
0
0
0
0
0
0
0
0
0
0
0
0
0
0
0
0
0
0
0
0
0
0
0
0
0
0
0
0
0
0
0
0
0
0
0
0
0
0
0
0
0
0
0
0
0
0
0
0
0
0
0
0
0
0
0
0
0
0
0
0
0
0
0
0
0
0
0
0
0
0
0
0
0
0
0
0
0
0
0
0
0
0
0
0
0
0
0
0
0
0
0
0
0
0
0
0
0
0
0
0
0
0
0
0
0
0
0
0
0
0
0
0
0
0
0
0
0
0
0
0
0
0
0
0
0
0
0
0
0
0
0
0
0
0
0
0
0
0
0
0
0
0
0
0
0
0
0
0
0
0
0
0
0
0
0
0
0
0
0
0
0
0
0
0
0
0
0
0
0
0
0
0
0
0
0
0
0
0
0
0
0
0
0
0
0
0
0
0
0
0
0
0
0
0
0
0
0
0
0
0
0
0
0
0
0
0
0
0
0
0
0
0
0
0
0
0
0
0
0
0
0
0
0
0
0
0
0
0
0
0
0
0
0
0
0
0
0
0
0
0
0
0
0
0
0
0
0
0
0
0
0
0
0
0
0
0
0
0
0
0
0
0
0
0
0
0
0
0
0
0
0
0
0
0
0
0
0
0
0
0
0
0
0
0
0
0
0
0
0
0
0
0
0
0
0
0
0
0
0
0
0
0
0
0
0
0
0
0
0
0
0
0
0
0
0
0
0
0
0
0
0
0
0
0
0
0
0
0
0
0
0
0
0
0
0
0
0
0
0
0
0
0
0
0
0
0
0
0
0
0
0
0
0
0
0
0
0
0
0
0
0
0
0
0
0
0
0
0
0
0
0
0
0
0
0
0
0
0
0
0
0
0
0
0
0
0
0
0
0
0
0
0
0
0
0
0
0
0
0
0
0
0
0
0
0
0
0
0
0
0
0
0
0
0
0
0
0
0
0
0
0
0
0
0
0
0
0
0
0
0
0
0
0
0
0
0
0
0
0
0
0
0
0
0
0
0
0
0
0
0
0
0
0
0
0
0
0
0
0
0
0
0
0
0
0
0
0
0
0
0
0
0
0
0
0
0
0
0
0
0
0
0
0
0
0
0
0
0
0
0
0
0
0
0
0
0
0
0
0
0
0
0
0
0
0
0
0
0
0
0
0
0
0
0
0
0
0
0
0
0
0
0
0
0
0
0
0
0
0
0
0
0
0
0
0
0
0
0
0
0
0
0
0
0
0
0
0
0
0
0
0
0
0
0
0
0
0
0
0
0
0
0
0
0
0
0
0
0
0
0
0
0
0
0
0
0
0
0
0
0
0
0
0
0
0
0
0
0
0
0
0
0
0
0
0
0
0
0
0
0
0
0
0
0
0
0
0
0
0
0
0
0
0
0
0
0
0
0
0
0
0
0
0
0
0
0
0
0
0
0
0
0
0
0
0
0
0
0
0
0
0
0
0
0
0
0
0
0
0
0
0
0
0
0
0
0
0
0
0
0
0
0
0
0
0
0
0
0
0
0
0
0
0
0
0
0
0
0
0
0
0
0
0
0
0
0
0
0
0
0
0
0
0
0
0
0
0
0
0
0
0
0
0
0
0
0
0
0
0
0
0
0
0
0
0
0
0
0
0
0
0
0
