0.013434
0.05579
0.223585
0.436563
0.651334
0.875396
1.08688
1.26842
1.32185
1.36222
1.40261
1.44595
1.47113
1.49358
1.54198
1.57582
1.59624
1.63293
1.67502
1.69539
1.72382
1.76721
1.79513
1.81553
1.86297
1.89743
1.91776
1.95385
1.99536
2.01745
2.04489
2.08806
2.11764
2.13807
2.18438
2.22189
2.24231
2.2754
2.31843
2.34062
2.3666
2.41073
2.44468
2.46573
2.50615
2.54326
2.56372
2.59724
2.63962
2.662
2.69637
2.73743
2.76624
2.78742
2.82793
2.86706
2.88748
2.91905
2.9677
2.99369
3.01819
3.05865
3.0976
3.11816
3.15238
3.19669
3.22045
3.24902
3.29081
3.32038
3.34084
3.38055
3.41981
3.44029
3.47964
3.52091
3.54352
3.57075
3.61357
3.64297
3.66343
3.70232
3.74663
3.7671
3.80141
3.84324
3.86638
3.89229
3.93524
3.96664
3.98698
4.0316
4.07106
4.09146
4.12245
4.16452
4.19005
4.21325
4.25365
4.28945
4.30976
4.35238
4.39237
4.41268
4.44309
4.48494
4.51304
4.53391
4.57435
4.61413
4.63453
4.67324
4.71417
4.73909
4.7644
4.80485
4.83985
4.86035
4.89592
4.93785
4.96218
4.99473
5.03504
5.07008
5.09049
5.12597
5.17085
5.19312
5.21969
5.264
5.29602
5.31643
5.3561
5.39709
5.41772
5.44737
5.49081
5.51873
5.5392
5.58651
5.62286
5.6432
5.67738
5.71946
5.74147
5.76824
5.81121
5.84147
5.86195
5.90763
5.94657
5.96695
5.9985
6.04018
6.06986
6.09026
6.12968
6.17114
6.19151
6.22856
6.26937
6.29644
6.31942
6.35979
6.39787
6.41828
6.45071
6.494
6.51658
6.5495
6.59
6.6208
6.64128
6.68109
6.72221
6.74256
6.77189
6.81549
6.84399
6.87082
6.91118
6.94973
6.97009
7.00209
7.04452
7.07045
7.09298
7.13332
7.17143
7.19577
7.23214
7.27314
7.29504
7.32294
7.36531
7.39543
7.41581
7.45403
7.49568
7.52008
7.55289
7.59457
7.62235
7.64452
7.68499
7.72396
7.74444
7.77606
7.81991
7.84389
7.87353
7.91401
7.9454
7.96578
8.00454
8.04451
8.06482
8.09541
8.13885
8.16492
8.19442
8.23475
8.2696
8.28994
8.32553
8.36785
8.3921
8.41643
8.45677
8.49351
8.51385
8.55568
8.59668
8.6173
8.64675
8.68933
8.71741
8.73777
8.77794
8.81606
8.84039
8.87686
8.91822
8.94043
8.96779
9.01056
9.04494
9.06663
9.10717
9.14641
9.16677
9.19808
9.2411
9.26688
9.28914
9.33762
9.37052
9.39089
9.42866
9.47029
9.49235
9.51941
9.56262
9.5936
9.61397
9.6589
9.69881
9.71938
9.75027
9.79273
9.81976
9.84149
9.88215
9.91918
9.93971
9.9797
10.02
10.0403
10.0705
10.1128
10.139
10.1614
10.2017
10.2411
10.2615
10.3007
10.3417
10.3648
10.3916
10.4339
10.4639
10.4843
10.5228
10.564
10.5843
10.6215
10.6624
10.6876
10.7124
10.7528
10.7895
10.8099
10.8437
10.8874
10.9103
10.9426
10.9837
11.0138
11.0342
11.0738
11.1136
11.134
11.1646
11.2084
11.2334
11.2635
11.3038
11.3387
11.359
11.3946
11.4361
11.4582
11.4855
11.5291
11.5579
11.5844
11.6248
11.6617
11.682
11.7156
11.7581
11.7811
11.8064
11.8496
11.8812
11.9057
11.9459
11.9856
12.0059
12.0368
12.0792
12.1062
12.1276
12.1711
12.2109
12.2314
12.2668
12.3077
12.3312
12.3576
12.3996
12.4309
12.4514
12.4892
12.5314
12.552
12.5877
12.6286
12.6558
12.6787
12.7192
12.7572
12.7777
12.8104
12.8589
12.8815
12.9093
12.9507
12.9823
13.0027
13.0405
13.0812
13.1016
13.1314
13.1797
13.206
13.2303
13.2706
13.3057
13.3261
13.3613
13.4037
13.4261
13.4524
13.5012
13.5294
13.5516
13.592
13.6293
13.6497
13.6831
13.7258
13.7518
13.7821
13.8238
13.8522
13.8732
13.9137
13.9509
13.9714
14.0128
14.0532
14.0756
14.104
14.1464
14.1772
14.1979
14.2385
14.2796
14.3001
14.3349
14.3768
14.4006
14.4261
14.4694
14.501
14.5254
14.5657
14.6043
14.6247
14.6567
14.6996
14.7257
14.7479
14.7964
14.8303
14.8508
14.8875
14.9286
14.9507
14.9785
15.0223
15.05
15.0777
15.1181
15.1547
15.1751
15.2094
15.2526
15.2758
15.3005
15.349
15.3818
15.4023
15.4403
15.4825
15.5028
15.5312
15.5751
15.6032
15.6301
15.6704
15.7088
15.7292
15.7613
15.8038
15.8292
15.8521
15.8925
15.9302
15.9546
15.9914
16.033
16.0554
16.0826
16.1253
16.1566
16.1803
16.2223
16.2593
16.2797
16.3133
16.3556
16.3807
16.4045
16.445
16.4802
16.5007
16.5437
16.5843
16.6048
16.635
16.6777
16.7041
16.7257
16.7663
16.8097
16.8301
16.8655
16.9074
16.9307
16.9643
17.0055
17.0361
17.0566
17.0959
17.1382
17.1586
17.1869
17.2353
17.2651
17.2861
17.3265
17.3667
17.3872
17.4177
17.4617
17.4924
17.5169
17.5574
17.5943
17.6148
17.6486
17.6916
17.7156
17.7399
17.7885
17.8215
17.8419
17.881
17.9229
17.9433
17.9721
18.0159
18.0455
18.069
18.1094
18.1464
18.1667
18.2002
18.2426
18.2673
18.2911
18.3315
18.3691
18.3935
18.4304
18.4714
18.4958
18.5213
18.5617
18.598
18.6183
18.6526
18.6967
18.7249
18.7515
18.7918
18.8254
18.8458
18.8828
18.9257
18.9461
18.9736
19.0179
19.0496
19.0724
19.1127
19.1522
19.1725
19.2035
19.2462
19.2758
19.2962
19.3346
19.3815
19.4019
19.4333
19.4745
19.5049
19.5253
19.5643
19.6061
19.6264
19.6552
19.7036
19.7319
19.754
19.7943
19.8352
19.8556
19.8852
19.9284
19.9587
19.9791
20.0243
20.0647
20.0863
20.1151
20.1572
20.1888
20.2095
20.249
20.2902
20.3126
20.3463
20.3879
20.412
20.4374
20.4804
20.512
20.5325
20.5771
20.6158
20.6362
20.6682
20.7105
20.7367
20.7594
20.7998
20.8372
20.8616
20.8987
20.9404
20.9662
20.99
21.0305
21.0688
21.0891
21.1295
21.1702
21.1933
21.2207
21.2628
21.2932
21.3136
21.3518
21.392
21.4124
21.4506
21.4911
21.5156
21.5413
21.5817
21.6155
21.6358
21.6724
21.7143
21.7366
21.7633
21.8119
21.8422
21.8626
21.9024
21.941
21.9613
21.9932
22.0365
22.062
22.084
22.1324
22.1652
22.1856
22.2233
22.2656
22.2887
22.3141
22.3575
22.3945
22.415
22.4533
22.4944
22.5195
22.5442
22.5846
22.623
22.6434
22.6758
22.7197
22.7457
22.7742
22.8147
22.8506
22.871
22.9057
22.9475
22.9697
22.9965
23.0404
23.0706
23.0956
23.1361
23.1754
23.1958
23.2271
23.2699
23.2978
23.3182
23.3584
23.4028
23.4232
23.4573
23.4988
23.5246
23.5482
23.5886
23.6267
23.6472
23.6797
23.7281
23.7503
23.7788
23.8209
23.8519
23.8724
23.9104
23.9526
23.977
24.0095
24.0513
24.0789
24.1006
24.1411
24.1805
24.201
24.2403
24.2817
24.3064
24.3315
24.372
24.407
24.4275
24.4712
24.511
24.5315
24.5626
24.6049
24.632
24.6542
24.6948
24.7333
24.7566
24.7929
24.835
24.8581
24.8844
24.9338
24.9639
24.9843
25.0241
25.0649
25.0853
25.1149
25.1592
25.1901
25.2139
25.2544
25.2892
25.3095
25.3452
25.387
25.4094
25.4362
25.4851
25.5136
25.5353
25.5758
25.6148
25.6352
25.6668
25.7104
25.7367
25.7659
25.8064
25.8419
25.8622
25.8973
25.9399
25.9632
25.9883
26.0323
26.0678
26.0881
26.1278
26.1682
26.1887
26.2189
26.2623
26.2898
26.3102
26.3588
26.3979
26.4186
26.4504
26.493
26.5196
26.5419
26.5826
26.6203
26.6428
26.68
26.7205
26.7424
26.7711
26.8137
