0
0
0
0
0
0
0
0
0
0
0
0
0
0
0
0
0
0
0
0
0
0
-1.96701e-05
-1.96701e-05
-1.96701e-05
-1.96701e-05
-1.96701e-05
-1.96701e-05
-1.96701e-05
-1.96701e-05
-1.96701e-05
-1.96701e-05
-1.96701e-05
-1.96701e-05
-1.96701e-05
-1.96701e-05
-1.96701e-05
-1.96701e-05
-1.96701e-05
-1.96701e-05
-1.96701e-05
-1.96701e-05
-1.96701e-05
-1.96701e-05
-1.96701e-05
-1.96701e-05
-1.96701e-05
-1.96701e-05
-1.96701e-05
-1.96701e-05
-1.96701e-05
-1.96701e-05
-1.96701e-05
-1.96701e-05
-1.96701e-05
-1.96701e-05
-1.96701e-05
-1.96701e-05
-1.96701e-05
-1.96701e-05
-1.96701e-05
-1.96701e-05
-1.96701e-05
-1.96701e-05
-1.96701e-05
-1.96701e-05
-1.96701e-05
-1.96701e-05
-1.96701e-05
-1.96701e-05
